33
3 1 -3 3 1 3 -5 -7 -3 5 11 11 7 3 7 5 -1 -1 7 3 11 -1 -1 5 7 5 7 9 7 9 1 1
7 3 1 3 9 1 -5 -5 3 5 5 5 5 9 3 1 1 5 1 5 5 1 3 5 3 5 7 5 3 -5 3
5 3 1 3 3 -3 1 1 3 3 7 7 7 5 7 3 7 7 3 7 3 1 7 1 3 5 3 1 -7 -3
3 1 7 7 1 -3 1 -1 -5 3 3 3 5 3 -1 3 3 -1 7 3 -7 3 1 -1 1 -1 1 -3 1
-5 1 1 -1 -5 3 5 1 5 1 5 3 5 1 5 1 5 1 1 3 9 11 5 7 5 7 3 3
3 7 5 1 1 -1 -1 -1 3 3 5 -1 -1 3 3 -1 7 3 -3 -1 -3 -1 1 -1 1 -7 -3
1 -5 -5 3 5 1 5 5 9 3 -3 1 5 1 5 5 1 -1 5 3 5 7 5 3 -1 7
7 -1 -1 -3 -7 1 1 1 3 5 -3 1 5 -3 9 5 -9 1 -1 -3 -1 -3 -1 -5 -5
1 1 -9 -9 -5 -1 -5 1 -1 -5 -5 -1 -9 3 3 -3 -5 -3 -5 -7 -5 -3 -3 -3
-3 -5 -1 -5 -1 -5 -3 3 3 -1 -1 -5 -1 -5 1 -1 -7 -1 -3 -1 -3 -3 -3
3 3 3 7 7 9 -1 -5 3 -1 3 -1 -5 5 3 5 7 5 7 9 1 1
9 9 5 9 3 1 1 9 5 13 1 1 3 9 7 9 11 9 7 3 3
5 1 5 3 1 1 5 1 9 -3 -3 7 5 3 5 7 5 7 -1 -1
5 9 3 1 -3 5 9 9 5 5 -1 9 3 5 7 5 3 -1 -1
9 7 1 1 9 5 5 5 1 3 5 3 9 7 9 3 -1 3
7 1 1 9 5 9 5 1 3 9 7 9 11 9 7 -1 3
3 -1 7 3 3 3 -1 1 3 5 3 5 3 9 -3 -3
5 5 1 1 1 -3 -1 5 3 1 3 1 3 -1 -5
5 -3 1 -3 -3 3 1 3 1 3 1 -1 3 3
5 9 5 1 3 9 7 9 11 9 7 -1 3
5 9 9 -5 5 -1 1 3 1 -1 -5 -5
1 1 3 9 7 9 11 9 7 3 3
9 -5 5 -1 1 3 1 -1 -9 -1
-5 1 -1 -3 -1 -3 -5 -5 -1
3 5 7 5 7 5 1 5
7 9 11 9 7 -1 3
7 9 7 9 5 5
11 13 7 3 7
11 9 1 5
7 3 7
1 1
5
