36
-2 -2 -10 -4 -4 -8 0 12 -6 -6 -12 -9 -4 -6 -9 -6 -2 -12 -4 6 -4 -8 -2 -6 -2 -10 -6 -8 -8 -8 -8 -9 -8 -8 -10
10 -10 -12 -10 -10 2 -2 -10 -6 -8 -9 -2 -10 -9 -10 10 -8 -10 4 -6 -10 -10 -4 -4 -12 -8 -12 -10 -10 -10 -11 -8 -8 -8
-14 -12 -10 -12 6 -2 -6 -6 -12 -11 -6 -12 -11 -12 14 -12 -8 0 -6 -12 -8 -8 -8 -12 -6 -12 -12 -8 -12 -11 -12 -10 -8
-3 -5 -1 -12 -10 -5 -1 13 -4 -4 1 -6 -7 -14 11 -1 -6 -7 -3 -5 -5 -5 -7 -5 -3 -1 -3 -3 -6 11 -1 7
-3 5 -10 -6 5 3 -5 -8 -6 7 -8 7 -12 -3 -3 -4 3 1 5 3 -7 -7 5 5 5 5 7 -8 -1 5 -1
-3 -8 -4 -1 -3 -7 0 -11 -1 0 -1 -10 -7 9 -8 1 3 3 -1 -9 -1 -1 -1 -3 -3 -3 0 -5 -3 -9
-12 -8 5 3 -1 -2 -6 13 -2 9 -12 -3 -7 -6 3 3 3 5 -5 -3 3 11 13 11 13 -4 -1 13 -3
0 -6 -6 -10 -11 -6 -12 -11 -8 6 -8 -6 0 -2 -12 -8 -6 -6 -12 -6 -12 -12 -8 -10 -11 -10 -10 -4
-6 -6 -12 -9 -4 -6 -9 -6 -2 -12 -4 6 -4 -6 -2 -6 -2 -8 -4 -8 -8 -8 -8 -7 -8 -8 -10
9 -5 -8 -4 3 -8 3 -6 -5 1 -6 5 5 9 3 -3 -7 11 3 3 5 5 -8 -1 3 -1
1 -8 2 3 -8 1 -6 1 1 -4 3 3 5 5 -1 -9 11 1 3 3 3 -10 3 5 1
-4 -2 -1 -6 -7 -12 13 -3 -8 -5 -3 -7 -3 -5 -7 -3 -3 -1 -1 -3 -6 9 1 9
-7 -2 12 -4 -11 -6 -4 -9 -6 -4 -6 -2 -8 12 -8 -4 -2 -4 -4 12 -8 -2 -10
-6 -5 -6 -6 -2 -6 0 -2 -6 -6 2 10 -10 -2 -8 -6 -6 -6 -9 -2 -4 -2
-2 7 -12 -3 -5 -4 3 3 5 5 -7 -3 3 11 13 11 11 -4 1 13 -3
-4 -11 -8 -4 -9 -6 -4 -6 -2 -6 10 -8 -4 -2 -4 -4 10 -10 -2 -12
-12 -5 -5 -4 7 1 1 7 -3 -5 1 5 7 5 11 -6 -5 7 -5
-12 -8 0 -6 -12 -8 -8 -8 -12 -6 -12 -12 -8 -12 -11 -12 -10 -8
-3 -6 -3 -3 -7 -1 -5 -9 -3 -5 -3 -3 -1 -8 9 -1 11
-8 -1 -1 3 -5 -5 -5 -1 -7 -7 -5 -7 -4 -1 -7 -3
-3 -6 -4 0 0 -12 -6 -8 -6 -8 -4 -11 -4 -6 -6
5 5 11 -3 -5 5 3 3 7 5 -6 -5 5 1
5 5 -7 -1 7 5 5 3 3 -2 -3 3 -5
3 -7 -5 7 3 3 5 3 -6 -1 3 -3
-3 -3 5 3 5 5 7 -4 -3 7 -1
-11 -5 -9 -7 -9 -5 -10 -3 -7 -5
-5 -3 -3 -3 -5 14 -11 -3 -11
3 3 5 3 -6 -1 5 -1
13 11 9 -4 -3 11 -3
11 11 -4 -1 13 -3
9 -4 -3 13 1
-6 -1 11 -1
-10 -4 -10
-1 9
-1
