137
11 7 3 15 9 3 7 13 -11 9 13 13 5 11 9 11 3 15 9 11 11 13 15 9 11 7 5 13 17 17 11 15 9 11 11 9 9 7 13 11 15 9 9 5 9 13 13 7 9 13 15 9 11 5 3 11 11 11 13 7 7 13 11 7 19 13 9 13 7 5 11 9 11 3 7 9 9 11 15 7 7 5 15 11 11 7 1 9 15 3 9 13 7 11 13 7 9 15 9 13 9 9 9 7 11 -11 11 9 9 9 9 11 9 11 9 3 9 7 13 9 13 9 5 13 3 13 11 13 1 7 7 9 13 9 3 5
9 17 13 11 9 13 23 -21 7 15 15 11 17 15 5 9 13 7 21 13 15 13 15 17 5 -5 11 15 19 13 13 7 13 13 7 15 9 15 13 13 11 7 15 15 11 11 17 7 7 17 15 13 11 1 13 17 13 15 17 9 11 9 5 13 11 15 15 9 3 13 11 17 -3 9 15 15 25 13 13 17 15 13 13 9 13 -5 15 9 9 15 11 5 17 15 13 15 17 11 15 11 7 7 17 13 -21 13 15 3 15 7 9 11 13 11 13 11 13 11 15 19 7 15 7 13 11 17 19 3 1 9 19 11 15 9 7
5 5 -1 21 1 11 -9 -1 3 3 3 13 7 5 9 5 7 13 5 7 5 7 9 13 -5 7 7 11 5 5 3 13 13 7 3 1 7 1 5 11 -1 11 3 15 11 5 11 11 9 3 5 -1 -3 5 9 5 15 9 1 3 -3 5 9 3 -1 11 5 -5 13 3 9 -3 -3 -1 15 9 13 5 13 3 9 1 5 1 -1 7 5 13 -1 7 1 1 11 9 11 5 7 7 7 15 3 1 5 -9 13 7 3 15 -5 5 7 13 -1 1 3 5 11 11 11 -1 11 7 13 7 1 11 3 5 5 15 7 11 5 -1
5 7 5 9 15 -17 -1 7 11 11 17 11 9 1 5 3 13 9 7 5 11 13 5 -5 7 7 11 9 9 7 13 5 3 11 5 11 9 5 3 -1 11 7 3 7 17 7 3 9 7 5 11 9 9 13 13 7 13 1 7 9 1 5 7 7 7 1 -1 5 3 13 -3 9 11 7 17 5 9 17 11 9 5 1 9 -9 15 5 5 7 7 -3 9 7 9 11 9 7 15 7 11 7 13 9 -17 13 11 -1 7 3 5 7 9 11 9 3 17 3 11 15 3 11 7 9 7 9 15 -1 -3 1 11 7 11 5 3
11 5 9 11 -13 19 15 19 15 9 11 9 13 17 11 13 13 15 17 7 13 5 7 3 19 11 13 17 15 9 9 7 15 13 15 21 17 15 7 7 11 11 15 9 7 11 13 15 13 7 1 9 13 5 15 5 17 11 9 9 21 15 15 11 17 7 5 15 9 5 13 19 11 13 17 13 5 11 13 13 5 13 3 15 17 5 19 19 9 17 19 5 7 17 7 7 15 3 11 13 5 -13 9 7 15 11 11 9 7 5 15 13 15 9 15 11 11 11 7 15 1 7 17 11 3 9 5 7 11 11 5 11
-1 3 9 -7 5 13 13 13 3 5 -1 7 15 -3 11 15 5 7 13 3 3 5 13 13 9 11 7 13 -1 11 13 9 15 13 15 7 5 5 5 9 5 13 7 1 5 7 5 3 9 7 15 7 7 9 11 15 13 15 -1 7 9 13 5 11 13 3 13 3 -1 11 13 9 11 7 15 7 5 11 11 15 3 -3 5 11 3 13 5 3 11 5 3 5 15 9 9 9 1 13 7 15 -7 3 1 13 9 9 -1 9 3 13 19 9 3 5 9 9 9 1 9 7 9 15 5 5 3 3 9 13 9 -1 1
1 11 -9 -1 7 3 7 9 11 1 13 5 7 13 5 7 5 7 13 9 -5 7 7 11 5 5 3 9 9 7 3 1 3 5 5 11 -1 15 3 11 7 9 7 7 5 7 9 3 1 5 9 5 11 9 5 3 -3 5 9 3 3 15 9 -1 13 7 9 -3 1 3 11 9 13 5 13 7 5 5 5 5 -1 7 5 13 3 7 5 5 11 9 11 5 7 3 7 11 7 5 5 -9 9 11 3 15 -1 1 3 13 -1 5 7 9 11 7 11 -1 11 7 13 3 5 11 7 1 5 15 3 15 9 3
11 -17 7 7 7 7 9 11 13 1 9 3 13 9 11 9 11 13 5 3 3 11 11 13 9 7 5 5 3 7 -3 7 9 9 11 15 7 15 3 3 9 11 3 9 15 13 11 1 5 5 9 7 9 9 11 9 5 9 7 11 7 9 3 5 7 9 5 9 11 3 13 5 13 9 15 5 9 1 17 -1 7 5 1 7 7 9 13 7 9 11 13 15 7 3 3 7 13 1 -17 9 3 -1 7 15 13 7 9 7 5 15 9 7 7 11 3 11 7 1 7 9 15 -5 9 9 7 7 7 9 19
-19 5 17 13 9 19 17 7 7 15 9 19 11 17 15 13 19 3 -3 13 17 21 11 15 5 11 15 9 13 7 13 11 15 9 9 17 13 13 13 19 9 9 19 13 15 13 3 15 19 15 17 15 7 13 7 7 15 13 13 17 7 5 15 9 15 -1 11 13 17 23 15 11 19 13 15 15 11 11 -3 13 11 11 13 13 7 15 17 15 13 15 13 17 13 9 9 15 15 -19 15 17 5 17 5 11 13 15 9 11 9 15 13 13 21 9 13 9 15 13 15 21 5 3 11 21 9 17 11 5
-7 -11 -11 -15 -17 -15 -9 -9 -13 -11 -21 -13 -11 -9 -19 -21 -9 1 -11 -15 -19 -13 -13 -11 -13 -9 -7 -15 -5 -11 -13 -9 -11 -7 -15 -15 -11 -11 -17 -11 -7 -13 -15 -13 -11 -1 -13 -13 -17 -15 -17 -9 -11 -13 -9 -13 -7 -11 -15 -9 -3 -13 -11 -17 3 -9 -15 -11 -21 -13 -13 -17 -19 -13 -9 -5 -17 1 -15 -9 -9 -11 -15 -5 -13 -15 -17 -19 -17 -15 -15 -11 -11 -11 -17 -9 25 -17 -11 -3 -15 -11 -13 -7 -17 -11 -9 -11 -13 -11 -15 -19 -3 -19 -11 -9 -11 -13 -23 -3 -5 -9 -15 -11 -15 -13 -11
9 13 9 3 9 7 7 11 13 7 7 13 15 1 7 -1 9 -3 13 5 11 11 9 3 3 5 9 11 9 15 11 13 5 1 5 5 9 3 5 9 7 9 7 1 -1 3 7 -1 9 -1 15 5 7 7 15 13 9 5 11 9 3 9 3 7 11 13 5 7 11 11 -1 5 7 7 3 11 5 9 11 3 17 13 7 15 13 3 1 11 1 1 9 -3 5 7 3 -7 3 1 13 5 5 11 5 -1 9 7 13 3 9 5 5 5 5 9 -1 1 11 5 5 11 7 1 5 5 3 9
17 9 11 13 7 7 19 9 11 15 17 19 9 15 3 5 9 17 13 11 19 13 3 15 5 17 7 17 15 19 9 13 13 13 5 9 15 5 9 15 13 15 17 11 11 15 7 9 7 15 17 11 11 19 17 21 13 11 13 7 13 7 3 15 17 9 15 15 7 11 13 15 23 15 11 1 9 19 3 17 13 15 19 13 11 5 19 13 9 13 1 17 15 11 -11 7 13 13 9 13 7 9 7 17 15 13 15 17 5 13 17 5 13 7 9 15 13 1 3 11 13 5 13 7 9
13 11 13 7 7 11 9 11 15 17 19 5 11 3 5 5 13 9 15 19 17 7 11 5 17 15 17 19 19 13 5 9 9 5 13 15 5 13 15 13 11 13 7 7 19 7 9 7 11 13 11 7 19 21 17 9 11 5 3 9 7 7 15 17 9 15 15 11 7 9 15 15 7 11 -3 17 19 3 17 13 7 19 13 3 5 15 5 13 13 1 13 15 11 -11 11 9 13 5 9 7 13 3 21 15 13 11 13 13 13 17 5 17 7 9 15 9 1 3 3 9 13 13 3 9
7 13 3 15 11 9 15 11 5 7 13 15 3 9 9 13 9 11 11 17 3 3 13 13 15 5 19 7 9 1 13 5 5 17 15 9 5 7 13 7 9 3 15 11 11 13 11 15 9 11 7 11 9 9 9 15 9 7 9 7 3 15 17 9 11 15 15 11 13 11 7 3 15 5 13 11 7 13 17 3 11 13 7 13 11 9 9 17 5 17 15 11 -15 11 5 13 13 9 7 5 11 13 15 13 7 5 13 13 5 9 17 7 9 11 13 9 7 3 9 13 17 11 9
11 13 1 9 11 13 5 15 13 11 17 9 -1 7 11 15 5 17 7 13 13 3 15 5 15 5 13 7 3 15 7 11 11 17 15 7 17 7 9 11 5 13 17 13 15 13 1 7 5 9 13 11 7 11 1 3 9 3 9 -3 9 11 15 17 13 5 21 11 13 9 5 9 -1 11 9 5 7 15 1 9 15 13 11 9 11 19 15 15 7 13 9 -17 17 11 3 11 3 13 11 13 11 5 3 17 11 11 15 7 11 11 9 15 9 19 -1 5 5 15 7 11 9 3
7 7 11 9 15 11 17 15 9 19 -1 5 13 13 17 15 11 9 7 7 13 9 7 5 15 11 13 9 13 9 9 13 19 9 9 11 13 15 13 7 7 19 15 13 7 11 13 7 7 15 17 9 17 7 5 11 9 11 7 15 9 9 15 15 15 11 13 15 11 3 15 -3 17 15 11 9 13 11 15 17 11 9 11 9 13 9 5 13 11 11 -15 15 13 9 13 5 11 9 11 9 11 13 11 13 13 21 9 9 13 11 5 11 17 9 3 11 13 9 21 11 9
-3 9 7 5 5 11 13 3 9 5 7 -1 11 7 9 13 7 9 5 3 7 -3 11 5 9 7 11 3 7 3 7 5 19 7 13 7 9 7 9 5 5 5 7 1 5 7 5 9 13 11 7 3 5 3 1 -1 5 9 9 7 3 5 9 5 9 7 9 5 1 13 -1 7 9 -3 3 11 9 9 7 5 3 9 11 7 7 11 7 9 1 -9 9 3 3 3 7 17 7 5 7 -3 11 13 7 3 7 3 3 11 -3 11 1 11 -9 13 9 3 7 3 5 11
9 3 13 5 3 5 7 9 1 -1 3 11 7 5 5 7 5 1 7 7 9 3 13 5 11 -1 11 3 11 11 5 3 7 5 11 5 -1 -3 9 5 1 11 9 13 3 1 1 9 3 7 11 17 3 9 11 9 -3 5 11 11 9 13 9 5 7 5 5 5 9 -1 7 5 9 11 11 1 9 11 5 11 9 3 -1 11 3 7 9 5 -9 5 7 7 15 3 1 -1 9 3 9 11 1 3 7 7 -1 7 7 5 3 9 7 7 1 1 11 7 11 9 3
7 13 17 11 13 11 13 5 7 11 23 15 13 13 11 5 13 11 11 5 15 17 13 7 15 7 15 11 15 9 7 11 13 11 13 11 5 13 9 9 15 5 17 19 13 9 17 11 15 11 13 11 9 15 9 1 13 15 11 13 13 13 9 11 17 17 13 9 3 7 17 9 15 15 13 13 15 13 7 21 15 7 11 3 15 9 9 -13 9 7 15 15 11 9 7 9 11 13 11 9 15 7 15 11 7 11 5 7 13 15 3 9 13 11 7 11 5 7
7 7 9 11 5 15 3 5 1 9 9 7 15 9 3 7 5 13 7 5 7 11 5 1 9 1 5 9 11 9 9 11 9 7 5 -1 7 11 7 9 3 3 5 7 19 15 9 5 9 3 5 7 1 3 3 7 9 5 7 15 -1 7 9 11 7 3 11 13 9 11 7 9 17 7 7 13 11 5 7 5 9 13 5 9 11 7 -11 11 5 9 5 5 15 5 7 9 -1 5 7 13 5 9 5 13 13 7 9 3 13 9 11 11 5 5 9 11 9
13 11 9 19 17 9 -1 15 15 19 13 9 11 13 13 11 11 9 11 13 9 15 7 15 15 11 15 13 11 7 13 15 13 7 -3 13 13 13 19 17 13 11 9 5 13 7 11 15 13 3 17 11 17 1 5 11 15 21 17 17 17 15 13 9 9 13 -1 15 9 9 11 11 5 13 15 13 19 17 15 11 11 11 11 13 13 -21 13 11 7 19 7 9 11 17 7 13 15 9 11 19 19 3 15 11 13 11 13 19 7 5 9 19 15 19 13 7
7 9 11 9 9 3 11 15 11 21 9 15 5 13 11 11 5 15 17 9 7 11 3 15 3 11 9 3 11 9 11 9 11 5 5 9 9 7 5 13 19 17 9 13 11 15 7 9 3 5 11 9 1 9 11 3 13 9 13 5 11 17 13 9 9 -1 11 17 9 11 7 13 13 7 9 7 21 11 7 3 -1 15 9 9 -13 9 3 11 7 11 5 7 5 15 13 11 5 15 11 15 11 11 11 9 3 9 11 3 5 13 7 11 11 1 11
23 5 15 3 5 5 13 13 11 19 9 7 15 5 13 7 13 11 19 17 9 13 9 9 9 15 9 9 15 9 15 13 7 7 19 7 13 7 11 9 3 7 19 21 13 13 7 9 7 9 7 7 15 13 13 15 15 11 11 9 11 15 7 11 -3 13 15 3 13 13 11 19 17 7 5 11 9 13 13 5 9 11 7 -11 11 13 9 9 5 11 13 7 13 11 13 15 17 9 13 13 5 13 7 9 15 13 1 7 7 13 5 13 7 9
3 13 1 7 3 15 11 13 21 11 5 13 7 15 9 15 13 21 15 11 11 7 7 11 13 11 11 17 11 13 11 9 9 17 5 11 5 13 11 5 9 21 23 15 11 9 11 5 7 5 9 17 15 11 13 17 9 9 7 13 17 9 13 -1 11 17 1 15 15 13 21 15 5 3 13 7 11 15 3 11 13 9 -9 9 11 11 7 7 13 11 5 15 9 15 13 15 7 11 15 3 15 5 11 13 11 -1 9 9 11 7 11 5 11
15 11 1 17 9 17 7 7 13 7 11 9 13 7 9 7 3 9 5 13 13 9 9 11 9 1 7 9 7 9 3 15 7 15 13 19 11 9 15 7 7 1 9 13 7 9 11 13 11 -5 3 9 9 15 11 11 15 17 11 7 11 11 1 9 7 3 5 9 3 7 9 15 17 15 17 13 9 13 13 11 11 -19 11 5 5 13 13 7 5 15 9 11 9 7 9 13 13 1 13 9 7 13 11 17 5 3 7 13 13 13 11 5
5 3 11 15 19 9 17 11 9 9 7 15 5 7 13 13 11 7 19 11 11 11 21 11 7 13 15 17 15 5 13 17 17 15 13 9 11 9 13 17 11 11 19 9 7 13 11 13 1 13 15 11 17 17 9 17 19 13 13 5 17 3 15 13 9 11 19 9 13 19 17 15 13 15 15 15 11 15 17 9 -21 17 15 7 15 11 13 7 17 11 9 11 17 15 11 19 7 15 15 9 11 13 23 7 5 9 15 7 19 17 11
3 7 3 3 5 5 11 13 13 -1 7 -3 11 1 1 11 -1 3 7 3 3 1 7 3 1 -1 1 3 -3 1 1 1 7 9 5 3 5 5 5 -1 3 3 5 -1 9 7 9 -7 -3 3 7 5 5 5 9 7 5 1 1 1 3 3 5 1 -1 3 1 1 3 9 15 9 11 3 3 11 7 1 -3 -9 5 3 3 7 3 1 3 13 7 5 3 5 11 7 3 -1 7 7 5 3 1 7 -5 5 1 3 3 3 1 3
5 5 -3 3 7 13 -5 3 5 5 7 1 7 3 5 5 1 1 -3 9 3 9 1 3 1 3 9 3 3 3 -1 5 -5 11 5 3 7 7 9 5 -3 7 13 3 1 -5 7 11 5 1 -5 7 7 -1 5 7 3 -1 7 13 1 11 -1 1 9 7 3 5 3 1 3 9 1 9 -3 13 3 3 1 3 -3 13 1 5 7 5 3 9 7 9 -1 5 1 1 5 -7 13 -1 5 -1 1 1 11 3 -3 5 5 7 5
9 17 7 3 9 7 11 13 5 7 5 7 3 5 5 9 9 9 13 11 5 5 7 5 7 9 3 11 11 15 13 11 7 13 11 3 7 5 5 13 3 5 15 9 11 -1 3 1 9 11 11 11 11 9 15 7 11 3 1 9 11 7 1 5 3 3 9 11 13 11 13 13 5 9 13 3 15 -11 11 9 9 13 5 3 9 15 5 11 5 3 9 13 17 5 5 9 11 9 7 13 9 -1 7 13 13 17 7 -3
17 15 15 9 7 11 13 9 7 13 19 15 9 13 9 13 13 17 11 9 13 15 13 15 9 3 15 11 11 17 7 15 17 11 7 19 13 13 13 15 9 11 13 11 3 15 17 13 15 15 15 11 9 15 15 11 11 1 9 15 11 17 17 11 15 17 11 9 19 13 9 13 5 13 11 11 -15 11 9 13 17 9 11 9 11 9 11 13 11 13 9 17 9 9 13 7 9 15 17 5 11 11 13 9 13 7 9
11 11 5 11 11 13 9 7 9 11 11 9 9 13 13 17 13 15 9 9 15 13 15 9 3 15 15 19 17 15 7 13 11 7 15 9 9 21 7 5 15 13 15 -1 7 9 13 19 15 11 15 13 15 11 11 11 -3 13 11 11 9 13 7 11 17 15 13 15 13 17 9 13 9 11 15 -19 15 13 5 17 9 11 9 15 5 7 9 11 13 13 21 5 13 9 11 13 15 21 9 3 11 17 13 17 11 5
9 11 5 9 15 7 5 11 17 9 11 11 3 11 3 11 9 7 11 9 11 9 7 5 5 9 9 7 5 13 15 13 5 13 15 11 7 9 3 5 7 9 5 13 11 3 13 9 17 5 7 13 9 5 13 -5 11 13 9 11 7 13 17 7 5 7 17 7 7 3 -1 11 9 9 -13 9 3 7 7 7 9 7 5 11 9 15 5 11 11 15 7 11 11 9 3 9 11 3 9 13 7 11 11 1 15
15 5 13 3 19 9 15 13 21 11 7 15 7 7 11 17 11 11 17 11 13 15 9 13 17 9 11 9 9 11 9 13 21 19 15 11 9 11 5 7 5 5 17 19 11 13 17 5 13 11 13 17 9 13 3 11 17 1 15 19 9 17 15 9 7 13 11 15 19 7 15 17 9 -13 13 11 11 7 11 13 11 9 19 9 11 17 15 7 11 15 7 19 5 15 13 15 -1 9 5 11 7 11 9 11
3 11 5 17 11 13 15 11 13 5 9 9 1 13 11 9 9 7 9 7 13 7 7 11 7 9 7 15 13 15 11 15 13 13 5 11 9 3 9 3 7 11 13 5 7 15 11 7 13 15 11 7 11 5 13 19 -1 9 13 7 11 9 7 9 15 13 9 13 5 21 11 7 -11 11 1 17 5 13 7 9 7 21 15 13 7 13 13 9 13 5 21 3 9 7 9 1 7 3 5 13 13 7 9
5 -1 7 1 11 5 5 11 -1 3 7 11 7 5 7 7 9 7 5 -1 -3 1 9 5 11 9 1 3 1 1 9 3 3 11 5 -9 13 7 21 -3 -3 3 11 13 9 5 9 7 9 1 -3 5 -5 15 5 5 3 7 -3 5 11 9 15 9 3 7 3 15 -1 5 1 -13 9 15 -1 11 -1 5 3 13 3 1 3 9 7 11 11 -1 7 3 5 3 5 11 -5 -3 1 7 7 7 1 -1
7 11 5 15 5 13 11 7 11 11 7 11 9 7 7 13 3 9 11 1 9 13 5 15 9 9 11 5 9 13 11 11 7 5 7 9 7 5 1 5 7 15 13 13 9 13 7 13 13 13 1 3 7 13 5 7 7 9 9 11 9 7 13 15 11 11 7 11 5 9 -9 9 7 11 11 3 5 15 9 11 13 7 9 19 11 11 11 7 11 13 11 9 11 3 9 9 15 7 11 5 3
1 11 1 11 3 5 5 5 1 9 17 7 9 5 7 5 3 1 3 15 7 11 13 7 11 9 7 3 7 9 1 9 7 9 7 5 3 3 11 5 9 7 11 15 7 1 11 3 7 7 1 5 7 11 5 9 7 7 9 3 5 7 5 9 9 5 9 3 15 -7 7 1 9 13 1 7 5 7 1 7 9 -1 5 9 13 1 5 9 11 9 7 9 13 11 11 9 13 13 3 5
11 17 11 15 9 5 13 9 5 9 15 9 5 15 13 7 13 7 11 15 7 9 11 11 9 11 15 15 13 17 9 7 9 3 9 7 -1 11 17 9 15 15 3 11 17 15 15 7 15 5 13 15 -1 13 17 7 15 13 11 9 15 9 13 17 5 13 19 7 -15 11 9 9 5 13 11 5 7 21 11 9 11 13 9 9 13 9 13 3 13 11 13 -3 3 7 9 9 9 7 9
7 13 9 7 -5 7 -1 7 15 9 3 3 9 7 1 3 1 13 13 5 11 9 9 3 5 1 9 11 7 7 9 11 5 7 1 1 9 11 11 9 13 9 5 3 9 5 5 5 3 11 9 5 11 11 -3 9 11 1 3 5 -1 11 15 3 7 9 17 -5 5 3 11 7 3 1 7 1 11 13 7 1 3 11 7 7 -1 11 9 11 13 3 11 1 -3 7 15 11 5 -1
11 15 9 9 5 13 5 9 7 9 9 15 9 7 9 7 7 11 3 9 7 11 13 11 7 15 13 17 5 7 5 3 9 7 -1 7 13 9 15 11 7 11 9 15 15 11 7 -3 9 15 -1 13 9 7 15 9 7 5 19 9 9 9 5 9 11 7 -11 7 5 9 5 9 7 9 3 17 11 9 11 13 9 9 13 5 9 3 9 11 9 -7 3 7 9 9 5 -1 5
13 11 7 7 11 7 15 13 3 11 9 15 13 11 5 9 13 9 11 5 17 15 13 5 17 15 15 11 17 7 5 15 9 5 17 19 7 13 13 17 5 11 13 13 5 13 -1 15 17 9 19 15 9 17 15 5 7 17 7 7 11 -1 15 13 9 -13 9 7 15 11 11 5 7 5 15 17 15 9 11 11 15 11 7 15 5 3 17 11 7 5 5 7 11 15 5 11
11 11 11 7 7 11 13 7 11 17 15 13 11 5 9 17 5 11 5 9 15 5 9 21 19 15 11 9 7 5 7 5 9 13 15 11 13 17 5 9 7 13 21 9 9 3 11 17 1 15 15 9 17 15 5 3 13 7 11 15 3 11 13 9 -9 9 11 11 7 11 9 11 5 15 9 11 13 15 7 11 19 3 15 5 11 13 11 -1 5 5 11 7 11 5 11
5 9 9 9 9 7 9 9 7 9 11 5 -1 3 11 3 13 11 15 5 3 3 15 13 9 13 15 5 11 13 11 7 7 9 13 11 15 15 7 9 7 7 3 11 -3 13 11 3 9 9 7 15 13 7 13 11 9 5 9 9 9 7 3 -11 7 9 9 13 5 7 9 11 9 11 17 7 13 13 9 5 5 13 7 5 11 9 1 7 3 9 9 13 7 9
1 17 1 5 3 9 5 11 13 15 9 3 3 3 7 5 -1 11 17 7 7 11 9 13 5 7 5 3 5 3 11 7 5 1 7 7 7 3 9 11 15 7 11 1 1 11 -1 5 5 19 11 5 7 1 15 13 1 1 -3 9 7 3 -7 3 1 5 5 13 11 5 3 5 3 13 3 9 5 9 13 1 5 -1 5 3 9 -7 7 15 5 5 5 3 13
5 9 9 19 9 5 11 9 11 13 7 15 15 11 13 15 7 5 3 7 11 9 9 13 7 9 11 5 7 -1 11 13 13 15 15 7 19 13 7 11 11 11 1 9 7 7 9 13 3 11 13 11 13 7 13 13 17 9 13 15 11 -15 15 13 5 13 5 7 9 15 9 11 9 15 9 9 13 5 13 13 11 13 11 17 5 3 3 21 5 17 15 5
5 5 7 5 5 11 13 19 13 -1 3 7 11 9 7 11 13 11 7 11 5 17 9 11 1 7 13 11 3 3 9 5 15 7 11 7 17 11 11 7 11 -3 9 11 3 9 5 15 11 9 11 9 19 17 5 1 1 9 11 3 -15 7 5 5 9 13 7 9 7 9 11 13 7 13 13 13 9 9 5 3 5 11 13 -3 3 11 9 9 9 7 9
13 7 5 13 11 5 7 1 -1 11 11 11 17 11 3 5 3 3 11 5 1 17 7 1 11 13 11 -5 3 5 17 11 11 7 7 5 11 3 7 3 -3 9 7 15 5 13 -1 3 17 11 9 7 5 13 9 13 1 3 7 -11 15 9 5 17 1 7 5 11 1 3 1 3 9 9 13 1 9 5 7 9 11 13 5 3 3 13 9 9 3 -3
11 13 13 15 9 7 5 -1 15 15 11 21 7 11 13 7 7 15 13 5 9 11 5 11 5 7 7 11 9 17 11 19 15 11 5 19 7 7 7 5 13 15 11 9 17 3 7 17 7 9 11 9 13 17 9 13 7 15 -11 15 5 17 17 1 11 13 11 9 11 9 3 9 17 17 9 5 17 11 13 7 13 9 11 7 13 17 17 7 1
7 7 13 11 13 19 9 13 21 17 11 13 5 11 9 9 13 15 11 15 5 7 9 7 9 1 17 15 11 17 13 9 17 15 13 13 5 13 -1 15 13 9 11 15 5 13 15 13 11 9 11 19 15 7 15 17 13 -17 17 15 7 11 7 9 11 13 15 13 7 17 11 11 19 11 11 15 13 11 13 19 7 1 5 15 7 19 13 7
5 15 9 7 5 3 11 7 7 13 7 7 5 3 11 11 9 5 5 7 5 7 -3 3 7 7 5 9 7 15 7 15 9 11 3 3 15 5 5 7 -1 1 13 7 7 9 7 9 7 13 9 13 13 9 11 7 -11 11 1 5 9 5 19 9 11 5 -1 13 7 5 9 9 1 5 13 3 17 -1 13 -3 15 11 9 13 9 11 9
11 5 7 5 3 3 11 7 9 3 3 13 11 7 15 13 5 9 7 -3 7 5 7 7 7 5 9 7 11 7 3 1 15 7 11 3 -3 9 15 11 9 9 3 7 9 7 5 11 5 9 5 5 9 3 7 -7 15 5 13 9 1 11 13 7 9 3 5 3 9 9 13 9 9 13 7 5 3 9 1 7 7 9 9 9 -1 1
15 13 11 1 13 17 9 15 9 5 11 5 13 17 15 15 11 9 3 9 3 9 5 9 11 15 17 17 5 13 11 17 13 9 13 3 11 13 5 11 15 9 13 15 9 7 13 11 15 15 7 7 17 13 -13 13 11 7 11 7 17 15 9 11 5 11 9 11 11 15 11 7 11 9 19 9 15 -1 9 13 15 15 11 9 7
15 9 -1 7 11 7 9 7 11 13 7 11 15 9 17 13 15 1 7 9 11 7 7 13 5 15 15 7 7 17 11 15 3 19 5 13 11 3 13 13 11 15 13 7 9 15 9 5 9 1 9 19 7 -15 7 9 5 9 17 11 5 7 9 7 17 7 9 9 13 9 9 9 3 9 11 13 1 3 11 9 13 13 11 17
15 1 5 13 13 11 5 9 11 5 9 17 11 15 15 13 3 9 11 9 9 9 11 7 13 13 9 9 15 9 13 5 13 -1 11 13 5 11 11 17 13 15 9 7 13 15 7 7 3 11 13 5 -13 9 11 7 11 11 9 11 9 7 9 15 13 15 11 15 11 7 11 5 7 13 15 3 5 9 11 7 15 13 11
11 7 15 11 5 7 7 13 11 11 11 13 17 9 7 9 3 9 3 3 15 13 5 11 7 7 11 17 11 15 7 11 1 9 15 3 9 9 11 11 9 11 5 11 17 13 9 1 17 15 7 -11 11 9 9 5 13 7 13 7 17 15 9 15 13 5 13 13 5 13 7 9 11 13 1 3 7 9 5 13 11 9
5 5 5 -5 1 5 7 9 1 5 11 7 3 -3 11 -7 3 -3 1 13 7 -5 1 1 1 5 3 5 9 9 5 -9 3 9 -3 3 3 5 9 -1 1 -5 5 3 7 3 3 11 5 5 -1 5 3 3 -5 7 1 -1 -3 11 5 3 13 3 -5 3 7 -1 7 -3 3 5 3 -5 -3 1 3 -1 3 -3 3
9 13 15 17 9 7 9 5 9 7 7 11 9 15 9 7 5 -3 13 15 15 13 13 9 17 7 9 9 13 9 3 3 5 5 11 15 1 9 11 9 11 9 11 15 19 11 11 13 17 -13 9 7 7 15 7 9 7 13 7 9 7 9 3 7 11 3 7 11 9 19 13 15 7 9 5 15 11 11 9 3
13 15 9 5 11 5 9 17 19 11 15 5 3 9 7 9 5 13 11 15 17 17 9 13 11 17 13 5 9 -1 19 17 9 11 15 5 13 19 9 7 9 7 19 15 7 11 13 13 -13 17 15 11 11 3 9 15 9 15 13 7 13 15 15 19 15 7 15 13 11 13 15 7 1 5 15 11 19 9 3
11 13 1 11 13 5 9 7 3 15 1 3 9 7 9 1 9 7 7 13 9 9 13 11 13 5 5 9 -5 11 9 9 3 11 5 5 11 13 11 9 11 19 7 11 11 9 13 -17 17 7 3 11 7 9 7 13 7 5 3 9 7 15 19 7 11 11 9 11 9 19 7 1 5 11 11 15 9 3
11 11 9 3 7 15 9 5 13 11 5 15 9 11 3 7 9 21 15 19 15 15 9 15 7 7 7 5 13 11 11 9 17 3 7 21 11 13 11 13 13 17 13 9 7 11 -15 15 9 13 21 1 11 13 15 5 11 9 7 13 17 17 5 9 13 11 13 11 17 9 11 7 17 13 17 11 1
5 3 9 1 5 3 7 15 9 7 13 11 13 -7 5 11 15 17 9 9 17 11 5 5 9 9 -5 7 1 5 7 7 -3 9 7 13 19 9 11 15 11 15 7 13 13 -17 9 11 -1 15 7 5 7 17 7 9 7 9 3 11 11 -1 11 7 13 15 13 15 3 1 1 15 11 11 9 3
11 9 5 13 11 15 7 17 15 5 15 5 5 13 15 7 9 13 17 5 11 9 13 9 13 3 7 13 1 15 11 13 17 11 5 7 17 11 -1 11 -1 15 9 5 -9 1 3 15 11 11 5 3 5 11 17 19 5 11 7 7 7 3 11 1 3 13 7 3 9 9 7 7 11 5 11
15 7 15 13 13 9 7 5 7 9 7 7 11 9 5 11 11 11 7 9 19 19 11 7 1 9 19 7 9 9 11 11 9 11 5 19 13 9 5 1 17 7 11 -11 11 5 13 9 13 7 9 7 13 11 9 7 13 9 17 17 5 13 7 5 7 13 1 3 11 9 9 13 3 9
9 9 7 11 7 5 7 1 11 5 1 9 11 -1 9 5 9 5 11 13 9 13 9 -1 7 13 1 11 7 5 9 3 9 7 17 11 11 3 3 15 9 9 -13 9 -1 11 3 15 9 7 5 15 9 7 5 7 7 11 7 11 11 1 7 9 11 3 5 9 3 11 7 1 7
13 7 11 7 5 3 1 3 1 5 5 7 3 5 13 -3 5 15 13 9 5 13 15 7 13 1 7 15 13 5 11 9 3 9 11 7 11 3 11 13 1 -9 9 3 11 3 11 17 7 5 11 1 7 5 15 3 7 7 11 11 1 11 1 11 3 13 17 3 7 7 9 11
19 15 15 13 7 9 11 9 9 13 15 11 13 21 9 9 11 17 17 9 13 3 15 21 5 15 19 13 17 19 9 7 17 11 11 15 7 15 13 9 -13 13 11 15 11 11 13 11 9 15 9 15 13 19 11 15 15 7 19 5 11 13 15 3 9 9 11 11 15 9 11
13 9 7 9 3 5 3 11 19 13 9 11 15 11 7 5 15 15 7 11 -3 13 19 3 13 13 11 19 13 3 1 11 5 13 13 1 13 11 11 -7 11 9 13 5 5 11 13 3 17 11 13 11 13 9 13 17 1 17 7 9 11 9 1 7 7 9 9 13 3 9
9 15 9 3 13 7 3 11 17 5 15 11 7 7 17 11 19 11 15 1 9 15 -1 17 9 15 19 9 7 5 19 13 5 9 -3 13 19 7 -11 3 9 9 5 17 7 9 3 17 15 17 11 13 5 9 13 5 9 3 9 15 9 -3 3 11 9 9 9 7 13
11 5 15 17 15 -1 7 9 13 15 15 7 11 13 11 11 7 11 -3 13 11 11 9 13 7 11 17 15 13 11 9 13 9 13 9 11 11 -15 11 17 5 17 9 7 5 15 5 7 9 11 13 9 17 5 9 9 11 9 15 17 9 -1 7 13 9 17 11 5
7 9 15 9 5 9 15 11 9 13 13 5 11 5 9 5 13 3 7 9 5 15 11 9 13 11 5 11 13 11 -1 11 3 11 13 5 -9 1 7 11 15 11 5 7 9 7 13 19 5 7 7 7 3 3 11 5 7 13 7 3 9 5 7 11 11 9 11
3 9 -5 -1 15 13 5 3 7 7 7 5 3 11 11 7 5 -3 7 -1 9 9 7 11 5 7 1 7 9 5 13 1 13 7 11 -3 -1 1 9 5 9 3 1 3 9 11 9 7 5 -3 1 5 -3 9 3 9 11 5 5 7 3 5 1 5 7 5
7 17 -3 1 3 15 13 13 9 13 7 9 5 5 5 3 7 5 13 3 7 1 5 11 17 19 9 11 7 7 11 7 5 13 -13 9 15 3 19 -1 5 7 21 -1 5 7 5 7 11 15 -1 7 7 17 7 5 15 7 1 5 15 7 15 13 -1
11 -5 7 13 9 11 7 11 3 13 7 11 7 7 -3 9 11 7 13 9 7 11 13 11 9 15 9 5 5 5 9 7 3 -11 3 9 9 13 13 -1 1 7 9 15 9 7 13 5 9 5 5 5 3 1 19 9 5 -1 3 5 5 9 3 5
-3 1 7 11 17 9 9 9 11 9 5 1 9 -5 15 5 9 7 7 1 9 11 13 19 13 7 7 3 11 3 9 5 -17 9 19 -1 15 3 5 3 17 3 5 7 9 7 11 15 -1 11 3 9 3 9 15 -1 -3 5 11 7 11 5 3
5 -1 -1 -3 9 5 -3 -1 5 5 1 5 3 7 9 -7 3 3 9 5 3 -7 -5 1 3 -1 3 -1 7 1 1 3 1 -1 11 -1 3 9 11 -3 3 1 11 1 3 7 3 11 -5 11 -3 3 -3 -1 -1 9 5 -1 7 7 1 7
19 7 9 9 13 9 7 9 13 5 13 -1 7 13 5 15 15 9 17 11 5 3 9 7 11 15 -1 15 13 9 -9 9 7 11 7 7 9 7 5 15 13 11 13 7 3 11 11 3 15 5 7 13 11 3 9 5 7 3 11 5 11
9 15 11 11 11 13 7 15 7 15 1 9 11 3 21 17 7 19 13 7 9 15 9 9 17 1 13 19 7 -15 7 9 9 9 13 7 5 7 17 15 13 15 9 5 9 9 9 13 3 9 19 13 1 7 3 9 5 9 7 13
15 15 11 15 5 11 7 7 3 1 9 7 11 9 13 -1 7 17 11 13 7 9 13 17 13 5 7 11 -11 11 13 9 21 -3 7 13 15 5 11 5 7 9 13 13 5 5 9 15 13 11 13 5 7 3 17 9 13 7 -3
13 13 17 15 13 13 9 13 -5 15 9 9 15 11 5 17 15 13 15 17 11 15 11 7 7 17 13 -21 13 15 3 15 7 9 11 13 11 13 11 13 11 15 19 7 15 7 13 11 17 19 3 1 9 19 11 15 9 7
9 13 11 17 13 9 13 7 15 17 5 11 19 9 13 19 9 11 13 11 11 19 11 15 13 13 -13 13 11 15 15 7 13 11 13 11 9 15 9 15 15 15 11 7 19 9 15 9 15 7 9 9 15 15 19 13 7
9 7 9 5 5 9 -5 11 9 9 11 7 5 13 11 5 11 13 11 7 7 3 11 5 9 -13 9 3 11 15 3 5 11 9 7 17 15 5 7 15 15 3 7 11 9 3 13 11 7 9 5 11 11 15 5 7
11 9 9 9 9 -1 7 5 5 7 11 1 9 11 13 15 9 15 15 15 15 11 13 13 -17 13 11 3 15 3 9 11 17 7 9 7 17 7 11 15 3 11 11 13 15 9 19 3 5 5 19 7 15 13 3
11 11 3 19 5 13 11 3 9 13 11 11 13 15 13 15 17 9 9 5 13 19 3 -19 11 9 5 9 17 11 5 11 13 11 13 11 13 9 13 5 13 9 3 9 11 17 1 3 11 9 9 13 15 13
13 9 9 3 15 21 9 7 15 9 9 15 13 7 17 11 15 11 7 15 9 13 -13 17 7 15 11 7 13 11 9 15 9 7 5 15 15 19 15 7 15 9 11 5 15 3 5 13 11 15 15 5 3
13 9 3 7 17 1 15 11 13 17 11 9 3 17 11 7 11 -1 15 13 9 -9 5 11 11 7 15 5 7 5 15 13 11 13 15 3 11 19 3 11 5 7 13 11 -1 1 9 11 3 11 5 11
1 -1 -1 9 1 11 3 5 9 3 5 3 13 11 7 7 3 11 5 13 -5 5 3 11 7 7 5 11 5 7 9 7 5 7 3 7 7 7 7 5 11 9 7 3 5 9 15 7 7 1 -1
3 11 9 1 11 15 13 17 11 9 11 13 11 7 11 3 11 21 5 -17 9 7 3 7 15 17 3 9 11 5 19 9 7 7 11 3 11 11 1 11 9 15 -1 9 13 7 11 11 13 19
-3 3 -1 1 9 3 -5 5 3 1 -1 5 -3 9 -3 5 3 -1 1 -1 -3 9 1 5 7 1 3 1 -1 1 -5 5 -3 -3 1 1 5 -1 5 -5 1 5 11 7 -3 1 1 7 5
15 7 9 13 3 11 17 7 9 11 5 13 9 9 9 11 7 -15 15 13 9 9 5 7 9 7 13 11 9 11 13 17 17 9 9 13 7 5 11 13 5 -1 3 9 13 17 7 5
5 11 15 13 13 15 9 3 17 11 11 11 3 19 9 9 -9 13 7 19 7 11 9 11 5 19 13 11 9 19 11 15 19 3 19 5 7 9 11 3 5 9 7 11 15 5 7
3 7 1 1 11 13 7 5 3 7 3 3 3 1 9 -9 13 7 3 15 -5 1 3 9 -1 5 -1 1 7 7 15 -1 11 3 17 -1 5 11 11 1 5 11 3 11 5 -1
13 7 19 13 3 5 15 5 5 13 -3 9 15 7 -11 3 9 13 9 9 7 9 3 13 15 13 11 9 5 9 9 9 9 3 5 19 9 5 7 7 9 5 9 3 9
7 11 21 11 9 11 9 13 21 9 13 15 7 -15 15 9 13 13 9 15 5 11 13 7 9 11 13 9 13 9 9 17 3 13 11 17 5 11 7 9 9 13 11 9
13 7 5 -1 13 11 -1 3 -5 11 9 1 -5 1 3 7 3 11 9 3 1 7 5 15 5 15 3 7 11 3 7 1 3 5 7 -1 9 17 3 3 7 5 15
11 5 7 17 7 7 11 -1 11 17 9 -13 5 11 7 7 11 9 7 5 15 13 19 13 11 7 11 11 7 11 5 7 17 11 -1 5 9 11 7 11 5 15
11 9 11 9 13 17 9 9 11 7 -15 15 13 13 17 5 11 9 11 9 11 9 11 17 13 17 9 9 13 7 9 15 17 9 7 7 13 9 17 11 5
15 13 15 11 7 11 11 9 9 -17 13 11 3 15 7 9 3 17 7 5 3 9 11 7 15 3 11 7 13 7 5 19 3 1 9 11 3 11 13 3
11 13 9 9 13 9 11 7 -19 11 13 1 17 5 7 5 23 5 7 9 7 5 13 13 -3 13 9 11 9 7 17 1 3 3 13 9 13 11 5
15 7 7 3 15 13 9 -17 9 7 11 11 15 9 7 9 15 13 15 9 15 11 15 11 11 11 5 7 13 15 -1 5 13 11 11 11 5 11
9 9 9 17 11 7 -15 11 5 9 13 13 11 13 15 9 11 13 11 13 9 13 5 9 13 7 13 7 17 1 11 11 13 9 13 15 9
13 13 9 11 15 -15 19 9 5 9 5 11 13 11 13 7 1 11 9 13 17 9 9 13 11 17 11 17 5 3 3 13 13 13 7 1
9 13 15 11 -11 11 9 13 13 5 11 9 11 13 11 9 11 9 9 9 9 5 17 7 17 11 13 5 11 3 13 9 13 11 5
5 3 7 -11 11 9 1 13 1 7 5 15 1 -1 1 11 5 9 9 -3 5 9 7 13 3 13 1 3 -1 9 9 9 7 -3
11 11 -11 11 5 17 9 13 7 9 11 17 15 13 11 13 9 13 13 5 21 7 9 7 13 5 7 7 9 9 17 11 9
9 -17 9 11 3 7 15 13 7 9 15 9 15 13 7 7 11 7 11 11 5 15 13 15 -1 5 9 11 11 11 13 15
-9 9 7 7 11 3 5 11 9 7 9 7 5 3 11 15 7 3 11 17 15 9 11 11 1 5 15 15 15 9 -1
-17 -11 -3 -15 -11 -13 -7 -17 -11 -9 -11 -13 -11 -15 -19 -3 -19 -11 -9 -11 -13 -23 -3 -5 -9 -15 -11 -15 -13 -11
7 7 11 3 13 11 13 11 5 3 9 11 15 19 7 15 15 9 11 5 19 3 5 5 15 11 15 9 3
1 13 1 3 5 15 5 7 5 15 9 5 13 5 5 5 11 5 11 13 1 -5 3 13 1 13 7 1
9 5 7 13 3 13 15 9 3 13 9 9 13 1 17 3 5 7 5 9 11 7 5 9 13 3 1
1 7 9 19 1 11 9 7 9 13 17 1 9 9 15 9 11 17 9 7 7 17 9 17 11 1
7 1 3 13 7 13 7 9 1 5 9 5 9 -5 9 11 9 -3 3 7 1 9 5 7 17
11 9 7 -3 11 5 7 7 11 3 11 11 1 15 1 15 -1 17 17 7 11 7 9 11
7 9 11 9 7 9 13 13 9 5 13 11 13 7 9 5 11 7 13 13 13 7 1
3 5 7 9 7 11 15 -1 11 11 13 11 5 19 3 5 5 15 7 15 13 3
15 9 11 13 9 9 17 5 17 3 9 11 9 -3 3 3 5 9 9 3 9
11 9 11 11 11 11 3 11 9 3 17 7 7 1 1 11 7 15 5 3
7 9 9 9 5 5 13 3 9 11 9 1 11 11 9 13 13 11 17
11 3 11 7 7 11 5 7 13 15 -1 1 1 11 -1 11 9 7
9 13 13 9 13 7 5 11 13 5 7 11 9 5 13 7 9
17 9 9 13 11 9 7 13 5 3 3 13 17 17 7 1
9 13 13 15 9 11 21 9 3 11 17 13 21 11 5
-3 13 3 5 7 5 -3 -1 3 5 5 9 -1 5
5 7 5 7 17 5 7 11 13 5 9 7 9
7 13 7 13 5 11 3 9 13 17 11 9
7 5 11 11 1 5 15 7 15 9 -1
7 13 1 11 7 13 17 9 11 5
11 7 1 1 11 7 11 5 7
5 7 11 17 9 17 15 9
3 3 5 5 13 11 -3
13 3 7 3 5 11
7 7 7 5 11
9 17 11 1
13 7 5
15 5
7
