32
17 15 3 11 -7 -1 -3 21 13 19 19 31 21 21 15 19 9 1 9 17 13 -17 -1 5 -12 3 -1 9 -3 29 29
22 10 26 12 4 24 28 -2 6 12 20 24 11 6 20 14 9 32 13 14 -16 -4 4 -15 4 0 -6 -12 12 20
22 6 22 16 10 30 2 20 20 14 -2 11 18 22 10 13 14 17 32 -22 -2 4 -13 -6 -6 -6 -4 16 24
10 22 22 0 12 8 14 18 4 8 13 6 14 16 21 12 27 10 -12 -10 0 3 4 -2 -12 -4 8 10
20 10 10 6 0 10 2 16 26 11 6 12 6 11 28 13 -2 -20 2 18 -13 -4 -2 2 -10 16 12
24 4 6 2 8 4 -6 -2 -1 4 8 12 13 14 5 12 -30 -4 12 1 -4 -8 -8 -8 -2 -4
8 12 -4 10 -6 0 2 -1 6 22 8 13 6 19 12 -22 -12 8 1 -2 -8 -2 -10 -2 4
20 -6 14 -2 8 10 -7 -2 16 10 13 12 5 12 -20 -8 0 -19 -10 -2 -14 -4 4 4
2 16 10 22 8 15 20 26 16 7 10 21 22 -22 -6 2 -15 4 -4 -8 0 18 26
-2 14 14 2 9 4 -2 0 5 0 -3 12 -14 -4 12 -3 6 12 8 -14 20 6
12 18 2 19 16 20 10 7 4 13 12 -14 12 20 -3 -6 -6 -4 18 22 22
22 12 19 4 12 10 11 20 1 4 -2 12 8 -3 4 6 -6 0 16 20
18 21 14 14 4 5 14 19 4 -16 2 2 -7 4 6 8 -2 28 40
13 6 10 22 17 24 13 -8 -6 -4 2 -15 4 6 6 -10 20 24
17 17 9 7 7 7 5 -13 9 13 -8 9 -1 1 3 21 15
14 0 -1 6 13 10 -22 -2 2 1 10 -4 6 -6 26 20
16 9 6 17 18 -16 2 10 -11 10 2 6 4 18 14
15 14 11 -2 -10 -8 -2 -11 10 -4 -10 4 2 10
11 3 5 -15 -7 3 -2 1 9 -1 1 7 11
11 2 -14 -6 6 -11 -2 4 -6 -12 2 14
3 -17 -15 -5 -12 -9 -11 -9 -9 13 23
-24 -2 4 -19 -10 -4 -2 -8 18 10
0 -2 -27 -20 6 2 6 -10 -8
20 -15 -12 -4 2 14 16 4
-7 -2 4 6 12 14 10
7 -17 -15 -5 -11 -11
4 4 -14 8 4
10 -12 2 4
-6 14 10
0 2
32
