47
21 21 25 29 23 21 25 25 31 9 11 11 11 11 13 13 11 9 11 11 11 13 13 11 17 11 11 11 13 13 11 7 17 9 7 11 9 5 5 17 11 5 13 7 7 13
23 25 23 27 27 25 25 23 7 11 13 11 5 11 9 11 9 13 11 11 11 15 13 13 11 9 11 13 15 9 9 11 15 11 13 7 9 9 11 13 9 11 9 11 15
19 25 25 27 31 27 23 3 15 7 9 9 9 11 5 9 7 11 13 9 11 15 9 9 9 11 13 13 7 13 11 9 15 9 9 17 13 9 11 11 15 7 11 9
23 27 27 21 25 29 13 9 9 11 7 11 15 9 13 5 13 13 13 13 13 15 11 13 13 13 9 15 11 13 9 9 15 13 7 5 17 13 9 9 7 11 13
23 21 27 27 29 5 11 13 9 7 7 11 7 7 9 9 17 13 13 11 17 17 11 13 15 15 9 9 15 11 11 13 11 9 9 11 13 9 9 13 7 15
25 23 27 25 9 13 9 11 5 11 11 11 11 9 11 9 11 13 15 11 7 9 9 11 9 9 9 7 9 9 11 7 9 7 11 9 9 13 3 13 9
23 23 23 9 13 9 7 11 11 13 11 7 5 11 13 13 11 15 13 9 13 15 9 9 11 9 11 9 11 13 9 13 9 13 15 7 13 7 11 13
25 27 3 11 9 9 7 9 13 5 11 9 11 11 9 13 11 11 11 7 9 17 15 9 15 15 11 13 9 11 13 13 11 9 11 11 9 9 11
29 7 15 11 15 9 11 11 5 13 11 15 15 11 15 17 9 11 13 11 13 13 9 9 9 13 13 13 7 11 7 11 11 9 15 7 7 13
9 11 13 11 9 9 15 9 13 9 13 13 15 15 13 13 13 13 9 15 11 13 9 15 11 9 13 11 7 7 15 9 7 11 9 5 15
19 25 25 29 23 25 29 25 23 -1 1 1 3 1 9 -1 3 5 -1 1 7 3 3 3 3 7 5 1 1 7 5 5 3 3 5 5
23 27 23 29 25 21 27 25 7 5 5 7 11 3 1 5 1 5 5 9 7 3 9 11 9 5 11 9 5 3 7 13 5 5 9
23 27 19 27 29 25 29 3 7 7 7 5 5 7 5 3 5 5 9 5 5 11 5 11 7 5 7 5 3 5 3 11 -1 13
23 27 25 21 29 29 3 3 1 5 5 3 1 1 3 3 9 9 7 5 9 7 11 5 5 5 9 5 7 11 5 7 9
23 27 27 23 25 3 5 3 5 5 7 1 7 7 1 3 7 5 5 5 7 7 5 7 5 7 5 5 7 5 1 7
23 23 25 25 5 1 -1 3 5 7 -3 1 5 3 5 7 5 5 5 7 5 3 5 3 7 7 3 11 1 7 5
23 27 21 5 5 5 5 5 3 3 5 3 5 3 15 11 7 7 7 13 11 7 7 11 3 7 5 7 3 11
21 27 -1 1 5 3 3 9 1 1 5 1 3 5 1 5 5 1 5 3 3 5 5 5 1 5 5 5 7
27 7 3 3 7 7 1 1 3 -1 7 3 11 11 3 9 7 9 9 7 7 7 -1 9 7 5 3 7
3 3 3 7 5 5 3 1 3 5 9 5 5 5 11 5 7 3 5 7 5 3 5 9 7 3 9
25 27 29 31 17 25 27 21 29 13 17 17 15 17 15 17 17 17 13 19 13 15 15 13 11 17
27 25 27 19 31 27 25 27 19 15 17 21 17 17 19 23 19 15 17 21 17 13 23 11 19
27 27 21 31 25 21 25 15 15 13 19 17 11 17 19 15 15 17 13 13 13 19 9 19
31 19 25 29 17 31 17 17 17 17 21 17 19 17 17 17 19 13 19 15 17 13 21
15 23 29 19 29 15 17 17 15 19 17 19 17 21 17 19 15 17 19 15 15 19
23 17 27 19 15 9 11 19 11 11 11 15 11 11 15 19 13 9 15 13 13
23 25 27 19 13 15 21 17 13 17 21 15 15 15 17 15 9 23 9 19
19 25 15 21 17 19 19 19 23 21 19 15 23 19 19 17 19 13 23
19 13 7 11 15 9 9 11 13 13 9 13 21 9 9 13 11 11
19 17 21 21 19 17 17 21 19 19 19 15 19 13 19 15 19
17 23 29 25 25 21 21 23 23 23 25 23 25 23 25 23
23 23 21 21 31 27 19 21 29 19 21 17 25 21 29
21 27 27 23 29 31 29 21 17 31 19 23 21 21
19 21 23 27 19 19 29 27 19 21 25 21 25
27 25 23 27 27 19 19 29 23 25 17 27
23 23 29 25 19 23 31 25 21 21 23
27 21 19 29 23 23 19 25 19 33
25 23 25 21 27 15 29 17 25
31 17 19 29 23 23 21 21
15 15 27 19 27 23 21
25 19 23 19 23 27
19 23 21 23 23
21 23 21 21
13 23 19
17 27
17
