47
7 7 11 15 9 7 11 11 17 -5 -3 -3 -3 -3 -1 -1 -3 -5 -3 -3 -3 -1 -1 -3 3 -3 -3 -3 -1 -1 -3 -7 3 -5 -7 -3 -5 -9 -9 3 -3 -9 -1 -7 -7 -1
9 11 9 13 13 11 11 9 -7 -3 -1 -3 -9 -3 -5 -3 -5 -1 -3 -3 -3 1 -1 -1 -3 -5 -3 -1 1 -5 -5 -3 1 -3 -1 -7 -5 -5 -3 -1 -5 -3 -5 -3 1
5 11 11 13 17 13 9 -11 1 -7 -5 -5 -5 -3 -9 -5 -7 -3 -1 -5 -3 1 -5 -5 -5 -3 -1 -1 -7 -1 -3 -5 1 -5 -5 3 -1 -5 -3 -3 1 -7 -3 -5
9 13 13 7 11 15 -1 -5 -5 -3 -7 -3 1 -5 -1 -9 -1 -1 -1 -1 -1 1 -3 -1 -1 -1 -5 1 -3 -1 -5 -5 1 -1 -7 -9 3 -1 -5 -5 -7 -3 -1
9 7 13 13 15 -9 -3 -1 -5 -7 -7 -3 -7 -7 -5 -5 3 -1 -1 -3 3 3 -3 -1 1 1 -5 -5 1 -3 -3 -1 -3 -5 -5 -3 -1 -5 -5 -1 -7 1
11 9 13 11 -5 -1 -5 -3 -9 -3 -3 -3 -3 -5 -3 -5 -3 -1 1 -3 -7 -5 -5 -3 -5 -5 -5 -7 -5 -5 -3 -7 -5 -7 -3 -5 -5 -1 -11 -1 -5
9 9 9 -5 -1 -5 -7 -3 -3 -1 -3 -7 -9 -3 -1 -1 -3 1 -1 -5 -1 1 -5 -5 -3 -5 -3 -5 -3 -1 -5 -1 -5 -1 1 -7 -1 -7 -3 -1
11 13 -11 -3 -5 -5 -7 -5 -1 -9 -3 -5 -3 -3 -5 -1 -3 -3 -3 -7 -5 3 1 -5 1 1 -3 -1 -5 -3 -1 -1 -3 -5 -3 -3 -5 -5 -3
15 -7 1 -3 1 -5 -3 -3 -9 -1 -3 1 1 -3 1 3 -5 -3 -1 -3 -1 -1 -5 -5 -5 -1 -1 -1 -7 -3 -7 -3 -3 -5 1 -7 -7 -1
-5 -3 -1 -3 -5 -5 1 -5 -1 -5 -1 -1 1 1 -1 -1 -1 -1 -5 1 -3 -1 -5 1 -3 -5 -1 -3 -7 -7 1 -5 -7 -3 -5 -9 1
5 11 11 15 9 11 15 11 9 -15 -13 -13 -11 -13 -5 -15 -11 -9 -15 -13 -7 -11 -11 -11 -11 -7 -9 -13 -13 -7 -9 -9 -11 -11 -9 -9
9 13 9 15 11 7 13 11 -7 -9 -9 -7 -3 -11 -13 -9 -13 -9 -9 -5 -7 -11 -5 -3 -5 -9 -3 -5 -9 -11 -7 -1 -9 -9 -5
9 13 5 13 15 11 15 -11 -7 -7 -7 -9 -9 -7 -9 -11 -9 -9 -5 -9 -9 -3 -9 -3 -7 -9 -7 -9 -11 -9 -11 -3 -15 -1
9 13 11 7 15 15 -11 -11 -13 -9 -9 -11 -13 -13 -11 -11 -5 -5 -7 -9 -5 -7 -3 -9 -9 -9 -5 -9 -7 -3 -9 -7 -5
9 13 13 9 11 -11 -9 -11 -9 -9 -7 -13 -7 -7 -13 -11 -7 -9 -9 -9 -7 -7 -9 -7 -9 -7 -9 -9 -7 -9 -13 -7
9 9 11 11 -9 -13 -15 -11 -9 -7 -17 -13 -9 -11 -9 -7 -9 -9 -9 -7 -9 -11 -9 -11 -7 -7 -11 -3 -13 -7 -9
9 13 7 -9 -9 -9 -9 -9 -11 -11 -9 -11 -9 -11 1 -3 -7 -7 -7 -1 -3 -7 -7 -3 -11 -7 -9 -7 -11 -3
7 13 -15 -13 -9 -11 -11 -5 -13 -13 -9 -13 -11 -9 -13 -9 -9 -13 -9 -11 -11 -9 -9 -9 -13 -9 -9 -9 -7
13 -7 -11 -11 -7 -7 -13 -13 -11 -15 -7 -11 -3 -3 -11 -5 -7 -5 -5 -7 -7 -7 -15 -5 -7 -9 -11 -7
-11 -11 -11 -7 -9 -9 -11 -13 -11 -9 -5 -9 -9 -9 -3 -9 -7 -11 -9 -7 -9 -11 -9 -5 -7 -11 -5
11 13 15 17 3 11 13 7 15 -1 3 3 1 3 1 3 3 3 -1 5 -1 1 1 -1 -3 3
13 11 13 5 17 13 11 13 5 1 3 7 3 3 5 9 5 1 3 7 3 -1 9 -3 5
13 13 7 17 11 7 11 1 1 -1 5 3 -3 3 5 1 1 3 -1 -1 -1 5 -5 5
17 5 11 15 3 17 3 3 3 3 7 3 5 3 3 3 5 -1 5 1 3 -1 7
1 9 15 5 15 1 3 3 1 5 3 5 3 7 3 5 1 3 5 1 1 5
9 3 13 5 1 -5 -3 5 -3 -3 -3 1 -3 -3 1 5 -1 -5 1 -1 -1
9 11 13 5 -1 1 7 3 -1 3 7 1 1 1 3 1 -5 9 -5 5
5 11 1 7 3 5 5 5 9 7 5 1 9 5 5 3 5 -1 9
5 -1 -7 -3 1 -5 -5 -3 -1 -1 -5 -1 7 -5 -5 -1 -3 -3
5 3 7 7 5 3 3 7 5 5 5 1 5 -1 5 1 5
3 9 15 11 11 7 7 9 9 9 11 9 11 9 11 9
9 9 7 7 17 13 5 7 15 5 7 3 11 7 15
7 13 13 9 15 17 15 7 3 17 5 9 7 7
5 7 9 13 5 5 15 13 5 7 11 7 11
13 11 9 13 13 5 5 15 9 11 3 13
9 9 15 11 5 9 17 11 7 7 9
13 7 5 15 9 9 5 11 5 19
11 9 11 7 13 1 15 3 11
17 3 5 15 9 9 7 7
1 1 13 5 13 9 7
11 5 9 5 9 13
5 9 7 9 9
7 9 7 7
-1 9 5
3 13
3
