76
2 -7 -3 11 -5 3 -1 0 6 11 9 17 13 10 12 5 11 8 6 19 9 14 14 9 7 8 13 10 13 11 7 18 9 9 11 12 11 9 10 7 11 3 -1 3 7 12 5 9 23 3 3 20 23 9 9 9 -5 -3 13 28 30 7 13 15 0 -3 -3 1 -3 16 13 14 16 11 13
28 20 30 28 14 28 26 20 8 16 2 -12 -16 -12 -12 -16 -18 -12 -12 -18 -14 -14 -16 -16 -16 -14 -16 -14 -14 -20 -12 24 20 22 -16 14 14 -14 -14 -14 16 6 16 16 -8 -22 -18 -2 30 28 4 -6 18 16 16 10 8 10 -6 -4 26 10 8 26 22 22 26 26 -12 -14 -16 -6 -10 -8
31 25 39 29 29 26 20 7 17 -9 -15 -10 -16 -13 -13 -14 -6 -17 -15 -4 -18 -11 -13 -8 -5 -10 -19 -5 -17 -16 25 19 23 -20 15 15 -8 -3 -7 17 7 15 17 -8 -17 -13 1 33 31 -2 1 15 13 13 15 13 11 -6 -2 23 1 -1 16 23 23 25 27 -12 -17 -10 -6 -1 -1
25 29 23 21 18 26 17 19 -11 -11 -8 -12 -9 -7 -14 0 -13 -13 -6 -14 -5 -9 -8 -5 -2 -15 -5 -15 -10 25 19 23 -16 15 15 -8 -5 -7 19 13 15 15 -4 -13 -11 -3 25 23 -4 7 19 19 19 13 11 17 -2 0 25 -5 -5 8 15 15 17 19 -6 -13 -6 -8 1 5
25 11 21 18 26 17 25 3 -3 -8 -4 -3 -7 -10 -4 -5 -11 -6 -6 -9 -7 -8 -5 -8 -7 -5 -11 -4 31 27 31 -8 21 21 -6 -5 -5 21 15 17 23 -2 -15 -11 1 23 23 10 3 25 23 23 15 13 19 2 4 31 5 3 20 17 17 19 19 -4 -5 -8 -4 -3 -1
23 31 28 22 11 21 -7 -13 -8 -14 -9 -9 -14 -4 -15 -15 -4 -16 -7 -11 -6 -1 -6 -17 -5 -15 -14 27 23 27 -18 15 15 -8 -3 -7 15 11 19 17 -6 -13 -11 1 35 35 -4 5 19 17 17 13 11 11 -4 -2 25 3 1 18 27 27 29 29 -8 -15 -6 -2 -3 1
15 12 8 -5 5 -3 -11 -4 -8 -7 -5 -6 6 -11 -5 0 -10 -3 -5 -4 -1 -2 -13 3 -11 -6 11 5 9 -14 5 5 -4 3 -3 5 -5 3 5 -2 -11 -7 9 19 17 6 9 1 1 1 3 1 -1 2 6 9 11 9 2 9 9 11 13 -2 -7 -2 2 7 5
40 28 15 25 -3 -15 -10 -16 -11 -11 -16 -8 -17 -17 -8 -18 -9 -13 -10 -5 -8 -19 -7 -17 -16 35 29 33 -20 17 17 -12 -7 -11 21 15 23 21 0 -15 -13 5 37 35 0 3 23 21 21 19 17 15 0 2 29 7 5 24 33 33 35 37 -4 -17 -8 2 -3 1
26 16 24 -4 -18 -10 -18 -12 -14 -16 -8 -16 -16 -8 -18 -8 -14 -10 -6 -8 -18 -10 -18 -16 32 30 30 -20 16 16 -12 -8 -12 22 14 26 22 0 -14 -12 4 38 36 -2 0 24 22 22 16 18 12 2 4 28 6 4 22 32 32 36 34 -4 -18 -8 2 -4 0
30 36 2 -4 2 -4 -4 -2 -4 2 -4 -4 2 -6 4 -4 2 2 6 -6 4 -8 -4 38 34 36 -8 26 26 0 2 0 34 26 30 30 10 -4 -2 10 28 26 4 14 30 30 30 22 20 26 12 14 36 0 0 14 22 22 26 26 6 -8 2 8 8 12
29 1 -1 4 -2 -3 -3 -2 0 -3 -3 4 -2 5 1 4 5 6 -3 5 -3 2 25 25 27 -2 29 27 2 3 3 21 19 23 21 10 -1 1 13 19 19 4 15 25 25 25 11 13 33 16 18 23 -5 -5 6 13 13 17 13 8 1 6 10 9 13
3 -1 2 -4 -1 -1 -2 0 -7 -3 2 -4 3 -1 0 1 2 -9 3 -5 -4 35 37 37 -6 25 23 0 1 1 29 31 27 33 6 -1 -3 11 27 27 2 11 29 29 29 21 21 23 10 12 31 3 1 18 25 25 29 23 6 -5 2 6 3 7
7 -2 8 -3 1 -4 -6 5 -1 0 6 -1 -1 -2 -1 -6 5 -1 -3 8 1 3 3 6 7 5 2 -1 1 1 1 3 3 4 -1 -1 11 -3 -3 28 5 1 1 3 3 1 3 8 10 1 7 11 8 -7 -7 1 -5 4 9 2 12 -5 -1
24 32 19 21 18 14 23 17 12 26 23 17 16 13 22 21 23 19 24 -5 -7 -3 24 -3 -5 6 9 7 -11 -7 -13 -9 8 21 21 5 -15 -15 4 15 -7 -7 -7 -7 -9 3 12 10 -7 -5 -5 -6 -19 -19 -15 -17 8 21 14 6 13 13
22 20 16 20 28 26 24 26 22 38 26 32 22 30 26 32 26 24 0 2 2 20 4 2 12 20 12 -2 -8 -4 0 22 28 34 16 -8 -8 2 20 0 0 0 -10 -10 6 22 18 -2 -6 -6 -18 -12 -12 -6 -12 20 12 24 14 20 24
16 16 22 18 22 24 16 32 22 12 18 10 18 22 28 14 24 -6 -6 -4 26 -2 -4 10 8 10 -10 -10 -12 -8 10 14 16 6 -16 -16 6 12 -6 -6 -6 -10 -12 2 12 10 -6 -2 -2 -8 -20 -20 -14 -18 8 26 14 6 8 10
21 24 16 21 21 10 18 19 23 20 15 18 21 19 25 16 -1 -3 -1 16 -7 -5 10 15 11 -9 -9 -11 -9 14 19 13 3 -9 -7 -2 9 -3 -5 -5 -13 -13 -3 4 4 -3 -3 -7 -12 -11 -11 -11 -13 12 13 14 6 13 15
22 16 17 21 14 14 19 25 20 23 22 15 17 23 18 -1 -5 -1 12 -1 1 16 17 17 -9 -9 -11 -9 14 25 19 5 -11 -9 0 15 -3 -3 -3 -7 -9 1 10 10 -5 -9 -9 -16 -13 -13 -13 -13 18 9 16 14 15 17
10 18 30 14 18 20 16 18 12 18 14 22 22 16 -6 -4 -4 22 0 -2 20 10 20 -6 -12 -10 -4 14 18 16 8 -14 -14 -2 12 -6 -6 -6 -14 -14 2 12 14 -8 -8 -10 -18 -18 -18 -12 -18 8 12 16 10 16 10
18 18 20 14 30 22 24 22 28 16 26 16 20 2 2 2 10 6 8 6 24 6 0 -8 -4 0 16 20 26 8 -4 -2 -2 14 0 0 0 -12 -12 2 16 12 2 -6 -6 -18 -8 -8 -6 -10 20 8 16 10 14 16
25 18 28 25 17 28 19 24 35 25 17 32 -7 -5 -7 26 -3 -1 6 13 5 -7 -17 -11 -7 16 21 25 7 -15 -13 6 15 -1 -1 -1 -17 -17 -1 14 14 -7 -1 -1 -16 -17 -17 -13 -19 16 17 22 12 17 15
22 30 27 23 24 15 22 21 27 25 26 -7 -3 -5 20 1 -1 18 15 17 -5 -13 -9 -3 16 23 21 11 -15 -15 2 13 -5 -5 -5 -15 -15 1 14 16 -9 -7 -7 -18 -19 -19 -11 -19 12 15 18 12 13 13
18 26 18 24 22 18 14 26 22 16 2 4 4 14 8 6 18 22 18 2 -6 -2 4 16 22 24 22 -6 -6 6 24 2 2 2 -8 -8 10 24 24 0 -4 -4 -16 -10 -10 -4 -10 18 10 18 18 20 22
20 18 22 14 18 26 26 18 28 -8 -6 -6 32 -4 -6 12 14 12 -10 -10 -12 -8 14 16 18 8 -16 -16 6 14 -4 -4 -4 -12 -12 0 12 12 -8 -2 -2 -10 -20 -20 -14 -20 10 26 18 8 12 14
23 30 25 36 25 29 23 28 1 5 3 18 5 3 12 21 11 -1 -7 -1 1 24 31 33 15 -7 -7 2 19 3 3 3 -9 -9 5 20 18 -1 -7 -7 -18 -11 -11 -3 -11 24 9 24 16 17 23
22 19 16 17 19 33 20 -3 -3 -1 16 3 1 14 21 15 -7 -9 -9 -5 14 25 25 7 -11 -11 0 11 -9 -9 -9 -15 -15 -1 10 8 -7 -5 -5 -16 -15 -15 -11 -15 16 13 16 6 13 17
26 30 30 30 24 28 0 0 0 18 4 6 16 28 16 -2 -10 -6 -2 28 22 28 14 -8 -6 0 16 4 4 4 -10 -10 6 18 16 -2 -8 -8 -20 -10 -10 -8 -12 26 14 26 18 24 26
26 19 21 17 18 5 3 5 16 3 5 10 29 11 -3 -7 -5 -3 20 23 25 15 -3 -1 2 23 5 3 3 -7 -7 7 20 20 1 -11 -7 -18 -5 -5 -5 -7 28 13 28 24 17 19
24 26 18 26 2 2 2 14 2 4 12 22 12 0 -6 -2 -2 22 26 28 14 -6 -4 -2 22 6 6 6 -10 -10 6 22 20 0 -8 -8 -20 -8 -8 -6 -10 22 6 22 18 24 26
21 19 32 -9 -7 -9 22 -3 -1 10 17 9 -9 -19 -13 -9 20 19 23 5 -17 -15 2 9 -1 -1 -1 -19 -19 -1 10 8 -9 -3 -3 -18 -19 -19 -15 -21 16 15 18 10 15 19
21 26 3 1 5 20 7 5 12 21 13 -1 -7 -5 1 20 21 25 17 -7 -7 4 23 -1 -1 -1 -7 -9 11 18 20 -1 -3 -3 -16 -11 -11 -7 -9 20 19 28 14 23 21
22 -7 -7 -5 20 -3 -5 18 17 19 -11 -13 -13 -9 16 29 27 9 -15 -15 -2 15 -9 -9 -9 -15 -15 1 14 10 -11 -9 -9 -20 -19 -19 -15 -19 18 15 18 10 15 19
-6 -4 -4 22 0 -2 12 18 12 -8 -14 -10 -6 18 20 24 8 -14 -14 6 12 -2 -2 -2 -16 -16 4 12 12 -6 4 4 -14 -18 -18 -12 -18 18 20 20 10 18 18
39 43 -10 27 27 -2 3 -1 31 25 27 31 10 -5 -3 9 33 31 4 13 33 31 31 23 21 25 10 12 39 3 1 20 29 29 31 33 6 -7 2 6 7 11
41 -8 29 27 0 1 -1 33 27 31 37 8 -1 1 11 29 29 4 11 35 33 33 17 17 23 12 14 35 3 1 20 29 29 37 27 8 -7 4 6 3 7
-8 29 27 0 3 1 29 27 29 33 8 -3 -1 11 31 31 6 15 33 31 31 21 19 27 12 14 37 5 3 22 29 29 33 31 6 -5 4 6 5 9
-4 -6 14 10 14 -12 -12 -14 -10 14 20 22 4 -18 -18 2 12 -8 -8 -8 -14 -14 0 10 10 -10 -8 -6 -12 -22 -22 -16 -22 12 24 20 10 10 10
43 4 5 3 25 15 21 29 10 1 5 13 19 19 4 13 25 25 25 11 9 31 14 18 27 -5 -7 10 13 13 21 15 10 -3 6 8 9 9
2 7 1 25 13 19 27 10 -1 3 11 19 21 2 11 27 27 27 11 9 29 12 16 27 -7 -9 8 15 15 19 15 12 -5 4 10 9 9
22 44 2 -4 -4 2 18 12 10 14 -10 -10 2 16 0 0 2 -12 -12 8 14 16 -4 -8 -6 -14 -14 -14 -8 -14 8 8 10 6 18 20
23 3 -5 -5 3 26 15 19 15 -5 -3 2 17 1 1 3 -11 -11 7 14 16 -1 -9 -5 -18 -7 -7 -7 -9 24 11 20 16 19 21
1 -3 -5 1 18 11 9 15 -9 -9 2 17 -1 -1 1 -11 -11 9 14 16 -5 -7 -5 -14 -13 -13 -9 -13 8 9 10 6 19 21
31 29 41 8 -7 -3 11 23 21 6 7 27 29 29 15 15 23 10 14 29 -3 -3 10 19 19 25 19 4 -11 -2 2 7 7
25 31 0 -9 -11 5 17 17 0 5 19 21 21 19 19 17 4 6 21 -7 -7 12 15 15 19 13 -2 -5 -2 -4 -3 1
29 2 -7 -5 13 27 27 4 7 25 27 25 21 23 19 10 12 25 1 1 14 21 21 29 21 0 -11 0 6 -1 3
6 -5 -1 11 23 23 8 7 29 31 31 13 13 23 10 14 29 1 -1 14 21 21 29 19 4 -9 0 2 3 3
18 20 18 2 0 6 18 10 10 12 0 0 12 18 20 8 -6 -4 -14 -4 -4 0 -2 26 8 22 18 20 28
37 7 -13 -13 -4 19 -3 -3 -3 -11 -11 1 18 14 -7 -13 -13 -20 -17 -17 -9 -17 20 11 24 14 17 19
13 -11 -11 0 19 -1 -1 -1 -11 -11 7 22 20 -5 -7 -7 -20 -15 -15 -7 -15 22 11 26 16 23 23
7 7 18 27 7 7 7 5 5 21 30 36 5 7 11 -4 5 5 9 3 22 7 16 24 19 23
43 0 3 25 23 23 19 21 15 4 6 31 9 7 22 33 33 35 35 -2 -15 -6 4 -1 3
0 3 27 25 25 17 19 15 4 6 29 9 7 22 35 35 35 33 0 -15 -6 6 -3 1
12 2 2 4 2 0 4 14 16 4 8 12 2 -4 -4 2 -2 6 8 4 14 -2 2
11 9 11 3 1 21 32 32 9 -3 1 -8 -1 -1 3 1 18 15 26 20 27 31
41 43 19 19 27 10 12 33 -1 -3 14 23 23 27 21 8 -9 2 8 7 11
41 17 17 25 10 12 31 -1 -3 12 21 21 25 19 8 -9 2 8 5 9
19 19 27 10 12 31 -1 -3 12 21 21 25 19 8 -9 2 8 7 11
43 17 -2 2 19 -7 -7 12 13 13 15 17 -4 -11 -6 2 -1 3
15 0 4 17 -7 -7 10 13 13 15 15 -4 -11 -6 2 -1 3
18 24 23 -3 -3 8 11 11 15 13 10 1 8 10 19 19
38 8 0 4 -8 -2 -2 4 -2 22 12 22 24 20 20
10 4 8 -6 0 0 6 0 22 10 22 24 24 24
1 -1 18 23 23 27 27 4 -9 0 4 3 7
37 14 11 9 9 11 -8 -5 -10 -2 -1 -1
14 11 9 7 11 -4 -1 -6 2 -5 -1
28 26 26 30 -16 -10 -18 -10 -16 -14
41 35 39 -2 -19 -10 2 -7 -3
35 37 -2 -19 -10 2 -7 -3
33 0 -15 -4 4 -5 -1
-6 -19 -10 0 -5 -1
12 26 26 14 18
26 6 9 9
20 20 20
14 16
37
