50
20 2 2 2 2 2 2 2 2 2 2 2 2 2 2 2 2 2 2 2 2 2 2 20 21 -1625 -1625 -1625 -1625 -1625 -1625 -1625 -1625 -1625 -1625 -1625 -1625 -1625 -1625 -1625 -1625 -1625 -1625 -1625 -1625 -1625 -1625 -1625 -1625
20 2 2 2 2 2 2 2 2 2 2 2 2 2 2 2 2 2 2 2 2 2 2 -1625 21 -1625 -1625 -1625 -1625 -1625 -1625 -1625 -1625 -1625 -1625 -1625 -1625 -1625 -1625 -1625 -1625 -1625 -1625 -1625 -1625 -1625 -1625 -1625
20 2 2 2 2 2 2 2 2 2 2 2 2 2 2 2 2 2 2 2 2 2 -1625 -1625 21 -1625 -1625 -1625 -1625 -1625 -1625 -1625 -1625 -1625 -1625 -1625 -1625 -1625 -1625 -1625 -1625 -1625 -1625 -1625 -1625 -1625 -1625
20 2 2 2 2 2 2 2 2 2 2 2 2 2 2 2 2 2 2 2 2 -1625 -1625 -1625 21 -1625 -1625 -1625 -1625 -1625 -1625 -1625 -1625 -1625 -1625 -1625 -1625 -1625 -1625 -1625 -1625 -1625 -1625 -1625 -1625 -1625
20 2 2 2 2 2 2 2 2 2 2 2 2 2 2 2 2 2 2 2 -1625 -1625 -1625 -1625 21 -1625 -1625 -1625 -1625 -1625 -1625 -1625 -1625 -1625 -1625 -1625 -1625 -1625 -1625 -1625 -1625 -1625 -1625 -1625 -1625
20 2 2 2 2 2 2 2 2 2 2 2 2 2 2 2 2 2 2 -1625 -1625 -1625 -1625 -1625 21 -1625 -1625 -1625 -1625 -1625 -1625 -1625 -1625 -1625 -1625 -1625 -1625 -1625 -1625 -1625 -1625 -1625 -1625 -1625
20 2 2 2 2 2 2 2 2 2 2 2 2 2 2 2 2 2 -1625 -1625 -1625 -1625 -1625 -1625 21 -1625 -1625 -1625 -1625 -1625 -1625 -1625 -1625 -1625 -1625 -1625 -1625 -1625 -1625 -1625 -1625 -1625 -1625
20 2 2 2 2 2 2 2 2 2 2 2 2 2 2 2 2 -1625 -1625 -1625 -1625 -1625 -1625 -1625 21 -1625 -1625 -1625 -1625 -1625 -1625 -1625 -1625 -1625 -1625 -1625 -1625 -1625 -1625 -1625 -1625 -1625
20 2 2 2 2 2 2 2 2 2 2 2 2 2 2 2 -1625 -1625 -1625 -1625 -1625 -1625 -1625 -1625 21 -1625 -1625 -1625 -1625 -1625 -1625 -1625 -1625 -1625 -1625 -1625 -1625 -1625 -1625 -1625 -1625
20 2 2 2 2 2 2 2 2 2 2 2 2 2 2 -1625 -1625 -1625 -1625 -1625 -1625 -1625 -1625 -1625 21 -1625 -1625 -1625 -1625 -1625 -1625 -1625 -1625 -1625 -1625 -1625 -1625 -1625 -1625 -1625
20 2 2 2 2 2 2 2 2 2 2 2 2 2 -1625 -1625 -1625 -1625 -1625 -1625 -1625 -1625 -1625 -1625 21 -1625 -1625 -1625 -1625 -1625 -1625 -1625 -1625 -1625 -1625 -1625 -1625 -1625 -1625
20 2 2 2 2 2 2 2 2 2 2 2 2 -1625 -1625 -1625 -1625 -1625 -1625 -1625 -1625 -1625 -1625 -1625 21 -1625 -1625 -1625 -1625 -1625 -1625 -1625 -1625 -1625 -1625 -1625 -1625 -1625
20 2 2 2 2 2 2 2 2 2 2 2 -1625 -1625 -1625 -1625 -1625 -1625 -1625 -1625 -1625 -1625 -1625 -1625 21 -1625 -1625 -1625 -1625 -1625 -1625 -1625 -1625 -1625 -1625 -1625 -1625
20 2 2 2 2 2 2 2 2 2 2 -1625 -1625 -1625 -1625 -1625 -1625 -1625 -1625 -1625 -1625 -1625 -1625 -1625 21 -1625 -1625 -1625 -1625 -1625 -1625 -1625 -1625 -1625 -1625 -1625
20 2 2 2 2 2 2 2 2 2 -1625 -1625 -1625 -1625 -1625 -1625 -1625 -1625 -1625 -1625 -1625 -1625 -1625 -1625 21 -1625 -1625 -1625 -1625 -1625 -1625 -1625 -1625 -1625 -1625
20 2 2 2 2 2 2 2 2 -1625 -1625 -1625 -1625 -1625 -1625 -1625 -1625 -1625 -1625 -1625 -1625 -1625 -1625 -1625 21 -1625 -1625 -1625 -1625 -1625 -1625 -1625 -1625 -1625
20 2 2 2 2 2 2 2 -1625 -1625 -1625 -1625 -1625 -1625 -1625 -1625 -1625 -1625 -1625 -1625 -1625 -1625 -1625 -1625 21 -1625 -1625 -1625 -1625 -1625 -1625 -1625 -1625
20 2 2 2 2 2 2 -1625 -1625 -1625 -1625 -1625 -1625 -1625 -1625 -1625 -1625 -1625 -1625 -1625 -1625 -1625 -1625 -1625 21 -1625 -1625 -1625 -1625 -1625 -1625 -1625
20 2 2 2 2 2 -1625 -1625 -1625 -1625 -1625 -1625 -1625 -1625 -1625 -1625 -1625 -1625 -1625 -1625 -1625 -1625 -1625 -1625 21 -1625 -1625 -1625 -1625 -1625 -1625
20 2 2 2 2 -1625 -1625 -1625 -1625 -1625 -1625 -1625 -1625 -1625 -1625 -1625 -1625 -1625 -1625 -1625 -1625 -1625 -1625 -1625 21 -1625 -1625 -1625 -1625 -1625
20 2 2 2 -1625 -1625 -1625 -1625 -1625 -1625 -1625 -1625 -1625 -1625 -1625 -1625 -1625 -1625 -1625 -1625 -1625 -1625 -1625 -1625 21 -1625 -1625 -1625 -1625
20 2 2 -1625 -1625 -1625 -1625 -1625 -1625 -1625 -1625 -1625 -1625 -1625 -1625 -1625 -1625 -1625 -1625 -1625 -1625 -1625 -1625 -1625 21 -1625 -1625 -1625
20 2 -1625 -1625 -1625 -1625 -1625 -1625 -1625 -1625 -1625 -1625 -1625 -1625 -1625 -1625 -1625 -1625 -1625 -1625 -1625 -1625 -1625 -1625 21 -1625 -1625
20 -1625 -1625 -1625 -1625 -1625 -1625 -1625 -1625 -1625 -1625 -1625 -1625 -1625 -1625 -1625 -1625 -1625 -1625 -1625 -1625 -1625 -1625 -1625 21 -1625
-1625 -1625 -1625 -1625 -1625 -1625 -1625 -1625 -1625 -1625 -1625 -1625 -1625 -1625 -1625 -1625 -1625 -1625 -1625 -1625 -1625 -1625 -1625 -1625 21
-1625 -1625 -1625 -1625 -1625 -1625 -1625 -1625 -1625 -1625 -1625 -1625 -1625 -1625 -1625 -1625 -1625 -1625 -1625 -1625 -1625 -1625 -1625 -1625
-1625 -1625 -1625 -1625 -1625 -1625 -1625 -1625 -1625 -1625 -1625 -1625 -1625 -1625 -1625 -1625 -1625 -1625 -1625 -1625 -1625 -1625 -1625
-1625 -1625 -1625 -1625 -1625 -1625 -1625 -1625 -1625 -1625 -1625 -1625 -1625 -1625 -1625 -1625 -1625 -1625 -1625 -1625 -1625 -1625
-1625 -1625 -1625 -1625 -1625 -1625 -1625 -1625 -1625 -1625 -1625 -1625 -1625 -1625 -1625 -1625 -1625 -1625 -1625 -1625 -1625
-1625 -1625 -1625 -1625 -1625 -1625 -1625 -1625 -1625 -1625 -1625 -1625 -1625 -1625 -1625 -1625 -1625 -1625 -1625 -1625
-1625 -1625 -1625 -1625 -1625 -1625 -1625 -1625 -1625 -1625 -1625 -1625 -1625 -1625 -1625 -1625 -1625 -1625 -1625
-1625 -1625 -1625 -1625 -1625 -1625 -1625 -1625 -1625 -1625 -1625 -1625 -1625 -1625 -1625 -1625 -1625 -1625
-1625 -1625 -1625 -1625 -1625 -1625 -1625 -1625 -1625 -1625 -1625 -1625 -1625 -1625 -1625 -1625 -1625
-1625 -1625 -1625 -1625 -1625 -1625 -1625 -1625 -1625 -1625 -1625 -1625 -1625 -1625 -1625 -1625
-1625 -1625 -1625 -1625 -1625 -1625 -1625 -1625 -1625 -1625 -1625 -1625 -1625 -1625 -1625
-1625 -1625 -1625 -1625 -1625 -1625 -1625 -1625 -1625 -1625 -1625 -1625 -1625 -1625
-1625 -1625 -1625 -1625 -1625 -1625 -1625 -1625 -1625 -1625 -1625 -1625 -1625
-1625 -1625 -1625 -1625 -1625 -1625 -1625 -1625 -1625 -1625 -1625 -1625
-1625 -1625 -1625 -1625 -1625 -1625 -1625 -1625 -1625 -1625 -1625
-1625 -1625 -1625 -1625 -1625 -1625 -1625 -1625 -1625 -1625
-1625 -1625 -1625 -1625 -1625 -1625 -1625 -1625 -1625
-1625 -1625 -1625 -1625 -1625 -1625 -1625 -1625
-1625 -1625 -1625 -1625 -1625 -1625 -1625
-1625 -1625 -1625 -1625 -1625 -1625
-1625 -1625 -1625 -1625 -1625
-1625 -1625 -1625 -1625
-1625 -1625 -1625
-1625 -1625
-1625
