50
3 2 2 2 2 2 2 2 2 2 2 2 2 2 2 2 2 2 2 2 2 2 2 3 4 -775 -775 -775 -775 -775 -775 -775 -775 -775 -775 -775 -775 -775 -775 -775 -775 -775 -775 -775 -775 -775 -775 -775 -775
3 2 2 2 2 2 2 2 2 2 2 2 2 2 2 2 2 2 2 2 2 2 2 -775 4 -775 -775 -775 -775 -775 -775 -775 -775 -775 -775 -775 -775 -775 -775 -775 -775 -775 -775 -775 -775 -775 -775 -775
3 2 2 2 2 2 2 2 2 2 2 2 2 2 2 2 2 2 2 2 2 2 -775 -775 4 -775 -775 -775 -775 -775 -775 -775 -775 -775 -775 -775 -775 -775 -775 -775 -775 -775 -775 -775 -775 -775 -775
3 2 2 2 2 2 2 2 2 2 2 2 2 2 2 2 2 2 2 2 2 -775 -775 -775 4 -775 -775 -775 -775 -775 -775 -775 -775 -775 -775 -775 -775 -775 -775 -775 -775 -775 -775 -775 -775 -775
3 2 2 2 2 2 2 2 2 2 2 2 2 2 2 2 2 2 2 2 -775 -775 -775 -775 4 -775 -775 -775 -775 -775 -775 -775 -775 -775 -775 -775 -775 -775 -775 -775 -775 -775 -775 -775 -775
3 2 2 2 2 2 2 2 2 2 2 2 2 2 2 2 2 2 2 -775 -775 -775 -775 -775 4 -775 -775 -775 -775 -775 -775 -775 -775 -775 -775 -775 -775 -775 -775 -775 -775 -775 -775 -775
3 2 2 2 2 2 2 2 2 2 2 2 2 2 2 2 2 2 -775 -775 -775 -775 -775 -775 4 -775 -775 -775 -775 -775 -775 -775 -775 -775 -775 -775 -775 -775 -775 -775 -775 -775 -775
3 2 2 2 2 2 2 2 2 2 2 2 2 2 2 2 2 -775 -775 -775 -775 -775 -775 -775 4 -775 -775 -775 -775 -775 -775 -775 -775 -775 -775 -775 -775 -775 -775 -775 -775 -775
3 2 2 2 2 2 2 2 2 2 2 2 2 2 2 2 -775 -775 -775 -775 -775 -775 -775 -775 4 -775 -775 -775 -775 -775 -775 -775 -775 -775 -775 -775 -775 -775 -775 -775 -775
3 2 2 2 2 2 2 2 2 2 2 2 2 2 2 -775 -775 -775 -775 -775 -775 -775 -775 -775 4 -775 -775 -775 -775 -775 -775 -775 -775 -775 -775 -775 -775 -775 -775 -775
3 2 2 2 2 2 2 2 2 2 2 2 2 2 -775 -775 -775 -775 -775 -775 -775 -775 -775 -775 4 -775 -775 -775 -775 -775 -775 -775 -775 -775 -775 -775 -775 -775 -775
3 2 2 2 2 2 2 2 2 2 2 2 2 -775 -775 -775 -775 -775 -775 -775 -775 -775 -775 -775 4 -775 -775 -775 -775 -775 -775 -775 -775 -775 -775 -775 -775 -775
3 2 2 2 2 2 2 2 2 2 2 2 -775 -775 -775 -775 -775 -775 -775 -775 -775 -775 -775 -775 4 -775 -775 -775 -775 -775 -775 -775 -775 -775 -775 -775 -775
3 2 2 2 2 2 2 2 2 2 2 -775 -775 -775 -775 -775 -775 -775 -775 -775 -775 -775 -775 -775 4 -775 -775 -775 -775 -775 -775 -775 -775 -775 -775 -775
3 2 2 2 2 2 2 2 2 2 -775 -775 -775 -775 -775 -775 -775 -775 -775 -775 -775 -775 -775 -775 4 -775 -775 -775 -775 -775 -775 -775 -775 -775 -775
3 2 2 2 2 2 2 2 2 -775 -775 -775 -775 -775 -775 -775 -775 -775 -775 -775 -775 -775 -775 -775 4 -775 -775 -775 -775 -775 -775 -775 -775 -775
3 2 2 2 2 2 2 2 -775 -775 -775 -775 -775 -775 -775 -775 -775 -775 -775 -775 -775 -775 -775 -775 4 -775 -775 -775 -775 -775 -775 -775 -775
3 2 2 2 2 2 2 -775 -775 -775 -775 -775 -775 -775 -775 -775 -775 -775 -775 -775 -775 -775 -775 -775 4 -775 -775 -775 -775 -775 -775 -775
3 2 2 2 2 2 -775 -775 -775 -775 -775 -775 -775 -775 -775 -775 -775 -775 -775 -775 -775 -775 -775 -775 4 -775 -775 -775 -775 -775 -775
3 2 2 2 2 -775 -775 -775 -775 -775 -775 -775 -775 -775 -775 -775 -775 -775 -775 -775 -775 -775 -775 -775 4 -775 -775 -775 -775 -775
3 2 2 2 -775 -775 -775 -775 -775 -775 -775 -775 -775 -775 -775 -775 -775 -775 -775 -775 -775 -775 -775 -775 4 -775 -775 -775 -775
3 2 2 -775 -775 -775 -775 -775 -775 -775 -775 -775 -775 -775 -775 -775 -775 -775 -775 -775 -775 -775 -775 -775 4 -775 -775 -775
3 2 -775 -775 -775 -775 -775 -775 -775 -775 -775 -775 -775 -775 -775 -775 -775 -775 -775 -775 -775 -775 -775 -775 4 -775 -775
3 -775 -775 -775 -775 -775 -775 -775 -775 -775 -775 -775 -775 -775 -775 -775 -775 -775 -775 -775 -775 -775 -775 -775 4 -775
-775 -775 -775 -775 -775 -775 -775 -775 -775 -775 -775 -775 -775 -775 -775 -775 -775 -775 -775 -775 -775 -775 -775 -775 4
-775 -775 -775 -775 -775 -775 -775 -775 -775 -775 -775 -775 -775 -775 -775 -775 -775 -775 -775 -775 -775 -775 -775 -775
-775 -775 -775 -775 -775 -775 -775 -775 -775 -775 -775 -775 -775 -775 -775 -775 -775 -775 -775 -775 -775 -775 -775
-775 -775 -775 -775 -775 -775 -775 -775 -775 -775 -775 -775 -775 -775 -775 -775 -775 -775 -775 -775 -775 -775
-775 -775 -775 -775 -775 -775 -775 -775 -775 -775 -775 -775 -775 -775 -775 -775 -775 -775 -775 -775 -775
-775 -775 -775 -775 -775 -775 -775 -775 -775 -775 -775 -775 -775 -775 -775 -775 -775 -775 -775 -775
-775 -775 -775 -775 -775 -775 -775 -775 -775 -775 -775 -775 -775 -775 -775 -775 -775 -775 -775
-775 -775 -775 -775 -775 -775 -775 -775 -775 -775 -775 -775 -775 -775 -775 -775 -775 -775
-775 -775 -775 -775 -775 -775 -775 -775 -775 -775 -775 -775 -775 -775 -775 -775 -775
-775 -775 -775 -775 -775 -775 -775 -775 -775 -775 -775 -775 -775 -775 -775 -775
-775 -775 -775 -775 -775 -775 -775 -775 -775 -775 -775 -775 -775 -775 -775
-775 -775 -775 -775 -775 -775 -775 -775 -775 -775 -775 -775 -775 -775
-775 -775 -775 -775 -775 -775 -775 -775 -775 -775 -775 -775 -775
-775 -775 -775 -775 -775 -775 -775 -775 -775 -775 -775 -775
-775 -775 -775 -775 -775 -775 -775 -775 -775 -775 -775
-775 -775 -775 -775 -775 -775 -775 -775 -775 -775
-775 -775 -775 -775 -775 -775 -775 -775 -775
-775 -775 -775 -775 -775 -775 -775 -775
-775 -775 -775 -775 -775 -775 -775
-775 -775 -775 -775 -775 -775
-775 -775 -775 -775 -775
-775 -775 -775 -775
-775 -775 -775
-775 -775
-775
