50
10 2 2 2 2 2 2 2 2 2 2 2 2 2 2 2 2 2 2 2 2 2 2 10 11 -1125 -1125 -1125 -1125 -1125 -1125 -1125 -1125 -1125 -1125 -1125 -1125 -1125 -1125 -1125 -1125 -1125 -1125 -1125 -1125 -1125 -1125 -1125 -1125
10 2 2 2 2 2 2 2 2 2 2 2 2 2 2 2 2 2 2 2 2 2 2 -1125 11 -1125 -1125 -1125 -1125 -1125 -1125 -1125 -1125 -1125 -1125 -1125 -1125 -1125 -1125 -1125 -1125 -1125 -1125 -1125 -1125 -1125 -1125 -1125
10 2 2 2 2 2 2 2 2 2 2 2 2 2 2 2 2 2 2 2 2 2 -1125 -1125 11 -1125 -1125 -1125 -1125 -1125 -1125 -1125 -1125 -1125 -1125 -1125 -1125 -1125 -1125 -1125 -1125 -1125 -1125 -1125 -1125 -1125 -1125
10 2 2 2 2 2 2 2 2 2 2 2 2 2 2 2 2 2 2 2 2 -1125 -1125 -1125 11 -1125 -1125 -1125 -1125 -1125 -1125 -1125 -1125 -1125 -1125 -1125 -1125 -1125 -1125 -1125 -1125 -1125 -1125 -1125 -1125 -1125
10 2 2 2 2 2 2 2 2 2 2 2 2 2 2 2 2 2 2 2 -1125 -1125 -1125 -1125 11 -1125 -1125 -1125 -1125 -1125 -1125 -1125 -1125 -1125 -1125 -1125 -1125 -1125 -1125 -1125 -1125 -1125 -1125 -1125 -1125
10 2 2 2 2 2 2 2 2 2 2 2 2 2 2 2 2 2 2 -1125 -1125 -1125 -1125 -1125 11 -1125 -1125 -1125 -1125 -1125 -1125 -1125 -1125 -1125 -1125 -1125 -1125 -1125 -1125 -1125 -1125 -1125 -1125 -1125
10 2 2 2 2 2 2 2 2 2 2 2 2 2 2 2 2 2 -1125 -1125 -1125 -1125 -1125 -1125 11 -1125 -1125 -1125 -1125 -1125 -1125 -1125 -1125 -1125 -1125 -1125 -1125 -1125 -1125 -1125 -1125 -1125 -1125
10 2 2 2 2 2 2 2 2 2 2 2 2 2 2 2 2 -1125 -1125 -1125 -1125 -1125 -1125 -1125 11 -1125 -1125 -1125 -1125 -1125 -1125 -1125 -1125 -1125 -1125 -1125 -1125 -1125 -1125 -1125 -1125 -1125
10 2 2 2 2 2 2 2 2 2 2 2 2 2 2 2 -1125 -1125 -1125 -1125 -1125 -1125 -1125 -1125 11 -1125 -1125 -1125 -1125 -1125 -1125 -1125 -1125 -1125 -1125 -1125 -1125 -1125 -1125 -1125 -1125
10 2 2 2 2 2 2 2 2 2 2 2 2 2 2 -1125 -1125 -1125 -1125 -1125 -1125 -1125 -1125 -1125 11 -1125 -1125 -1125 -1125 -1125 -1125 -1125 -1125 -1125 -1125 -1125 -1125 -1125 -1125 -1125
10 2 2 2 2 2 2 2 2 2 2 2 2 2 -1125 -1125 -1125 -1125 -1125 -1125 -1125 -1125 -1125 -1125 11 -1125 -1125 -1125 -1125 -1125 -1125 -1125 -1125 -1125 -1125 -1125 -1125 -1125 -1125
10 2 2 2 2 2 2 2 2 2 2 2 2 -1125 -1125 -1125 -1125 -1125 -1125 -1125 -1125 -1125 -1125 -1125 11 -1125 -1125 -1125 -1125 -1125 -1125 -1125 -1125 -1125 -1125 -1125 -1125 -1125
10 2 2 2 2 2 2 2 2 2 2 2 -1125 -1125 -1125 -1125 -1125 -1125 -1125 -1125 -1125 -1125 -1125 -1125 11 -1125 -1125 -1125 -1125 -1125 -1125 -1125 -1125 -1125 -1125 -1125 -1125
10 2 2 2 2 2 2 2 2 2 2 -1125 -1125 -1125 -1125 -1125 -1125 -1125 -1125 -1125 -1125 -1125 -1125 -1125 11 -1125 -1125 -1125 -1125 -1125 -1125 -1125 -1125 -1125 -1125 -1125
10 2 2 2 2 2 2 2 2 2 -1125 -1125 -1125 -1125 -1125 -1125 -1125 -1125 -1125 -1125 -1125 -1125 -1125 -1125 11 -1125 -1125 -1125 -1125 -1125 -1125 -1125 -1125 -1125 -1125
10 2 2 2 2 2 2 2 2 -1125 -1125 -1125 -1125 -1125 -1125 -1125 -1125 -1125 -1125 -1125 -1125 -1125 -1125 -1125 11 -1125 -1125 -1125 -1125 -1125 -1125 -1125 -1125 -1125
10 2 2 2 2 2 2 2 -1125 -1125 -1125 -1125 -1125 -1125 -1125 -1125 -1125 -1125 -1125 -1125 -1125 -1125 -1125 -1125 11 -1125 -1125 -1125 -1125 -1125 -1125 -1125 -1125
10 2 2 2 2 2 2 -1125 -1125 -1125 -1125 -1125 -1125 -1125 -1125 -1125 -1125 -1125 -1125 -1125 -1125 -1125 -1125 -1125 11 -1125 -1125 -1125 -1125 -1125 -1125 -1125
10 2 2 2 2 2 -1125 -1125 -1125 -1125 -1125 -1125 -1125 -1125 -1125 -1125 -1125 -1125 -1125 -1125 -1125 -1125 -1125 -1125 11 -1125 -1125 -1125 -1125 -1125 -1125
10 2 2 2 2 -1125 -1125 -1125 -1125 -1125 -1125 -1125 -1125 -1125 -1125 -1125 -1125 -1125 -1125 -1125 -1125 -1125 -1125 -1125 11 -1125 -1125 -1125 -1125 -1125
10 2 2 2 -1125 -1125 -1125 -1125 -1125 -1125 -1125 -1125 -1125 -1125 -1125 -1125 -1125 -1125 -1125 -1125 -1125 -1125 -1125 -1125 11 -1125 -1125 -1125 -1125
10 2 2 -1125 -1125 -1125 -1125 -1125 -1125 -1125 -1125 -1125 -1125 -1125 -1125 -1125 -1125 -1125 -1125 -1125 -1125 -1125 -1125 -1125 11 -1125 -1125 -1125
10 2 -1125 -1125 -1125 -1125 -1125 -1125 -1125 -1125 -1125 -1125 -1125 -1125 -1125 -1125 -1125 -1125 -1125 -1125 -1125 -1125 -1125 -1125 11 -1125 -1125
10 -1125 -1125 -1125 -1125 -1125 -1125 -1125 -1125 -1125 -1125 -1125 -1125 -1125 -1125 -1125 -1125 -1125 -1125 -1125 -1125 -1125 -1125 -1125 11 -1125
-1125 -1125 -1125 -1125 -1125 -1125 -1125 -1125 -1125 -1125 -1125 -1125 -1125 -1125 -1125 -1125 -1125 -1125 -1125 -1125 -1125 -1125 -1125 -1125 11
-1125 -1125 -1125 -1125 -1125 -1125 -1125 -1125 -1125 -1125 -1125 -1125 -1125 -1125 -1125 -1125 -1125 -1125 -1125 -1125 -1125 -1125 -1125 -1125
-1125 -1125 -1125 -1125 -1125 -1125 -1125 -1125 -1125 -1125 -1125 -1125 -1125 -1125 -1125 -1125 -1125 -1125 -1125 -1125 -1125 -1125 -1125
-1125 -1125 -1125 -1125 -1125 -1125 -1125 -1125 -1125 -1125 -1125 -1125 -1125 -1125 -1125 -1125 -1125 -1125 -1125 -1125 -1125 -1125
-1125 -1125 -1125 -1125 -1125 -1125 -1125 -1125 -1125 -1125 -1125 -1125 -1125 -1125 -1125 -1125 -1125 -1125 -1125 -1125 -1125
-1125 -1125 -1125 -1125 -1125 -1125 -1125 -1125 -1125 -1125 -1125 -1125 -1125 -1125 -1125 -1125 -1125 -1125 -1125 -1125
-1125 -1125 -1125 -1125 -1125 -1125 -1125 -1125 -1125 -1125 -1125 -1125 -1125 -1125 -1125 -1125 -1125 -1125 -1125
-1125 -1125 -1125 -1125 -1125 -1125 -1125 -1125 -1125 -1125 -1125 -1125 -1125 -1125 -1125 -1125 -1125 -1125
-1125 -1125 -1125 -1125 -1125 -1125 -1125 -1125 -1125 -1125 -1125 -1125 -1125 -1125 -1125 -1125 -1125
-1125 -1125 -1125 -1125 -1125 -1125 -1125 -1125 -1125 -1125 -1125 -1125 -1125 -1125 -1125 -1125
-1125 -1125 -1125 -1125 -1125 -1125 -1125 -1125 -1125 -1125 -1125 -1125 -1125 -1125 -1125
-1125 -1125 -1125 -1125 -1125 -1125 -1125 -1125 -1125 -1125 -1125 -1125 -1125 -1125
-1125 -1125 -1125 -1125 -1125 -1125 -1125 -1125 -1125 -1125 -1125 -1125 -1125
-1125 -1125 -1125 -1125 -1125 -1125 -1125 -1125 -1125 -1125 -1125 -1125
-1125 -1125 -1125 -1125 -1125 -1125 -1125 -1125 -1125 -1125 -1125
-1125 -1125 -1125 -1125 -1125 -1125 -1125 -1125 -1125 -1125
-1125 -1125 -1125 -1125 -1125 -1125 -1125 -1125 -1125
-1125 -1125 -1125 -1125 -1125 -1125 -1125 -1125
-1125 -1125 -1125 -1125 -1125 -1125 -1125
-1125 -1125 -1125 -1125 -1125 -1125
-1125 -1125 -1125 -1125 -1125
-1125 -1125 -1125 -1125
-1125 -1125 -1125
-1125 -1125
-1125
