100
3 2 2 2 2 2 2 2 2 2 2 2 2 2 2 2 2 2 2 2 2 2 2 2 2 2 2 2 2 2 2 2 2 2 2 2 2 2 2 2 2 2 2 2 2 2 2 2 3 4 -2800 -2800 -2800 -2800 -2800 -2800 -2800 -2800 -2800 -2800 -2800 -2800 -2800 -2800 -2800 -2800 -2800 -2800 -2800 -2800 -2800 -2800 -2800 -2800 -2800 -2800 -2800 -2800 -2800 -2800 -2800 -2800 -2800 -2800 -2800 -2800 -2800 -2800 -2800 -2800 -2800 -2800 -2800 -2800 -2800 -2800 -2800 -2800 -2800
3 2 2 2 2 2 2 2 2 2 2 2 2 2 2 2 2 2 2 2 2 2 2 2 2 2 2 2 2 2 2 2 2 2 2 2 2 2 2 2 2 2 2 2 2 2 2 2 -2800 4 -2800 -2800 -2800 -2800 -2800 -2800 -2800 -2800 -2800 -2800 -2800 -2800 -2800 -2800 -2800 -2800 -2800 -2800 -2800 -2800 -2800 -2800 -2800 -2800 -2800 -2800 -2800 -2800 -2800 -2800 -2800 -2800 -2800 -2800 -2800 -2800 -2800 -2800 -2800 -2800 -2800 -2800 -2800 -2800 -2800 -2800 -2800 -2800
3 2 2 2 2 2 2 2 2 2 2 2 2 2 2 2 2 2 2 2 2 2 2 2 2 2 2 2 2 2 2 2 2 2 2 2 2 2 2 2 2 2 2 2 2 2 2 -2800 -2800 4 -2800 -2800 -2800 -2800 -2800 -2800 -2800 -2800 -2800 -2800 -2800 -2800 -2800 -2800 -2800 -2800 -2800 -2800 -2800 -2800 -2800 -2800 -2800 -2800 -2800 -2800 -2800 -2800 -2800 -2800 -2800 -2800 -2800 -2800 -2800 -2800 -2800 -2800 -2800 -2800 -2800 -2800 -2800 -2800 -2800 -2800 -2800
3 2 2 2 2 2 2 2 2 2 2 2 2 2 2 2 2 2 2 2 2 2 2 2 2 2 2 2 2 2 2 2 2 2 2 2 2 2 2 2 2 2 2 2 2 2 -2800 -2800 -2800 4 -2800 -2800 -2800 -2800 -2800 -2800 -2800 -2800 -2800 -2800 -2800 -2800 -2800 -2800 -2800 -2800 -2800 -2800 -2800 -2800 -2800 -2800 -2800 -2800 -2800 -2800 -2800 -2800 -2800 -2800 -2800 -2800 -2800 -2800 -2800 -2800 -2800 -2800 -2800 -2800 -2800 -2800 -2800 -2800 -2800 -2800
3 2 2 2 2 2 2 2 2 2 2 2 2 2 2 2 2 2 2 2 2 2 2 2 2 2 2 2 2 2 2 2 2 2 2 2 2 2 2 2 2 2 2 2 2 -2800 -2800 -2800 -2800 4 -2800 -2800 -2800 -2800 -2800 -2800 -2800 -2800 -2800 -2800 -2800 -2800 -2800 -2800 -2800 -2800 -2800 -2800 -2800 -2800 -2800 -2800 -2800 -2800 -2800 -2800 -2800 -2800 -2800 -2800 -2800 -2800 -2800 -2800 -2800 -2800 -2800 -2800 -2800 -2800 -2800 -2800 -2800 -2800 -2800
3 2 2 2 2 2 2 2 2 2 2 2 2 2 2 2 2 2 2 2 2 2 2 2 2 2 2 2 2 2 2 2 2 2 2 2 2 2 2 2 2 2 2 2 -2800 -2800 -2800 -2800 -2800 4 -2800 -2800 -2800 -2800 -2800 -2800 -2800 -2800 -2800 -2800 -2800 -2800 -2800 -2800 -2800 -2800 -2800 -2800 -2800 -2800 -2800 -2800 -2800 -2800 -2800 -2800 -2800 -2800 -2800 -2800 -2800 -2800 -2800 -2800 -2800 -2800 -2800 -2800 -2800 -2800 -2800 -2800 -2800 -2800
3 2 2 2 2 2 2 2 2 2 2 2 2 2 2 2 2 2 2 2 2 2 2 2 2 2 2 2 2 2 2 2 2 2 2 2 2 2 2 2 2 2 2 -2800 -2800 -2800 -2800 -2800 -2800 4 -2800 -2800 -2800 -2800 -2800 -2800 -2800 -2800 -2800 -2800 -2800 -2800 -2800 -2800 -2800 -2800 -2800 -2800 -2800 -2800 -2800 -2800 -2800 -2800 -2800 -2800 -2800 -2800 -2800 -2800 -2800 -2800 -2800 -2800 -2800 -2800 -2800 -2800 -2800 -2800 -2800 -2800 -2800
3 2 2 2 2 2 2 2 2 2 2 2 2 2 2 2 2 2 2 2 2 2 2 2 2 2 2 2 2 2 2 2 2 2 2 2 2 2 2 2 2 2 -2800 -2800 -2800 -2800 -2800 -2800 -2800 4 -2800 -2800 -2800 -2800 -2800 -2800 -2800 -2800 -2800 -2800 -2800 -2800 -2800 -2800 -2800 -2800 -2800 -2800 -2800 -2800 -2800 -2800 -2800 -2800 -2800 -2800 -2800 -2800 -2800 -2800 -2800 -2800 -2800 -2800 -2800 -2800 -2800 -2800 -2800 -2800 -2800 -2800
3 2 2 2 2 2 2 2 2 2 2 2 2 2 2 2 2 2 2 2 2 2 2 2 2 2 2 2 2 2 2 2 2 2 2 2 2 2 2 2 2 -2800 -2800 -2800 -2800 -2800 -2800 -2800 -2800 4 -2800 -2800 -2800 -2800 -2800 -2800 -2800 -2800 -2800 -2800 -2800 -2800 -2800 -2800 -2800 -2800 -2800 -2800 -2800 -2800 -2800 -2800 -2800 -2800 -2800 -2800 -2800 -2800 -2800 -2800 -2800 -2800 -2800 -2800 -2800 -2800 -2800 -2800 -2800 -2800 -2800
3 2 2 2 2 2 2 2 2 2 2 2 2 2 2 2 2 2 2 2 2 2 2 2 2 2 2 2 2 2 2 2 2 2 2 2 2 2 2 2 -2800 -2800 -2800 -2800 -2800 -2800 -2800 -2800 -2800 4 -2800 -2800 -2800 -2800 -2800 -2800 -2800 -2800 -2800 -2800 -2800 -2800 -2800 -2800 -2800 -2800 -2800 -2800 -2800 -2800 -2800 -2800 -2800 -2800 -2800 -2800 -2800 -2800 -2800 -2800 -2800 -2800 -2800 -2800 -2800 -2800 -2800 -2800 -2800 -2800
3 2 2 2 2 2 2 2 2 2 2 2 2 2 2 2 2 2 2 2 2 2 2 2 2 2 2 2 2 2 2 2 2 2 2 2 2 2 2 -2800 -2800 -2800 -2800 -2800 -2800 -2800 -2800 -2800 -2800 4 -2800 -2800 -2800 -2800 -2800 -2800 -2800 -2800 -2800 -2800 -2800 -2800 -2800 -2800 -2800 -2800 -2800 -2800 -2800 -2800 -2800 -2800 -2800 -2800 -2800 -2800 -2800 -2800 -2800 -2800 -2800 -2800 -2800 -2800 -2800 -2800 -2800 -2800 -2800
3 2 2 2 2 2 2 2 2 2 2 2 2 2 2 2 2 2 2 2 2 2 2 2 2 2 2 2 2 2 2 2 2 2 2 2 2 2 -2800 -2800 -2800 -2800 -2800 -2800 -2800 -2800 -2800 -2800 -2800 4 -2800 -2800 -2800 -2800 -2800 -2800 -2800 -2800 -2800 -2800 -2800 -2800 -2800 -2800 -2800 -2800 -2800 -2800 -2800 -2800 -2800 -2800 -2800 -2800 -2800 -2800 -2800 -2800 -2800 -2800 -2800 -2800 -2800 -2800 -2800 -2800 -2800 -2800
3 2 2 2 2 2 2 2 2 2 2 2 2 2 2 2 2 2 2 2 2 2 2 2 2 2 2 2 2 2 2 2 2 2 2 2 2 -2800 -2800 -2800 -2800 -2800 -2800 -2800 -2800 -2800 -2800 -2800 -2800 4 -2800 -2800 -2800 -2800 -2800 -2800 -2800 -2800 -2800 -2800 -2800 -2800 -2800 -2800 -2800 -2800 -2800 -2800 -2800 -2800 -2800 -2800 -2800 -2800 -2800 -2800 -2800 -2800 -2800 -2800 -2800 -2800 -2800 -2800 -2800 -2800 -2800
3 2 2 2 2 2 2 2 2 2 2 2 2 2 2 2 2 2 2 2 2 2 2 2 2 2 2 2 2 2 2 2 2 2 2 2 -2800 -2800 -2800 -2800 -2800 -2800 -2800 -2800 -2800 -2800 -2800 -2800 -2800 4 -2800 -2800 -2800 -2800 -2800 -2800 -2800 -2800 -2800 -2800 -2800 -2800 -2800 -2800 -2800 -2800 -2800 -2800 -2800 -2800 -2800 -2800 -2800 -2800 -2800 -2800 -2800 -2800 -2800 -2800 -2800 -2800 -2800 -2800 -2800 -2800
3 2 2 2 2 2 2 2 2 2 2 2 2 2 2 2 2 2 2 2 2 2 2 2 2 2 2 2 2 2 2 2 2 2 2 -2800 -2800 -2800 -2800 -2800 -2800 -2800 -2800 -2800 -2800 -2800 -2800 -2800 -2800 4 -2800 -2800 -2800 -2800 -2800 -2800 -2800 -2800 -2800 -2800 -2800 -2800 -2800 -2800 -2800 -2800 -2800 -2800 -2800 -2800 -2800 -2800 -2800 -2800 -2800 -2800 -2800 -2800 -2800 -2800 -2800 -2800 -2800 -2800 -2800
3 2 2 2 2 2 2 2 2 2 2 2 2 2 2 2 2 2 2 2 2 2 2 2 2 2 2 2 2 2 2 2 2 2 -2800 -2800 -2800 -2800 -2800 -2800 -2800 -2800 -2800 -2800 -2800 -2800 -2800 -2800 -2800 4 -2800 -2800 -2800 -2800 -2800 -2800 -2800 -2800 -2800 -2800 -2800 -2800 -2800 -2800 -2800 -2800 -2800 -2800 -2800 -2800 -2800 -2800 -2800 -2800 -2800 -2800 -2800 -2800 -2800 -2800 -2800 -2800 -2800 -2800
3 2 2 2 2 2 2 2 2 2 2 2 2 2 2 2 2 2 2 2 2 2 2 2 2 2 2 2 2 2 2 2 2 -2800 -2800 -2800 -2800 -2800 -2800 -2800 -2800 -2800 -2800 -2800 -2800 -2800 -2800 -2800 -2800 4 -2800 -2800 -2800 -2800 -2800 -2800 -2800 -2800 -2800 -2800 -2800 -2800 -2800 -2800 -2800 -2800 -2800 -2800 -2800 -2800 -2800 -2800 -2800 -2800 -2800 -2800 -2800 -2800 -2800 -2800 -2800 -2800 -2800
3 2 2 2 2 2 2 2 2 2 2 2 2 2 2 2 2 2 2 2 2 2 2 2 2 2 2 2 2 2 2 2 -2800 -2800 -2800 -2800 -2800 -2800 -2800 -2800 -2800 -2800 -2800 -2800 -2800 -2800 -2800 -2800 -2800 4 -2800 -2800 -2800 -2800 -2800 -2800 -2800 -2800 -2800 -2800 -2800 -2800 -2800 -2800 -2800 -2800 -2800 -2800 -2800 -2800 -2800 -2800 -2800 -2800 -2800 -2800 -2800 -2800 -2800 -2800 -2800 -2800
3 2 2 2 2 2 2 2 2 2 2 2 2 2 2 2 2 2 2 2 2 2 2 2 2 2 2 2 2 2 2 -2800 -2800 -2800 -2800 -2800 -2800 -2800 -2800 -2800 -2800 -2800 -2800 -2800 -2800 -2800 -2800 -2800 -2800 4 -2800 -2800 -2800 -2800 -2800 -2800 -2800 -2800 -2800 -2800 -2800 -2800 -2800 -2800 -2800 -2800 -2800 -2800 -2800 -2800 -2800 -2800 -2800 -2800 -2800 -2800 -2800 -2800 -2800 -2800 -2800
3 2 2 2 2 2 2 2 2 2 2 2 2 2 2 2 2 2 2 2 2 2 2 2 2 2 2 2 2 2 -2800 -2800 -2800 -2800 -2800 -2800 -2800 -2800 -2800 -2800 -2800 -2800 -2800 -2800 -2800 -2800 -2800 -2800 -2800 4 -2800 -2800 -2800 -2800 -2800 -2800 -2800 -2800 -2800 -2800 -2800 -2800 -2800 -2800 -2800 -2800 -2800 -2800 -2800 -2800 -2800 -2800 -2800 -2800 -2800 -2800 -2800 -2800 -2800 -2800
3 2 2 2 2 2 2 2 2 2 2 2 2 2 2 2 2 2 2 2 2 2 2 2 2 2 2 2 2 -2800 -2800 -2800 -2800 -2800 -2800 -2800 -2800 -2800 -2800 -2800 -2800 -2800 -2800 -2800 -2800 -2800 -2800 -2800 -2800 4 -2800 -2800 -2800 -2800 -2800 -2800 -2800 -2800 -2800 -2800 -2800 -2800 -2800 -2800 -2800 -2800 -2800 -2800 -2800 -2800 -2800 -2800 -2800 -2800 -2800 -2800 -2800 -2800 -2800
3 2 2 2 2 2 2 2 2 2 2 2 2 2 2 2 2 2 2 2 2 2 2 2 2 2 2 2 -2800 -2800 -2800 -2800 -2800 -2800 -2800 -2800 -2800 -2800 -2800 -2800 -2800 -2800 -2800 -2800 -2800 -2800 -2800 -2800 -2800 4 -2800 -2800 -2800 -2800 -2800 -2800 -2800 -2800 -2800 -2800 -2800 -2800 -2800 -2800 -2800 -2800 -2800 -2800 -2800 -2800 -2800 -2800 -2800 -2800 -2800 -2800 -2800 -2800
3 2 2 2 2 2 2 2 2 2 2 2 2 2 2 2 2 2 2 2 2 2 2 2 2 2 2 -2800 -2800 -2800 -2800 -2800 -2800 -2800 -2800 -2800 -2800 -2800 -2800 -2800 -2800 -2800 -2800 -2800 -2800 -2800 -2800 -2800 -2800 4 -2800 -2800 -2800 -2800 -2800 -2800 -2800 -2800 -2800 -2800 -2800 -2800 -2800 -2800 -2800 -2800 -2800 -2800 -2800 -2800 -2800 -2800 -2800 -2800 -2800 -2800 -2800
3 2 2 2 2 2 2 2 2 2 2 2 2 2 2 2 2 2 2 2 2 2 2 2 2 2 -2800 -2800 -2800 -2800 -2800 -2800 -2800 -2800 -2800 -2800 -2800 -2800 -2800 -2800 -2800 -2800 -2800 -2800 -2800 -2800 -2800 -2800 -2800 4 -2800 -2800 -2800 -2800 -2800 -2800 -2800 -2800 -2800 -2800 -2800 -2800 -2800 -2800 -2800 -2800 -2800 -2800 -2800 -2800 -2800 -2800 -2800 -2800 -2800 -2800
3 2 2 2 2 2 2 2 2 2 2 2 2 2 2 2 2 2 2 2 2 2 2 2 2 -2800 -2800 -2800 -2800 -2800 -2800 -2800 -2800 -2800 -2800 -2800 -2800 -2800 -2800 -2800 -2800 -2800 -2800 -2800 -2800 -2800 -2800 -2800 -2800 4 -2800 -2800 -2800 -2800 -2800 -2800 -2800 -2800 -2800 -2800 -2800 -2800 -2800 -2800 -2800 -2800 -2800 -2800 -2800 -2800 -2800 -2800 -2800 -2800 -2800
3 2 2 2 2 2 2 2 2 2 2 2 2 2 2 2 2 2 2 2 2 2 2 2 -2800 -2800 -2800 -2800 -2800 -2800 -2800 -2800 -2800 -2800 -2800 -2800 -2800 -2800 -2800 -2800 -2800 -2800 -2800 -2800 -2800 -2800 -2800 -2800 -2800 4 -2800 -2800 -2800 -2800 -2800 -2800 -2800 -2800 -2800 -2800 -2800 -2800 -2800 -2800 -2800 -2800 -2800 -2800 -2800 -2800 -2800 -2800 -2800 -2800
3 2 2 2 2 2 2 2 2 2 2 2 2 2 2 2 2 2 2 2 2 2 2 -2800 -2800 -2800 -2800 -2800 -2800 -2800 -2800 -2800 -2800 -2800 -2800 -2800 -2800 -2800 -2800 -2800 -2800 -2800 -2800 -2800 -2800 -2800 -2800 -2800 -2800 4 -2800 -2800 -2800 -2800 -2800 -2800 -2800 -2800 -2800 -2800 -2800 -2800 -2800 -2800 -2800 -2800 -2800 -2800 -2800 -2800 -2800 -2800 -2800
3 2 2 2 2 2 2 2 2 2 2 2 2 2 2 2 2 2 2 2 2 2 -2800 -2800 -2800 -2800 -2800 -2800 -2800 -2800 -2800 -2800 -2800 -2800 -2800 -2800 -2800 -2800 -2800 -2800 -2800 -2800 -2800 -2800 -2800 -2800 -2800 -2800 -2800 4 -2800 -2800 -2800 -2800 -2800 -2800 -2800 -2800 -2800 -2800 -2800 -2800 -2800 -2800 -2800 -2800 -2800 -2800 -2800 -2800 -2800 -2800
3 2 2 2 2 2 2 2 2 2 2 2 2 2 2 2 2 2 2 2 2 -2800 -2800 -2800 -2800 -2800 -2800 -2800 -2800 -2800 -2800 -2800 -2800 -2800 -2800 -2800 -2800 -2800 -2800 -2800 -2800 -2800 -2800 -2800 -2800 -2800 -2800 -2800 -2800 4 -2800 -2800 -2800 -2800 -2800 -2800 -2800 -2800 -2800 -2800 -2800 -2800 -2800 -2800 -2800 -2800 -2800 -2800 -2800 -2800 -2800
3 2 2 2 2 2 2 2 2 2 2 2 2 2 2 2 2 2 2 2 -2800 -2800 -2800 -2800 -2800 -2800 -2800 -2800 -2800 -2800 -2800 -2800 -2800 -2800 -2800 -2800 -2800 -2800 -2800 -2800 -2800 -2800 -2800 -2800 -2800 -2800 -2800 -2800 -2800 4 -2800 -2800 -2800 -2800 -2800 -2800 -2800 -2800 -2800 -2800 -2800 -2800 -2800 -2800 -2800 -2800 -2800 -2800 -2800 -2800
3 2 2 2 2 2 2 2 2 2 2 2 2 2 2 2 2 2 2 -2800 -2800 -2800 -2800 -2800 -2800 -2800 -2800 -2800 -2800 -2800 -2800 -2800 -2800 -2800 -2800 -2800 -2800 -2800 -2800 -2800 -2800 -2800 -2800 -2800 -2800 -2800 -2800 -2800 -2800 4 -2800 -2800 -2800 -2800 -2800 -2800 -2800 -2800 -2800 -2800 -2800 -2800 -2800 -2800 -2800 -2800 -2800 -2800 -2800
3 2 2 2 2 2 2 2 2 2 2 2 2 2 2 2 2 2 -2800 -2800 -2800 -2800 -2800 -2800 -2800 -2800 -2800 -2800 -2800 -2800 -2800 -2800 -2800 -2800 -2800 -2800 -2800 -2800 -2800 -2800 -2800 -2800 -2800 -2800 -2800 -2800 -2800 -2800 -2800 4 -2800 -2800 -2800 -2800 -2800 -2800 -2800 -2800 -2800 -2800 -2800 -2800 -2800 -2800 -2800 -2800 -2800 -2800
3 2 2 2 2 2 2 2 2 2 2 2 2 2 2 2 2 -2800 -2800 -2800 -2800 -2800 -2800 -2800 -2800 -2800 -2800 -2800 -2800 -2800 -2800 -2800 -2800 -2800 -2800 -2800 -2800 -2800 -2800 -2800 -2800 -2800 -2800 -2800 -2800 -2800 -2800 -2800 -2800 4 -2800 -2800 -2800 -2800 -2800 -2800 -2800 -2800 -2800 -2800 -2800 -2800 -2800 -2800 -2800 -2800 -2800
3 2 2 2 2 2 2 2 2 2 2 2 2 2 2 2 -2800 -2800 -2800 -2800 -2800 -2800 -2800 -2800 -2800 -2800 -2800 -2800 -2800 -2800 -2800 -2800 -2800 -2800 -2800 -2800 -2800 -2800 -2800 -2800 -2800 -2800 -2800 -2800 -2800 -2800 -2800 -2800 -2800 4 -2800 -2800 -2800 -2800 -2800 -2800 -2800 -2800 -2800 -2800 -2800 -2800 -2800 -2800 -2800 -2800
3 2 2 2 2 2 2 2 2 2 2 2 2 2 2 -2800 -2800 -2800 -2800 -2800 -2800 -2800 -2800 -2800 -2800 -2800 -2800 -2800 -2800 -2800 -2800 -2800 -2800 -2800 -2800 -2800 -2800 -2800 -2800 -2800 -2800 -2800 -2800 -2800 -2800 -2800 -2800 -2800 -2800 4 -2800 -2800 -2800 -2800 -2800 -2800 -2800 -2800 -2800 -2800 -2800 -2800 -2800 -2800 -2800
3 2 2 2 2 2 2 2 2 2 2 2 2 2 -2800 -2800 -2800 -2800 -2800 -2800 -2800 -2800 -2800 -2800 -2800 -2800 -2800 -2800 -2800 -2800 -2800 -2800 -2800 -2800 -2800 -2800 -2800 -2800 -2800 -2800 -2800 -2800 -2800 -2800 -2800 -2800 -2800 -2800 -2800 4 -2800 -2800 -2800 -2800 -2800 -2800 -2800 -2800 -2800 -2800 -2800 -2800 -2800 -2800
3 2 2 2 2 2 2 2 2 2 2 2 2 -2800 -2800 -2800 -2800 -2800 -2800 -2800 -2800 -2800 -2800 -2800 -2800 -2800 -2800 -2800 -2800 -2800 -2800 -2800 -2800 -2800 -2800 -2800 -2800 -2800 -2800 -2800 -2800 -2800 -2800 -2800 -2800 -2800 -2800 -2800 -2800 4 -2800 -2800 -2800 -2800 -2800 -2800 -2800 -2800 -2800 -2800 -2800 -2800 -2800
3 2 2 2 2 2 2 2 2 2 2 2 -2800 -2800 -2800 -2800 -2800 -2800 -2800 -2800 -2800 -2800 -2800 -2800 -2800 -2800 -2800 -2800 -2800 -2800 -2800 -2800 -2800 -2800 -2800 -2800 -2800 -2800 -2800 -2800 -2800 -2800 -2800 -2800 -2800 -2800 -2800 -2800 -2800 4 -2800 -2800 -2800 -2800 -2800 -2800 -2800 -2800 -2800 -2800 -2800 -2800
3 2 2 2 2 2 2 2 2 2 2 -2800 -2800 -2800 -2800 -2800 -2800 -2800 -2800 -2800 -2800 -2800 -2800 -2800 -2800 -2800 -2800 -2800 -2800 -2800 -2800 -2800 -2800 -2800 -2800 -2800 -2800 -2800 -2800 -2800 -2800 -2800 -2800 -2800 -2800 -2800 -2800 -2800 -2800 4 -2800 -2800 -2800 -2800 -2800 -2800 -2800 -2800 -2800 -2800 -2800
3 2 2 2 2 2 2 2 2 2 -2800 -2800 -2800 -2800 -2800 -2800 -2800 -2800 -2800 -2800 -2800 -2800 -2800 -2800 -2800 -2800 -2800 -2800 -2800 -2800 -2800 -2800 -2800 -2800 -2800 -2800 -2800 -2800 -2800 -2800 -2800 -2800 -2800 -2800 -2800 -2800 -2800 -2800 -2800 4 -2800 -2800 -2800 -2800 -2800 -2800 -2800 -2800 -2800 -2800
3 2 2 2 2 2 2 2 2 -2800 -2800 -2800 -2800 -2800 -2800 -2800 -2800 -2800 -2800 -2800 -2800 -2800 -2800 -2800 -2800 -2800 -2800 -2800 -2800 -2800 -2800 -2800 -2800 -2800 -2800 -2800 -2800 -2800 -2800 -2800 -2800 -2800 -2800 -2800 -2800 -2800 -2800 -2800 -2800 4 -2800 -2800 -2800 -2800 -2800 -2800 -2800 -2800 -2800
3 2 2 2 2 2 2 2 -2800 -2800 -2800 -2800 -2800 -2800 -2800 -2800 -2800 -2800 -2800 -2800 -2800 -2800 -2800 -2800 -2800 -2800 -2800 -2800 -2800 -2800 -2800 -2800 -2800 -2800 -2800 -2800 -2800 -2800 -2800 -2800 -2800 -2800 -2800 -2800 -2800 -2800 -2800 -2800 -2800 4 -2800 -2800 -2800 -2800 -2800 -2800 -2800 -2800
3 2 2 2 2 2 2 -2800 -2800 -2800 -2800 -2800 -2800 -2800 -2800 -2800 -2800 -2800 -2800 -2800 -2800 -2800 -2800 -2800 -2800 -2800 -2800 -2800 -2800 -2800 -2800 -2800 -2800 -2800 -2800 -2800 -2800 -2800 -2800 -2800 -2800 -2800 -2800 -2800 -2800 -2800 -2800 -2800 -2800 4 -2800 -2800 -2800 -2800 -2800 -2800 -2800
3 2 2 2 2 2 -2800 -2800 -2800 -2800 -2800 -2800 -2800 -2800 -2800 -2800 -2800 -2800 -2800 -2800 -2800 -2800 -2800 -2800 -2800 -2800 -2800 -2800 -2800 -2800 -2800 -2800 -2800 -2800 -2800 -2800 -2800 -2800 -2800 -2800 -2800 -2800 -2800 -2800 -2800 -2800 -2800 -2800 -2800 4 -2800 -2800 -2800 -2800 -2800 -2800
3 2 2 2 2 -2800 -2800 -2800 -2800 -2800 -2800 -2800 -2800 -2800 -2800 -2800 -2800 -2800 -2800 -2800 -2800 -2800 -2800 -2800 -2800 -2800 -2800 -2800 -2800 -2800 -2800 -2800 -2800 -2800 -2800 -2800 -2800 -2800 -2800 -2800 -2800 -2800 -2800 -2800 -2800 -2800 -2800 -2800 -2800 4 -2800 -2800 -2800 -2800 -2800
3 2 2 2 -2800 -2800 -2800 -2800 -2800 -2800 -2800 -2800 -2800 -2800 -2800 -2800 -2800 -2800 -2800 -2800 -2800 -2800 -2800 -2800 -2800 -2800 -2800 -2800 -2800 -2800 -2800 -2800 -2800 -2800 -2800 -2800 -2800 -2800 -2800 -2800 -2800 -2800 -2800 -2800 -2800 -2800 -2800 -2800 -2800 4 -2800 -2800 -2800 -2800
3 2 2 -2800 -2800 -2800 -2800 -2800 -2800 -2800 -2800 -2800 -2800 -2800 -2800 -2800 -2800 -2800 -2800 -2800 -2800 -2800 -2800 -2800 -2800 -2800 -2800 -2800 -2800 -2800 -2800 -2800 -2800 -2800 -2800 -2800 -2800 -2800 -2800 -2800 -2800 -2800 -2800 -2800 -2800 -2800 -2800 -2800 -2800 4 -2800 -2800 -2800
3 2 -2800 -2800 -2800 -2800 -2800 -2800 -2800 -2800 -2800 -2800 -2800 -2800 -2800 -2800 -2800 -2800 -2800 -2800 -2800 -2800 -2800 -2800 -2800 -2800 -2800 -2800 -2800 -2800 -2800 -2800 -2800 -2800 -2800 -2800 -2800 -2800 -2800 -2800 -2800 -2800 -2800 -2800 -2800 -2800 -2800 -2800 -2800 4 -2800 -2800
3 -2800 -2800 -2800 -2800 -2800 -2800 -2800 -2800 -2800 -2800 -2800 -2800 -2800 -2800 -2800 -2800 -2800 -2800 -2800 -2800 -2800 -2800 -2800 -2800 -2800 -2800 -2800 -2800 -2800 -2800 -2800 -2800 -2800 -2800 -2800 -2800 -2800 -2800 -2800 -2800 -2800 -2800 -2800 -2800 -2800 -2800 -2800 -2800 4 -2800
-2800 -2800 -2800 -2800 -2800 -2800 -2800 -2800 -2800 -2800 -2800 -2800 -2800 -2800 -2800 -2800 -2800 -2800 -2800 -2800 -2800 -2800 -2800 -2800 -2800 -2800 -2800 -2800 -2800 -2800 -2800 -2800 -2800 -2800 -2800 -2800 -2800 -2800 -2800 -2800 -2800 -2800 -2800 -2800 -2800 -2800 -2800 -2800 -2800 4
-2800 -2800 -2800 -2800 -2800 -2800 -2800 -2800 -2800 -2800 -2800 -2800 -2800 -2800 -2800 -2800 -2800 -2800 -2800 -2800 -2800 -2800 -2800 -2800 -2800 -2800 -2800 -2800 -2800 -2800 -2800 -2800 -2800 -2800 -2800 -2800 -2800 -2800 -2800 -2800 -2800 -2800 -2800 -2800 -2800 -2800 -2800 -2800 -2800
-2800 -2800 -2800 -2800 -2800 -2800 -2800 -2800 -2800 -2800 -2800 -2800 -2800 -2800 -2800 -2800 -2800 -2800 -2800 -2800 -2800 -2800 -2800 -2800 -2800 -2800 -2800 -2800 -2800 -2800 -2800 -2800 -2800 -2800 -2800 -2800 -2800 -2800 -2800 -2800 -2800 -2800 -2800 -2800 -2800 -2800 -2800 -2800
-2800 -2800 -2800 -2800 -2800 -2800 -2800 -2800 -2800 -2800 -2800 -2800 -2800 -2800 -2800 -2800 -2800 -2800 -2800 -2800 -2800 -2800 -2800 -2800 -2800 -2800 -2800 -2800 -2800 -2800 -2800 -2800 -2800 -2800 -2800 -2800 -2800 -2800 -2800 -2800 -2800 -2800 -2800 -2800 -2800 -2800 -2800
-2800 -2800 -2800 -2800 -2800 -2800 -2800 -2800 -2800 -2800 -2800 -2800 -2800 -2800 -2800 -2800 -2800 -2800 -2800 -2800 -2800 -2800 -2800 -2800 -2800 -2800 -2800 -2800 -2800 -2800 -2800 -2800 -2800 -2800 -2800 -2800 -2800 -2800 -2800 -2800 -2800 -2800 -2800 -2800 -2800 -2800
-2800 -2800 -2800 -2800 -2800 -2800 -2800 -2800 -2800 -2800 -2800 -2800 -2800 -2800 -2800 -2800 -2800 -2800 -2800 -2800 -2800 -2800 -2800 -2800 -2800 -2800 -2800 -2800 -2800 -2800 -2800 -2800 -2800 -2800 -2800 -2800 -2800 -2800 -2800 -2800 -2800 -2800 -2800 -2800 -2800
-2800 -2800 -2800 -2800 -2800 -2800 -2800 -2800 -2800 -2800 -2800 -2800 -2800 -2800 -2800 -2800 -2800 -2800 -2800 -2800 -2800 -2800 -2800 -2800 -2800 -2800 -2800 -2800 -2800 -2800 -2800 -2800 -2800 -2800 -2800 -2800 -2800 -2800 -2800 -2800 -2800 -2800 -2800 -2800
-2800 -2800 -2800 -2800 -2800 -2800 -2800 -2800 -2800 -2800 -2800 -2800 -2800 -2800 -2800 -2800 -2800 -2800 -2800 -2800 -2800 -2800 -2800 -2800 -2800 -2800 -2800 -2800 -2800 -2800 -2800 -2800 -2800 -2800 -2800 -2800 -2800 -2800 -2800 -2800 -2800 -2800 -2800
-2800 -2800 -2800 -2800 -2800 -2800 -2800 -2800 -2800 -2800 -2800 -2800 -2800 -2800 -2800 -2800 -2800 -2800 -2800 -2800 -2800 -2800 -2800 -2800 -2800 -2800 -2800 -2800 -2800 -2800 -2800 -2800 -2800 -2800 -2800 -2800 -2800 -2800 -2800 -2800 -2800 -2800
-2800 -2800 -2800 -2800 -2800 -2800 -2800 -2800 -2800 -2800 -2800 -2800 -2800 -2800 -2800 -2800 -2800 -2800 -2800 -2800 -2800 -2800 -2800 -2800 -2800 -2800 -2800 -2800 -2800 -2800 -2800 -2800 -2800 -2800 -2800 -2800 -2800 -2800 -2800 -2800 -2800
-2800 -2800 -2800 -2800 -2800 -2800 -2800 -2800 -2800 -2800 -2800 -2800 -2800 -2800 -2800 -2800 -2800 -2800 -2800 -2800 -2800 -2800 -2800 -2800 -2800 -2800 -2800 -2800 -2800 -2800 -2800 -2800 -2800 -2800 -2800 -2800 -2800 -2800 -2800 -2800
-2800 -2800 -2800 -2800 -2800 -2800 -2800 -2800 -2800 -2800 -2800 -2800 -2800 -2800 -2800 -2800 -2800 -2800 -2800 -2800 -2800 -2800 -2800 -2800 -2800 -2800 -2800 -2800 -2800 -2800 -2800 -2800 -2800 -2800 -2800 -2800 -2800 -2800 -2800
-2800 -2800 -2800 -2800 -2800 -2800 -2800 -2800 -2800 -2800 -2800 -2800 -2800 -2800 -2800 -2800 -2800 -2800 -2800 -2800 -2800 -2800 -2800 -2800 -2800 -2800 -2800 -2800 -2800 -2800 -2800 -2800 -2800 -2800 -2800 -2800 -2800 -2800
-2800 -2800 -2800 -2800 -2800 -2800 -2800 -2800 -2800 -2800 -2800 -2800 -2800 -2800 -2800 -2800 -2800 -2800 -2800 -2800 -2800 -2800 -2800 -2800 -2800 -2800 -2800 -2800 -2800 -2800 -2800 -2800 -2800 -2800 -2800 -2800 -2800
-2800 -2800 -2800 -2800 -2800 -2800 -2800 -2800 -2800 -2800 -2800 -2800 -2800 -2800 -2800 -2800 -2800 -2800 -2800 -2800 -2800 -2800 -2800 -2800 -2800 -2800 -2800 -2800 -2800 -2800 -2800 -2800 -2800 -2800 -2800 -2800
-2800 -2800 -2800 -2800 -2800 -2800 -2800 -2800 -2800 -2800 -2800 -2800 -2800 -2800 -2800 -2800 -2800 -2800 -2800 -2800 -2800 -2800 -2800 -2800 -2800 -2800 -2800 -2800 -2800 -2800 -2800 -2800 -2800 -2800 -2800
-2800 -2800 -2800 -2800 -2800 -2800 -2800 -2800 -2800 -2800 -2800 -2800 -2800 -2800 -2800 -2800 -2800 -2800 -2800 -2800 -2800 -2800 -2800 -2800 -2800 -2800 -2800 -2800 -2800 -2800 -2800 -2800 -2800 -2800
-2800 -2800 -2800 -2800 -2800 -2800 -2800 -2800 -2800 -2800 -2800 -2800 -2800 -2800 -2800 -2800 -2800 -2800 -2800 -2800 -2800 -2800 -2800 -2800 -2800 -2800 -2800 -2800 -2800 -2800 -2800 -2800 -2800
-2800 -2800 -2800 -2800 -2800 -2800 -2800 -2800 -2800 -2800 -2800 -2800 -2800 -2800 -2800 -2800 -2800 -2800 -2800 -2800 -2800 -2800 -2800 -2800 -2800 -2800 -2800 -2800 -2800 -2800 -2800 -2800
-2800 -2800 -2800 -2800 -2800 -2800 -2800 -2800 -2800 -2800 -2800 -2800 -2800 -2800 -2800 -2800 -2800 -2800 -2800 -2800 -2800 -2800 -2800 -2800 -2800 -2800 -2800 -2800 -2800 -2800 -2800
-2800 -2800 -2800 -2800 -2800 -2800 -2800 -2800 -2800 -2800 -2800 -2800 -2800 -2800 -2800 -2800 -2800 -2800 -2800 -2800 -2800 -2800 -2800 -2800 -2800 -2800 -2800 -2800 -2800 -2800
-2800 -2800 -2800 -2800 -2800 -2800 -2800 -2800 -2800 -2800 -2800 -2800 -2800 -2800 -2800 -2800 -2800 -2800 -2800 -2800 -2800 -2800 -2800 -2800 -2800 -2800 -2800 -2800 -2800
-2800 -2800 -2800 -2800 -2800 -2800 -2800 -2800 -2800 -2800 -2800 -2800 -2800 -2800 -2800 -2800 -2800 -2800 -2800 -2800 -2800 -2800 -2800 -2800 -2800 -2800 -2800 -2800
-2800 -2800 -2800 -2800 -2800 -2800 -2800 -2800 -2800 -2800 -2800 -2800 -2800 -2800 -2800 -2800 -2800 -2800 -2800 -2800 -2800 -2800 -2800 -2800 -2800 -2800 -2800
-2800 -2800 -2800 -2800 -2800 -2800 -2800 -2800 -2800 -2800 -2800 -2800 -2800 -2800 -2800 -2800 -2800 -2800 -2800 -2800 -2800 -2800 -2800 -2800 -2800 -2800
-2800 -2800 -2800 -2800 -2800 -2800 -2800 -2800 -2800 -2800 -2800 -2800 -2800 -2800 -2800 -2800 -2800 -2800 -2800 -2800 -2800 -2800 -2800 -2800 -2800
-2800 -2800 -2800 -2800 -2800 -2800 -2800 -2800 -2800 -2800 -2800 -2800 -2800 -2800 -2800 -2800 -2800 -2800 -2800 -2800 -2800 -2800 -2800 -2800
-2800 -2800 -2800 -2800 -2800 -2800 -2800 -2800 -2800 -2800 -2800 -2800 -2800 -2800 -2800 -2800 -2800 -2800 -2800 -2800 -2800 -2800 -2800
-2800 -2800 -2800 -2800 -2800 -2800 -2800 -2800 -2800 -2800 -2800 -2800 -2800 -2800 -2800 -2800 -2800 -2800 -2800 -2800 -2800 -2800
-2800 -2800 -2800 -2800 -2800 -2800 -2800 -2800 -2800 -2800 -2800 -2800 -2800 -2800 -2800 -2800 -2800 -2800 -2800 -2800 -2800
-2800 -2800 -2800 -2800 -2800 -2800 -2800 -2800 -2800 -2800 -2800 -2800 -2800 -2800 -2800 -2800 -2800 -2800 -2800 -2800
-2800 -2800 -2800 -2800 -2800 -2800 -2800 -2800 -2800 -2800 -2800 -2800 -2800 -2800 -2800 -2800 -2800 -2800 -2800
-2800 -2800 -2800 -2800 -2800 -2800 -2800 -2800 -2800 -2800 -2800 -2800 -2800 -2800 -2800 -2800 -2800 -2800
-2800 -2800 -2800 -2800 -2800 -2800 -2800 -2800 -2800 -2800 -2800 -2800 -2800 -2800 -2800 -2800 -2800
-2800 -2800 -2800 -2800 -2800 -2800 -2800 -2800 -2800 -2800 -2800 -2800 -2800 -2800 -2800 -2800
-2800 -2800 -2800 -2800 -2800 -2800 -2800 -2800 -2800 -2800 -2800 -2800 -2800 -2800 -2800
-2800 -2800 -2800 -2800 -2800 -2800 -2800 -2800 -2800 -2800 -2800 -2800 -2800 -2800
-2800 -2800 -2800 -2800 -2800 -2800 -2800 -2800 -2800 -2800 -2800 -2800 -2800
-2800 -2800 -2800 -2800 -2800 -2800 -2800 -2800 -2800 -2800 -2800 -2800
-2800 -2800 -2800 -2800 -2800 -2800 -2800 -2800 -2800 -2800 -2800
-2800 -2800 -2800 -2800 -2800 -2800 -2800 -2800 -2800 -2800
-2800 -2800 -2800 -2800 -2800 -2800 -2800 -2800 -2800
-2800 -2800 -2800 -2800 -2800 -2800 -2800 -2800
-2800 -2800 -2800 -2800 -2800 -2800 -2800
-2800 -2800 -2800 -2800 -2800 -2800
-2800 -2800 -2800 -2800 -2800
-2800 -2800 -2800 -2800
-2800 -2800 -2800
-2800 -2800
-2800
