100
20 2 2 2 2 2 2 2 2 2 2 2 2 2 2 2 2 2 2 2 2 2 2 2 2 2 2 2 2 2 2 2 2 2 2 2 2 2 2 2 2 2 2 2 2 2 2 2 20 21 -4500 -4500 -4500 -4500 -4500 -4500 -4500 -4500 -4500 -4500 -4500 -4500 -4500 -4500 -4500 -4500 -4500 -4500 -4500 -4500 -4500 -4500 -4500 -4500 -4500 -4500 -4500 -4500 -4500 -4500 -4500 -4500 -4500 -4500 -4500 -4500 -4500 -4500 -4500 -4500 -4500 -4500 -4500 -4500 -4500 -4500 -4500 -4500 -4500
20 2 2 2 2 2 2 2 2 2 2 2 2 2 2 2 2 2 2 2 2 2 2 2 2 2 2 2 2 2 2 2 2 2 2 2 2 2 2 2 2 2 2 2 2 2 2 2 -4500 21 -4500 -4500 -4500 -4500 -4500 -4500 -4500 -4500 -4500 -4500 -4500 -4500 -4500 -4500 -4500 -4500 -4500 -4500 -4500 -4500 -4500 -4500 -4500 -4500 -4500 -4500 -4500 -4500 -4500 -4500 -4500 -4500 -4500 -4500 -4500 -4500 -4500 -4500 -4500 -4500 -4500 -4500 -4500 -4500 -4500 -4500 -4500 -4500
20 2 2 2 2 2 2 2 2 2 2 2 2 2 2 2 2 2 2 2 2 2 2 2 2 2 2 2 2 2 2 2 2 2 2 2 2 2 2 2 2 2 2 2 2 2 2 -4500 -4500 21 -4500 -4500 -4500 -4500 -4500 -4500 -4500 -4500 -4500 -4500 -4500 -4500 -4500 -4500 -4500 -4500 -4500 -4500 -4500 -4500 -4500 -4500 -4500 -4500 -4500 -4500 -4500 -4500 -4500 -4500 -4500 -4500 -4500 -4500 -4500 -4500 -4500 -4500 -4500 -4500 -4500 -4500 -4500 -4500 -4500 -4500 -4500
20 2 2 2 2 2 2 2 2 2 2 2 2 2 2 2 2 2 2 2 2 2 2 2 2 2 2 2 2 2 2 2 2 2 2 2 2 2 2 2 2 2 2 2 2 2 -4500 -4500 -4500 21 -4500 -4500 -4500 -4500 -4500 -4500 -4500 -4500 -4500 -4500 -4500 -4500 -4500 -4500 -4500 -4500 -4500 -4500 -4500 -4500 -4500 -4500 -4500 -4500 -4500 -4500 -4500 -4500 -4500 -4500 -4500 -4500 -4500 -4500 -4500 -4500 -4500 -4500 -4500 -4500 -4500 -4500 -4500 -4500 -4500 -4500
20 2 2 2 2 2 2 2 2 2 2 2 2 2 2 2 2 2 2 2 2 2 2 2 2 2 2 2 2 2 2 2 2 2 2 2 2 2 2 2 2 2 2 2 2 -4500 -4500 -4500 -4500 21 -4500 -4500 -4500 -4500 -4500 -4500 -4500 -4500 -4500 -4500 -4500 -4500 -4500 -4500 -4500 -4500 -4500 -4500 -4500 -4500 -4500 -4500 -4500 -4500 -4500 -4500 -4500 -4500 -4500 -4500 -4500 -4500 -4500 -4500 -4500 -4500 -4500 -4500 -4500 -4500 -4500 -4500 -4500 -4500 -4500
20 2 2 2 2 2 2 2 2 2 2 2 2 2 2 2 2 2 2 2 2 2 2 2 2 2 2 2 2 2 2 2 2 2 2 2 2 2 2 2 2 2 2 2 -4500 -4500 -4500 -4500 -4500 21 -4500 -4500 -4500 -4500 -4500 -4500 -4500 -4500 -4500 -4500 -4500 -4500 -4500 -4500 -4500 -4500 -4500 -4500 -4500 -4500 -4500 -4500 -4500 -4500 -4500 -4500 -4500 -4500 -4500 -4500 -4500 -4500 -4500 -4500 -4500 -4500 -4500 -4500 -4500 -4500 -4500 -4500 -4500 -4500
20 2 2 2 2 2 2 2 2 2 2 2 2 2 2 2 2 2 2 2 2 2 2 2 2 2 2 2 2 2 2 2 2 2 2 2 2 2 2 2 2 2 2 -4500 -4500 -4500 -4500 -4500 -4500 21 -4500 -4500 -4500 -4500 -4500 -4500 -4500 -4500 -4500 -4500 -4500 -4500 -4500 -4500 -4500 -4500 -4500 -4500 -4500 -4500 -4500 -4500 -4500 -4500 -4500 -4500 -4500 -4500 -4500 -4500 -4500 -4500 -4500 -4500 -4500 -4500 -4500 -4500 -4500 -4500 -4500 -4500 -4500
20 2 2 2 2 2 2 2 2 2 2 2 2 2 2 2 2 2 2 2 2 2 2 2 2 2 2 2 2 2 2 2 2 2 2 2 2 2 2 2 2 2 -4500 -4500 -4500 -4500 -4500 -4500 -4500 21 -4500 -4500 -4500 -4500 -4500 -4500 -4500 -4500 -4500 -4500 -4500 -4500 -4500 -4500 -4500 -4500 -4500 -4500 -4500 -4500 -4500 -4500 -4500 -4500 -4500 -4500 -4500 -4500 -4500 -4500 -4500 -4500 -4500 -4500 -4500 -4500 -4500 -4500 -4500 -4500 -4500 -4500
20 2 2 2 2 2 2 2 2 2 2 2 2 2 2 2 2 2 2 2 2 2 2 2 2 2 2 2 2 2 2 2 2 2 2 2 2 2 2 2 2 -4500 -4500 -4500 -4500 -4500 -4500 -4500 -4500 21 -4500 -4500 -4500 -4500 -4500 -4500 -4500 -4500 -4500 -4500 -4500 -4500 -4500 -4500 -4500 -4500 -4500 -4500 -4500 -4500 -4500 -4500 -4500 -4500 -4500 -4500 -4500 -4500 -4500 -4500 -4500 -4500 -4500 -4500 -4500 -4500 -4500 -4500 -4500 -4500 -4500
20 2 2 2 2 2 2 2 2 2 2 2 2 2 2 2 2 2 2 2 2 2 2 2 2 2 2 2 2 2 2 2 2 2 2 2 2 2 2 2 -4500 -4500 -4500 -4500 -4500 -4500 -4500 -4500 -4500 21 -4500 -4500 -4500 -4500 -4500 -4500 -4500 -4500 -4500 -4500 -4500 -4500 -4500 -4500 -4500 -4500 -4500 -4500 -4500 -4500 -4500 -4500 -4500 -4500 -4500 -4500 -4500 -4500 -4500 -4500 -4500 -4500 -4500 -4500 -4500 -4500 -4500 -4500 -4500 -4500
20 2 2 2 2 2 2 2 2 2 2 2 2 2 2 2 2 2 2 2 2 2 2 2 2 2 2 2 2 2 2 2 2 2 2 2 2 2 2 -4500 -4500 -4500 -4500 -4500 -4500 -4500 -4500 -4500 -4500 21 -4500 -4500 -4500 -4500 -4500 -4500 -4500 -4500 -4500 -4500 -4500 -4500 -4500 -4500 -4500 -4500 -4500 -4500 -4500 -4500 -4500 -4500 -4500 -4500 -4500 -4500 -4500 -4500 -4500 -4500 -4500 -4500 -4500 -4500 -4500 -4500 -4500 -4500 -4500
20 2 2 2 2 2 2 2 2 2 2 2 2 2 2 2 2 2 2 2 2 2 2 2 2 2 2 2 2 2 2 2 2 2 2 2 2 2 -4500 -4500 -4500 -4500 -4500 -4500 -4500 -4500 -4500 -4500 -4500 21 -4500 -4500 -4500 -4500 -4500 -4500 -4500 -4500 -4500 -4500 -4500 -4500 -4500 -4500 -4500 -4500 -4500 -4500 -4500 -4500 -4500 -4500 -4500 -4500 -4500 -4500 -4500 -4500 -4500 -4500 -4500 -4500 -4500 -4500 -4500 -4500 -4500 -4500
20 2 2 2 2 2 2 2 2 2 2 2 2 2 2 2 2 2 2 2 2 2 2 2 2 2 2 2 2 2 2 2 2 2 2 2 2 -4500 -4500 -4500 -4500 -4500 -4500 -4500 -4500 -4500 -4500 -4500 -4500 21 -4500 -4500 -4500 -4500 -4500 -4500 -4500 -4500 -4500 -4500 -4500 -4500 -4500 -4500 -4500 -4500 -4500 -4500 -4500 -4500 -4500 -4500 -4500 -4500 -4500 -4500 -4500 -4500 -4500 -4500 -4500 -4500 -4500 -4500 -4500 -4500 -4500
20 2 2 2 2 2 2 2 2 2 2 2 2 2 2 2 2 2 2 2 2 2 2 2 2 2 2 2 2 2 2 2 2 2 2 2 -4500 -4500 -4500 -4500 -4500 -4500 -4500 -4500 -4500 -4500 -4500 -4500 -4500 21 -4500 -4500 -4500 -4500 -4500 -4500 -4500 -4500 -4500 -4500 -4500 -4500 -4500 -4500 -4500 -4500 -4500 -4500 -4500 -4500 -4500 -4500 -4500 -4500 -4500 -4500 -4500 -4500 -4500 -4500 -4500 -4500 -4500 -4500 -4500 -4500
20 2 2 2 2 2 2 2 2 2 2 2 2 2 2 2 2 2 2 2 2 2 2 2 2 2 2 2 2 2 2 2 2 2 2 -4500 -4500 -4500 -4500 -4500 -4500 -4500 -4500 -4500 -4500 -4500 -4500 -4500 -4500 21 -4500 -4500 -4500 -4500 -4500 -4500 -4500 -4500 -4500 -4500 -4500 -4500 -4500 -4500 -4500 -4500 -4500 -4500 -4500 -4500 -4500 -4500 -4500 -4500 -4500 -4500 -4500 -4500 -4500 -4500 -4500 -4500 -4500 -4500 -4500
20 2 2 2 2 2 2 2 2 2 2 2 2 2 2 2 2 2 2 2 2 2 2 2 2 2 2 2 2 2 2 2 2 2 -4500 -4500 -4500 -4500 -4500 -4500 -4500 -4500 -4500 -4500 -4500 -4500 -4500 -4500 -4500 21 -4500 -4500 -4500 -4500 -4500 -4500 -4500 -4500 -4500 -4500 -4500 -4500 -4500 -4500 -4500 -4500 -4500 -4500 -4500 -4500 -4500 -4500 -4500 -4500 -4500 -4500 -4500 -4500 -4500 -4500 -4500 -4500 -4500 -4500
20 2 2 2 2 2 2 2 2 2 2 2 2 2 2 2 2 2 2 2 2 2 2 2 2 2 2 2 2 2 2 2 2 -4500 -4500 -4500 -4500 -4500 -4500 -4500 -4500 -4500 -4500 -4500 -4500 -4500 -4500 -4500 -4500 21 -4500 -4500 -4500 -4500 -4500 -4500 -4500 -4500 -4500 -4500 -4500 -4500 -4500 -4500 -4500 -4500 -4500 -4500 -4500 -4500 -4500 -4500 -4500 -4500 -4500 -4500 -4500 -4500 -4500 -4500 -4500 -4500 -4500
20 2 2 2 2 2 2 2 2 2 2 2 2 2 2 2 2 2 2 2 2 2 2 2 2 2 2 2 2 2 2 2 -4500 -4500 -4500 -4500 -4500 -4500 -4500 -4500 -4500 -4500 -4500 -4500 -4500 -4500 -4500 -4500 -4500 21 -4500 -4500 -4500 -4500 -4500 -4500 -4500 -4500 -4500 -4500 -4500 -4500 -4500 -4500 -4500 -4500 -4500 -4500 -4500 -4500 -4500 -4500 -4500 -4500 -4500 -4500 -4500 -4500 -4500 -4500 -4500 -4500
20 2 2 2 2 2 2 2 2 2 2 2 2 2 2 2 2 2 2 2 2 2 2 2 2 2 2 2 2 2 2 -4500 -4500 -4500 -4500 -4500 -4500 -4500 -4500 -4500 -4500 -4500 -4500 -4500 -4500 -4500 -4500 -4500 -4500 21 -4500 -4500 -4500 -4500 -4500 -4500 -4500 -4500 -4500 -4500 -4500 -4500 -4500 -4500 -4500 -4500 -4500 -4500 -4500 -4500 -4500 -4500 -4500 -4500 -4500 -4500 -4500 -4500 -4500 -4500 -4500
20 2 2 2 2 2 2 2 2 2 2 2 2 2 2 2 2 2 2 2 2 2 2 2 2 2 2 2 2 2 -4500 -4500 -4500 -4500 -4500 -4500 -4500 -4500 -4500 -4500 -4500 -4500 -4500 -4500 -4500 -4500 -4500 -4500 -4500 21 -4500 -4500 -4500 -4500 -4500 -4500 -4500 -4500 -4500 -4500 -4500 -4500 -4500 -4500 -4500 -4500 -4500 -4500 -4500 -4500 -4500 -4500 -4500 -4500 -4500 -4500 -4500 -4500 -4500 -4500
20 2 2 2 2 2 2 2 2 2 2 2 2 2 2 2 2 2 2 2 2 2 2 2 2 2 2 2 2 -4500 -4500 -4500 -4500 -4500 -4500 -4500 -4500 -4500 -4500 -4500 -4500 -4500 -4500 -4500 -4500 -4500 -4500 -4500 -4500 21 -4500 -4500 -4500 -4500 -4500 -4500 -4500 -4500 -4500 -4500 -4500 -4500 -4500 -4500 -4500 -4500 -4500 -4500 -4500 -4500 -4500 -4500 -4500 -4500 -4500 -4500 -4500 -4500 -4500
20 2 2 2 2 2 2 2 2 2 2 2 2 2 2 2 2 2 2 2 2 2 2 2 2 2 2 2 -4500 -4500 -4500 -4500 -4500 -4500 -4500 -4500 -4500 -4500 -4500 -4500 -4500 -4500 -4500 -4500 -4500 -4500 -4500 -4500 -4500 21 -4500 -4500 -4500 -4500 -4500 -4500 -4500 -4500 -4500 -4500 -4500 -4500 -4500 -4500 -4500 -4500 -4500 -4500 -4500 -4500 -4500 -4500 -4500 -4500 -4500 -4500 -4500 -4500
20 2 2 2 2 2 2 2 2 2 2 2 2 2 2 2 2 2 2 2 2 2 2 2 2 2 2 -4500 -4500 -4500 -4500 -4500 -4500 -4500 -4500 -4500 -4500 -4500 -4500 -4500 -4500 -4500 -4500 -4500 -4500 -4500 -4500 -4500 -4500 21 -4500 -4500 -4500 -4500 -4500 -4500 -4500 -4500 -4500 -4500 -4500 -4500 -4500 -4500 -4500 -4500 -4500 -4500 -4500 -4500 -4500 -4500 -4500 -4500 -4500 -4500 -4500
20 2 2 2 2 2 2 2 2 2 2 2 2 2 2 2 2 2 2 2 2 2 2 2 2 2 -4500 -4500 -4500 -4500 -4500 -4500 -4500 -4500 -4500 -4500 -4500 -4500 -4500 -4500 -4500 -4500 -4500 -4500 -4500 -4500 -4500 -4500 -4500 21 -4500 -4500 -4500 -4500 -4500 -4500 -4500 -4500 -4500 -4500 -4500 -4500 -4500 -4500 -4500 -4500 -4500 -4500 -4500 -4500 -4500 -4500 -4500 -4500 -4500 -4500
20 2 2 2 2 2 2 2 2 2 2 2 2 2 2 2 2 2 2 2 2 2 2 2 2 -4500 -4500 -4500 -4500 -4500 -4500 -4500 -4500 -4500 -4500 -4500 -4500 -4500 -4500 -4500 -4500 -4500 -4500 -4500 -4500 -4500 -4500 -4500 -4500 21 -4500 -4500 -4500 -4500 -4500 -4500 -4500 -4500 -4500 -4500 -4500 -4500 -4500 -4500 -4500 -4500 -4500 -4500 -4500 -4500 -4500 -4500 -4500 -4500 -4500
20 2 2 2 2 2 2 2 2 2 2 2 2 2 2 2 2 2 2 2 2 2 2 2 -4500 -4500 -4500 -4500 -4500 -4500 -4500 -4500 -4500 -4500 -4500 -4500 -4500 -4500 -4500 -4500 -4500 -4500 -4500 -4500 -4500 -4500 -4500 -4500 -4500 21 -4500 -4500 -4500 -4500 -4500 -4500 -4500 -4500 -4500 -4500 -4500 -4500 -4500 -4500 -4500 -4500 -4500 -4500 -4500 -4500 -4500 -4500 -4500 -4500
20 2 2 2 2 2 2 2 2 2 2 2 2 2 2 2 2 2 2 2 2 2 2 -4500 -4500 -4500 -4500 -4500 -4500 -4500 -4500 -4500 -4500 -4500 -4500 -4500 -4500 -4500 -4500 -4500 -4500 -4500 -4500 -4500 -4500 -4500 -4500 -4500 -4500 21 -4500 -4500 -4500 -4500 -4500 -4500 -4500 -4500 -4500 -4500 -4500 -4500 -4500 -4500 -4500 -4500 -4500 -4500 -4500 -4500 -4500 -4500 -4500
20 2 2 2 2 2 2 2 2 2 2 2 2 2 2 2 2 2 2 2 2 2 -4500 -4500 -4500 -4500 -4500 -4500 -4500 -4500 -4500 -4500 -4500 -4500 -4500 -4500 -4500 -4500 -4500 -4500 -4500 -4500 -4500 -4500 -4500 -4500 -4500 -4500 -4500 21 -4500 -4500 -4500 -4500 -4500 -4500 -4500 -4500 -4500 -4500 -4500 -4500 -4500 -4500 -4500 -4500 -4500 -4500 -4500 -4500 -4500 -4500
20 2 2 2 2 2 2 2 2 2 2 2 2 2 2 2 2 2 2 2 2 -4500 -4500 -4500 -4500 -4500 -4500 -4500 -4500 -4500 -4500 -4500 -4500 -4500 -4500 -4500 -4500 -4500 -4500 -4500 -4500 -4500 -4500 -4500 -4500 -4500 -4500 -4500 -4500 21 -4500 -4500 -4500 -4500 -4500 -4500 -4500 -4500 -4500 -4500 -4500 -4500 -4500 -4500 -4500 -4500 -4500 -4500 -4500 -4500 -4500
20 2 2 2 2 2 2 2 2 2 2 2 2 2 2 2 2 2 2 2 -4500 -4500 -4500 -4500 -4500 -4500 -4500 -4500 -4500 -4500 -4500 -4500 -4500 -4500 -4500 -4500 -4500 -4500 -4500 -4500 -4500 -4500 -4500 -4500 -4500 -4500 -4500 -4500 -4500 21 -4500 -4500 -4500 -4500 -4500 -4500 -4500 -4500 -4500 -4500 -4500 -4500 -4500 -4500 -4500 -4500 -4500 -4500 -4500 -4500
20 2 2 2 2 2 2 2 2 2 2 2 2 2 2 2 2 2 2 -4500 -4500 -4500 -4500 -4500 -4500 -4500 -4500 -4500 -4500 -4500 -4500 -4500 -4500 -4500 -4500 -4500 -4500 -4500 -4500 -4500 -4500 -4500 -4500 -4500 -4500 -4500 -4500 -4500 -4500 21 -4500 -4500 -4500 -4500 -4500 -4500 -4500 -4500 -4500 -4500 -4500 -4500 -4500 -4500 -4500 -4500 -4500 -4500 -4500
20 2 2 2 2 2 2 2 2 2 2 2 2 2 2 2 2 2 -4500 -4500 -4500 -4500 -4500 -4500 -4500 -4500 -4500 -4500 -4500 -4500 -4500 -4500 -4500 -4500 -4500 -4500 -4500 -4500 -4500 -4500 -4500 -4500 -4500 -4500 -4500 -4500 -4500 -4500 -4500 21 -4500 -4500 -4500 -4500 -4500 -4500 -4500 -4500 -4500 -4500 -4500 -4500 -4500 -4500 -4500 -4500 -4500 -4500
20 2 2 2 2 2 2 2 2 2 2 2 2 2 2 2 2 -4500 -4500 -4500 -4500 -4500 -4500 -4500 -4500 -4500 -4500 -4500 -4500 -4500 -4500 -4500 -4500 -4500 -4500 -4500 -4500 -4500 -4500 -4500 -4500 -4500 -4500 -4500 -4500 -4500 -4500 -4500 -4500 21 -4500 -4500 -4500 -4500 -4500 -4500 -4500 -4500 -4500 -4500 -4500 -4500 -4500 -4500 -4500 -4500 -4500
20 2 2 2 2 2 2 2 2 2 2 2 2 2 2 2 -4500 -4500 -4500 -4500 -4500 -4500 -4500 -4500 -4500 -4500 -4500 -4500 -4500 -4500 -4500 -4500 -4500 -4500 -4500 -4500 -4500 -4500 -4500 -4500 -4500 -4500 -4500 -4500 -4500 -4500 -4500 -4500 -4500 21 -4500 -4500 -4500 -4500 -4500 -4500 -4500 -4500 -4500 -4500 -4500 -4500 -4500 -4500 -4500 -4500
20 2 2 2 2 2 2 2 2 2 2 2 2 2 2 -4500 -4500 -4500 -4500 -4500 -4500 -4500 -4500 -4500 -4500 -4500 -4500 -4500 -4500 -4500 -4500 -4500 -4500 -4500 -4500 -4500 -4500 -4500 -4500 -4500 -4500 -4500 -4500 -4500 -4500 -4500 -4500 -4500 -4500 21 -4500 -4500 -4500 -4500 -4500 -4500 -4500 -4500 -4500 -4500 -4500 -4500 -4500 -4500 -4500
20 2 2 2 2 2 2 2 2 2 2 2 2 2 -4500 -4500 -4500 -4500 -4500 -4500 -4500 -4500 -4500 -4500 -4500 -4500 -4500 -4500 -4500 -4500 -4500 -4500 -4500 -4500 -4500 -4500 -4500 -4500 -4500 -4500 -4500 -4500 -4500 -4500 -4500 -4500 -4500 -4500 -4500 21 -4500 -4500 -4500 -4500 -4500 -4500 -4500 -4500 -4500 -4500 -4500 -4500 -4500 -4500
20 2 2 2 2 2 2 2 2 2 2 2 2 -4500 -4500 -4500 -4500 -4500 -4500 -4500 -4500 -4500 -4500 -4500 -4500 -4500 -4500 -4500 -4500 -4500 -4500 -4500 -4500 -4500 -4500 -4500 -4500 -4500 -4500 -4500 -4500 -4500 -4500 -4500 -4500 -4500 -4500 -4500 -4500 21 -4500 -4500 -4500 -4500 -4500 -4500 -4500 -4500 -4500 -4500 -4500 -4500 -4500
20 2 2 2 2 2 2 2 2 2 2 2 -4500 -4500 -4500 -4500 -4500 -4500 -4500 -4500 -4500 -4500 -4500 -4500 -4500 -4500 -4500 -4500 -4500 -4500 -4500 -4500 -4500 -4500 -4500 -4500 -4500 -4500 -4500 -4500 -4500 -4500 -4500 -4500 -4500 -4500 -4500 -4500 -4500 21 -4500 -4500 -4500 -4500 -4500 -4500 -4500 -4500 -4500 -4500 -4500 -4500
20 2 2 2 2 2 2 2 2 2 2 -4500 -4500 -4500 -4500 -4500 -4500 -4500 -4500 -4500 -4500 -4500 -4500 -4500 -4500 -4500 -4500 -4500 -4500 -4500 -4500 -4500 -4500 -4500 -4500 -4500 -4500 -4500 -4500 -4500 -4500 -4500 -4500 -4500 -4500 -4500 -4500 -4500 -4500 21 -4500 -4500 -4500 -4500 -4500 -4500 -4500 -4500 -4500 -4500 -4500
20 2 2 2 2 2 2 2 2 2 -4500 -4500 -4500 -4500 -4500 -4500 -4500 -4500 -4500 -4500 -4500 -4500 -4500 -4500 -4500 -4500 -4500 -4500 -4500 -4500 -4500 -4500 -4500 -4500 -4500 -4500 -4500 -4500 -4500 -4500 -4500 -4500 -4500 -4500 -4500 -4500 -4500 -4500 -4500 21 -4500 -4500 -4500 -4500 -4500 -4500 -4500 -4500 -4500 -4500
20 2 2 2 2 2 2 2 2 -4500 -4500 -4500 -4500 -4500 -4500 -4500 -4500 -4500 -4500 -4500 -4500 -4500 -4500 -4500 -4500 -4500 -4500 -4500 -4500 -4500 -4500 -4500 -4500 -4500 -4500 -4500 -4500 -4500 -4500 -4500 -4500 -4500 -4500 -4500 -4500 -4500 -4500 -4500 -4500 21 -4500 -4500 -4500 -4500 -4500 -4500 -4500 -4500 -4500
20 2 2 2 2 2 2 2 -4500 -4500 -4500 -4500 -4500 -4500 -4500 -4500 -4500 -4500 -4500 -4500 -4500 -4500 -4500 -4500 -4500 -4500 -4500 -4500 -4500 -4500 -4500 -4500 -4500 -4500 -4500 -4500 -4500 -4500 -4500 -4500 -4500 -4500 -4500 -4500 -4500 -4500 -4500 -4500 -4500 21 -4500 -4500 -4500 -4500 -4500 -4500 -4500 -4500
20 2 2 2 2 2 2 -4500 -4500 -4500 -4500 -4500 -4500 -4500 -4500 -4500 -4500 -4500 -4500 -4500 -4500 -4500 -4500 -4500 -4500 -4500 -4500 -4500 -4500 -4500 -4500 -4500 -4500 -4500 -4500 -4500 -4500 -4500 -4500 -4500 -4500 -4500 -4500 -4500 -4500 -4500 -4500 -4500 -4500 21 -4500 -4500 -4500 -4500 -4500 -4500 -4500
20 2 2 2 2 2 -4500 -4500 -4500 -4500 -4500 -4500 -4500 -4500 -4500 -4500 -4500 -4500 -4500 -4500 -4500 -4500 -4500 -4500 -4500 -4500 -4500 -4500 -4500 -4500 -4500 -4500 -4500 -4500 -4500 -4500 -4500 -4500 -4500 -4500 -4500 -4500 -4500 -4500 -4500 -4500 -4500 -4500 -4500 21 -4500 -4500 -4500 -4500 -4500 -4500
20 2 2 2 2 -4500 -4500 -4500 -4500 -4500 -4500 -4500 -4500 -4500 -4500 -4500 -4500 -4500 -4500 -4500 -4500 -4500 -4500 -4500 -4500 -4500 -4500 -4500 -4500 -4500 -4500 -4500 -4500 -4500 -4500 -4500 -4500 -4500 -4500 -4500 -4500 -4500 -4500 -4500 -4500 -4500 -4500 -4500 -4500 21 -4500 -4500 -4500 -4500 -4500
20 2 2 2 -4500 -4500 -4500 -4500 -4500 -4500 -4500 -4500 -4500 -4500 -4500 -4500 -4500 -4500 -4500 -4500 -4500 -4500 -4500 -4500 -4500 -4500 -4500 -4500 -4500 -4500 -4500 -4500 -4500 -4500 -4500 -4500 -4500 -4500 -4500 -4500 -4500 -4500 -4500 -4500 -4500 -4500 -4500 -4500 -4500 21 -4500 -4500 -4500 -4500
20 2 2 -4500 -4500 -4500 -4500 -4500 -4500 -4500 -4500 -4500 -4500 -4500 -4500 -4500 -4500 -4500 -4500 -4500 -4500 -4500 -4500 -4500 -4500 -4500 -4500 -4500 -4500 -4500 -4500 -4500 -4500 -4500 -4500 -4500 -4500 -4500 -4500 -4500 -4500 -4500 -4500 -4500 -4500 -4500 -4500 -4500 -4500 21 -4500 -4500 -4500
20 2 -4500 -4500 -4500 -4500 -4500 -4500 -4500 -4500 -4500 -4500 -4500 -4500 -4500 -4500 -4500 -4500 -4500 -4500 -4500 -4500 -4500 -4500 -4500 -4500 -4500 -4500 -4500 -4500 -4500 -4500 -4500 -4500 -4500 -4500 -4500 -4500 -4500 -4500 -4500 -4500 -4500 -4500 -4500 -4500 -4500 -4500 -4500 21 -4500 -4500
20 -4500 -4500 -4500 -4500 -4500 -4500 -4500 -4500 -4500 -4500 -4500 -4500 -4500 -4500 -4500 -4500 -4500 -4500 -4500 -4500 -4500 -4500 -4500 -4500 -4500 -4500 -4500 -4500 -4500 -4500 -4500 -4500 -4500 -4500 -4500 -4500 -4500 -4500 -4500 -4500 -4500 -4500 -4500 -4500 -4500 -4500 -4500 -4500 21 -4500
-4500 -4500 -4500 -4500 -4500 -4500 -4500 -4500 -4500 -4500 -4500 -4500 -4500 -4500 -4500 -4500 -4500 -4500 -4500 -4500 -4500 -4500 -4500 -4500 -4500 -4500 -4500 -4500 -4500 -4500 -4500 -4500 -4500 -4500 -4500 -4500 -4500 -4500 -4500 -4500 -4500 -4500 -4500 -4500 -4500 -4500 -4500 -4500 -4500 21
-4500 -4500 -4500 -4500 -4500 -4500 -4500 -4500 -4500 -4500 -4500 -4500 -4500 -4500 -4500 -4500 -4500 -4500 -4500 -4500 -4500 -4500 -4500 -4500 -4500 -4500 -4500 -4500 -4500 -4500 -4500 -4500 -4500 -4500 -4500 -4500 -4500 -4500 -4500 -4500 -4500 -4500 -4500 -4500 -4500 -4500 -4500 -4500 -4500
-4500 -4500 -4500 -4500 -4500 -4500 -4500 -4500 -4500 -4500 -4500 -4500 -4500 -4500 -4500 -4500 -4500 -4500 -4500 -4500 -4500 -4500 -4500 -4500 -4500 -4500 -4500 -4500 -4500 -4500 -4500 -4500 -4500 -4500 -4500 -4500 -4500 -4500 -4500 -4500 -4500 -4500 -4500 -4500 -4500 -4500 -4500 -4500
-4500 -4500 -4500 -4500 -4500 -4500 -4500 -4500 -4500 -4500 -4500 -4500 -4500 -4500 -4500 -4500 -4500 -4500 -4500 -4500 -4500 -4500 -4500 -4500 -4500 -4500 -4500 -4500 -4500 -4500 -4500 -4500 -4500 -4500 -4500 -4500 -4500 -4500 -4500 -4500 -4500 -4500 -4500 -4500 -4500 -4500 -4500
-4500 -4500 -4500 -4500 -4500 -4500 -4500 -4500 -4500 -4500 -4500 -4500 -4500 -4500 -4500 -4500 -4500 -4500 -4500 -4500 -4500 -4500 -4500 -4500 -4500 -4500 -4500 -4500 -4500 -4500 -4500 -4500 -4500 -4500 -4500 -4500 -4500 -4500 -4500 -4500 -4500 -4500 -4500 -4500 -4500 -4500
-4500 -4500 -4500 -4500 -4500 -4500 -4500 -4500 -4500 -4500 -4500 -4500 -4500 -4500 -4500 -4500 -4500 -4500 -4500 -4500 -4500 -4500 -4500 -4500 -4500 -4500 -4500 -4500 -4500 -4500 -4500 -4500 -4500 -4500 -4500 -4500 -4500 -4500 -4500 -4500 -4500 -4500 -4500 -4500 -4500
-4500 -4500 -4500 -4500 -4500 -4500 -4500 -4500 -4500 -4500 -4500 -4500 -4500 -4500 -4500 -4500 -4500 -4500 -4500 -4500 -4500 -4500 -4500 -4500 -4500 -4500 -4500 -4500 -4500 -4500 -4500 -4500 -4500 -4500 -4500 -4500 -4500 -4500 -4500 -4500 -4500 -4500 -4500 -4500
-4500 -4500 -4500 -4500 -4500 -4500 -4500 -4500 -4500 -4500 -4500 -4500 -4500 -4500 -4500 -4500 -4500 -4500 -4500 -4500 -4500 -4500 -4500 -4500 -4500 -4500 -4500 -4500 -4500 -4500 -4500 -4500 -4500 -4500 -4500 -4500 -4500 -4500 -4500 -4500 -4500 -4500 -4500
-4500 -4500 -4500 -4500 -4500 -4500 -4500 -4500 -4500 -4500 -4500 -4500 -4500 -4500 -4500 -4500 -4500 -4500 -4500 -4500 -4500 -4500 -4500 -4500 -4500 -4500 -4500 -4500 -4500 -4500 -4500 -4500 -4500 -4500 -4500 -4500 -4500 -4500 -4500 -4500 -4500 -4500
-4500 -4500 -4500 -4500 -4500 -4500 -4500 -4500 -4500 -4500 -4500 -4500 -4500 -4500 -4500 -4500 -4500 -4500 -4500 -4500 -4500 -4500 -4500 -4500 -4500 -4500 -4500 -4500 -4500 -4500 -4500 -4500 -4500 -4500 -4500 -4500 -4500 -4500 -4500 -4500 -4500
-4500 -4500 -4500 -4500 -4500 -4500 -4500 -4500 -4500 -4500 -4500 -4500 -4500 -4500 -4500 -4500 -4500 -4500 -4500 -4500 -4500 -4500 -4500 -4500 -4500 -4500 -4500 -4500 -4500 -4500 -4500 -4500 -4500 -4500 -4500 -4500 -4500 -4500 -4500 -4500
-4500 -4500 -4500 -4500 -4500 -4500 -4500 -4500 -4500 -4500 -4500 -4500 -4500 -4500 -4500 -4500 -4500 -4500 -4500 -4500 -4500 -4500 -4500 -4500 -4500 -4500 -4500 -4500 -4500 -4500 -4500 -4500 -4500 -4500 -4500 -4500 -4500 -4500 -4500
-4500 -4500 -4500 -4500 -4500 -4500 -4500 -4500 -4500 -4500 -4500 -4500 -4500 -4500 -4500 -4500 -4500 -4500 -4500 -4500 -4500 -4500 -4500 -4500 -4500 -4500 -4500 -4500 -4500 -4500 -4500 -4500 -4500 -4500 -4500 -4500 -4500 -4500
-4500 -4500 -4500 -4500 -4500 -4500 -4500 -4500 -4500 -4500 -4500 -4500 -4500 -4500 -4500 -4500 -4500 -4500 -4500 -4500 -4500 -4500 -4500 -4500 -4500 -4500 -4500 -4500 -4500 -4500 -4500 -4500 -4500 -4500 -4500 -4500 -4500
-4500 -4500 -4500 -4500 -4500 -4500 -4500 -4500 -4500 -4500 -4500 -4500 -4500 -4500 -4500 -4500 -4500 -4500 -4500 -4500 -4500 -4500 -4500 -4500 -4500 -4500 -4500 -4500 -4500 -4500 -4500 -4500 -4500 -4500 -4500 -4500
-4500 -4500 -4500 -4500 -4500 -4500 -4500 -4500 -4500 -4500 -4500 -4500 -4500 -4500 -4500 -4500 -4500 -4500 -4500 -4500 -4500 -4500 -4500 -4500 -4500 -4500 -4500 -4500 -4500 -4500 -4500 -4500 -4500 -4500 -4500
-4500 -4500 -4500 -4500 -4500 -4500 -4500 -4500 -4500 -4500 -4500 -4500 -4500 -4500 -4500 -4500 -4500 -4500 -4500 -4500 -4500 -4500 -4500 -4500 -4500 -4500 -4500 -4500 -4500 -4500 -4500 -4500 -4500 -4500
-4500 -4500 -4500 -4500 -4500 -4500 -4500 -4500 -4500 -4500 -4500 -4500 -4500 -4500 -4500 -4500 -4500 -4500 -4500 -4500 -4500 -4500 -4500 -4500 -4500 -4500 -4500 -4500 -4500 -4500 -4500 -4500 -4500
-4500 -4500 -4500 -4500 -4500 -4500 -4500 -4500 -4500 -4500 -4500 -4500 -4500 -4500 -4500 -4500 -4500 -4500 -4500 -4500 -4500 -4500 -4500 -4500 -4500 -4500 -4500 -4500 -4500 -4500 -4500 -4500
-4500 -4500 -4500 -4500 -4500 -4500 -4500 -4500 -4500 -4500 -4500 -4500 -4500 -4500 -4500 -4500 -4500 -4500 -4500 -4500 -4500 -4500 -4500 -4500 -4500 -4500 -4500 -4500 -4500 -4500 -4500
-4500 -4500 -4500 -4500 -4500 -4500 -4500 -4500 -4500 -4500 -4500 -4500 -4500 -4500 -4500 -4500 -4500 -4500 -4500 -4500 -4500 -4500 -4500 -4500 -4500 -4500 -4500 -4500 -4500 -4500
-4500 -4500 -4500 -4500 -4500 -4500 -4500 -4500 -4500 -4500 -4500 -4500 -4500 -4500 -4500 -4500 -4500 -4500 -4500 -4500 -4500 -4500 -4500 -4500 -4500 -4500 -4500 -4500 -4500
-4500 -4500 -4500 -4500 -4500 -4500 -4500 -4500 -4500 -4500 -4500 -4500 -4500 -4500 -4500 -4500 -4500 -4500 -4500 -4500 -4500 -4500 -4500 -4500 -4500 -4500 -4500 -4500
-4500 -4500 -4500 -4500 -4500 -4500 -4500 -4500 -4500 -4500 -4500 -4500 -4500 -4500 -4500 -4500 -4500 -4500 -4500 -4500 -4500 -4500 -4500 -4500 -4500 -4500 -4500
-4500 -4500 -4500 -4500 -4500 -4500 -4500 -4500 -4500 -4500 -4500 -4500 -4500 -4500 -4500 -4500 -4500 -4500 -4500 -4500 -4500 -4500 -4500 -4500 -4500 -4500
-4500 -4500 -4500 -4500 -4500 -4500 -4500 -4500 -4500 -4500 -4500 -4500 -4500 -4500 -4500 -4500 -4500 -4500 -4500 -4500 -4500 -4500 -4500 -4500 -4500
-4500 -4500 -4500 -4500 -4500 -4500 -4500 -4500 -4500 -4500 -4500 -4500 -4500 -4500 -4500 -4500 -4500 -4500 -4500 -4500 -4500 -4500 -4500 -4500
-4500 -4500 -4500 -4500 -4500 -4500 -4500 -4500 -4500 -4500 -4500 -4500 -4500 -4500 -4500 -4500 -4500 -4500 -4500 -4500 -4500 -4500 -4500
-4500 -4500 -4500 -4500 -4500 -4500 -4500 -4500 -4500 -4500 -4500 -4500 -4500 -4500 -4500 -4500 -4500 -4500 -4500 -4500 -4500 -4500
-4500 -4500 -4500 -4500 -4500 -4500 -4500 -4500 -4500 -4500 -4500 -4500 -4500 -4500 -4500 -4500 -4500 -4500 -4500 -4500 -4500
-4500 -4500 -4500 -4500 -4500 -4500 -4500 -4500 -4500 -4500 -4500 -4500 -4500 -4500 -4500 -4500 -4500 -4500 -4500 -4500
-4500 -4500 -4500 -4500 -4500 -4500 -4500 -4500 -4500 -4500 -4500 -4500 -4500 -4500 -4500 -4500 -4500 -4500 -4500
-4500 -4500 -4500 -4500 -4500 -4500 -4500 -4500 -4500 -4500 -4500 -4500 -4500 -4500 -4500 -4500 -4500 -4500
-4500 -4500 -4500 -4500 -4500 -4500 -4500 -4500 -4500 -4500 -4500 -4500 -4500 -4500 -4500 -4500 -4500
-4500 -4500 -4500 -4500 -4500 -4500 -4500 -4500 -4500 -4500 -4500 -4500 -4500 -4500 -4500 -4500
-4500 -4500 -4500 -4500 -4500 -4500 -4500 -4500 -4500 -4500 -4500 -4500 -4500 -4500 -4500
-4500 -4500 -4500 -4500 -4500 -4500 -4500 -4500 -4500 -4500 -4500 -4500 -4500 -4500
-4500 -4500 -4500 -4500 -4500 -4500 -4500 -4500 -4500 -4500 -4500 -4500 -4500
-4500 -4500 -4500 -4500 -4500 -4500 -4500 -4500 -4500 -4500 -4500 -4500
-4500 -4500 -4500 -4500 -4500 -4500 -4500 -4500 -4500 -4500 -4500
-4500 -4500 -4500 -4500 -4500 -4500 -4500 -4500 -4500 -4500
-4500 -4500 -4500 -4500 -4500 -4500 -4500 -4500 -4500
-4500 -4500 -4500 -4500 -4500 -4500 -4500 -4500
-4500 -4500 -4500 -4500 -4500 -4500 -4500
-4500 -4500 -4500 -4500 -4500 -4500
-4500 -4500 -4500 -4500 -4500
-4500 -4500 -4500 -4500
-4500 -4500 -4500
-4500 -4500
-4500
