100
10 2 2 2 2 2 2 2 2 2 2 2 2 2 2 2 2 2 2 2 2 2 2 2 2 2 2 2 2 2 2 2 2 2 2 2 2 2 2 2 2 2 2 2 2 2 2 2 10 11 -3500 -3500 -3500 -3500 -3500 -3500 -3500 -3500 -3500 -3500 -3500 -3500 -3500 -3500 -3500 -3500 -3500 -3500 -3500 -3500 -3500 -3500 -3500 -3500 -3500 -3500 -3500 -3500 -3500 -3500 -3500 -3500 -3500 -3500 -3500 -3500 -3500 -3500 -3500 -3500 -3500 -3500 -3500 -3500 -3500 -3500 -3500 -3500 -3500
10 2 2 2 2 2 2 2 2 2 2 2 2 2 2 2 2 2 2 2 2 2 2 2 2 2 2 2 2 2 2 2 2 2 2 2 2 2 2 2 2 2 2 2 2 2 2 2 -3500 11 -3500 -3500 -3500 -3500 -3500 -3500 -3500 -3500 -3500 -3500 -3500 -3500 -3500 -3500 -3500 -3500 -3500 -3500 -3500 -3500 -3500 -3500 -3500 -3500 -3500 -3500 -3500 -3500 -3500 -3500 -3500 -3500 -3500 -3500 -3500 -3500 -3500 -3500 -3500 -3500 -3500 -3500 -3500 -3500 -3500 -3500 -3500 -3500
10 2 2 2 2 2 2 2 2 2 2 2 2 2 2 2 2 2 2 2 2 2 2 2 2 2 2 2 2 2 2 2 2 2 2 2 2 2 2 2 2 2 2 2 2 2 2 -3500 -3500 11 -3500 -3500 -3500 -3500 -3500 -3500 -3500 -3500 -3500 -3500 -3500 -3500 -3500 -3500 -3500 -3500 -3500 -3500 -3500 -3500 -3500 -3500 -3500 -3500 -3500 -3500 -3500 -3500 -3500 -3500 -3500 -3500 -3500 -3500 -3500 -3500 -3500 -3500 -3500 -3500 -3500 -3500 -3500 -3500 -3500 -3500 -3500
10 2 2 2 2 2 2 2 2 2 2 2 2 2 2 2 2 2 2 2 2 2 2 2 2 2 2 2 2 2 2 2 2 2 2 2 2 2 2 2 2 2 2 2 2 2 -3500 -3500 -3500 11 -3500 -3500 -3500 -3500 -3500 -3500 -3500 -3500 -3500 -3500 -3500 -3500 -3500 -3500 -3500 -3500 -3500 -3500 -3500 -3500 -3500 -3500 -3500 -3500 -3500 -3500 -3500 -3500 -3500 -3500 -3500 -3500 -3500 -3500 -3500 -3500 -3500 -3500 -3500 -3500 -3500 -3500 -3500 -3500 -3500 -3500
10 2 2 2 2 2 2 2 2 2 2 2 2 2 2 2 2 2 2 2 2 2 2 2 2 2 2 2 2 2 2 2 2 2 2 2 2 2 2 2 2 2 2 2 2 -3500 -3500 -3500 -3500 11 -3500 -3500 -3500 -3500 -3500 -3500 -3500 -3500 -3500 -3500 -3500 -3500 -3500 -3500 -3500 -3500 -3500 -3500 -3500 -3500 -3500 -3500 -3500 -3500 -3500 -3500 -3500 -3500 -3500 -3500 -3500 -3500 -3500 -3500 -3500 -3500 -3500 -3500 -3500 -3500 -3500 -3500 -3500 -3500 -3500
10 2 2 2 2 2 2 2 2 2 2 2 2 2 2 2 2 2 2 2 2 2 2 2 2 2 2 2 2 2 2 2 2 2 2 2 2 2 2 2 2 2 2 2 -3500 -3500 -3500 -3500 -3500 11 -3500 -3500 -3500 -3500 -3500 -3500 -3500 -3500 -3500 -3500 -3500 -3500 -3500 -3500 -3500 -3500 -3500 -3500 -3500 -3500 -3500 -3500 -3500 -3500 -3500 -3500 -3500 -3500 -3500 -3500 -3500 -3500 -3500 -3500 -3500 -3500 -3500 -3500 -3500 -3500 -3500 -3500 -3500 -3500
10 2 2 2 2 2 2 2 2 2 2 2 2 2 2 2 2 2 2 2 2 2 2 2 2 2 2 2 2 2 2 2 2 2 2 2 2 2 2 2 2 2 2 -3500 -3500 -3500 -3500 -3500 -3500 11 -3500 -3500 -3500 -3500 -3500 -3500 -3500 -3500 -3500 -3500 -3500 -3500 -3500 -3500 -3500 -3500 -3500 -3500 -3500 -3500 -3500 -3500 -3500 -3500 -3500 -3500 -3500 -3500 -3500 -3500 -3500 -3500 -3500 -3500 -3500 -3500 -3500 -3500 -3500 -3500 -3500 -3500 -3500
10 2 2 2 2 2 2 2 2 2 2 2 2 2 2 2 2 2 2 2 2 2 2 2 2 2 2 2 2 2 2 2 2 2 2 2 2 2 2 2 2 2 -3500 -3500 -3500 -3500 -3500 -3500 -3500 11 -3500 -3500 -3500 -3500 -3500 -3500 -3500 -3500 -3500 -3500 -3500 -3500 -3500 -3500 -3500 -3500 -3500 -3500 -3500 -3500 -3500 -3500 -3500 -3500 -3500 -3500 -3500 -3500 -3500 -3500 -3500 -3500 -3500 -3500 -3500 -3500 -3500 -3500 -3500 -3500 -3500 -3500
10 2 2 2 2 2 2 2 2 2 2 2 2 2 2 2 2 2 2 2 2 2 2 2 2 2 2 2 2 2 2 2 2 2 2 2 2 2 2 2 2 -3500 -3500 -3500 -3500 -3500 -3500 -3500 -3500 11 -3500 -3500 -3500 -3500 -3500 -3500 -3500 -3500 -3500 -3500 -3500 -3500 -3500 -3500 -3500 -3500 -3500 -3500 -3500 -3500 -3500 -3500 -3500 -3500 -3500 -3500 -3500 -3500 -3500 -3500 -3500 -3500 -3500 -3500 -3500 -3500 -3500 -3500 -3500 -3500 -3500
10 2 2 2 2 2 2 2 2 2 2 2 2 2 2 2 2 2 2 2 2 2 2 2 2 2 2 2 2 2 2 2 2 2 2 2 2 2 2 2 -3500 -3500 -3500 -3500 -3500 -3500 -3500 -3500 -3500 11 -3500 -3500 -3500 -3500 -3500 -3500 -3500 -3500 -3500 -3500 -3500 -3500 -3500 -3500 -3500 -3500 -3500 -3500 -3500 -3500 -3500 -3500 -3500 -3500 -3500 -3500 -3500 -3500 -3500 -3500 -3500 -3500 -3500 -3500 -3500 -3500 -3500 -3500 -3500 -3500
10 2 2 2 2 2 2 2 2 2 2 2 2 2 2 2 2 2 2 2 2 2 2 2 2 2 2 2 2 2 2 2 2 2 2 2 2 2 2 -3500 -3500 -3500 -3500 -3500 -3500 -3500 -3500 -3500 -3500 11 -3500 -3500 -3500 -3500 -3500 -3500 -3500 -3500 -3500 -3500 -3500 -3500 -3500 -3500 -3500 -3500 -3500 -3500 -3500 -3500 -3500 -3500 -3500 -3500 -3500 -3500 -3500 -3500 -3500 -3500 -3500 -3500 -3500 -3500 -3500 -3500 -3500 -3500 -3500
10 2 2 2 2 2 2 2 2 2 2 2 2 2 2 2 2 2 2 2 2 2 2 2 2 2 2 2 2 2 2 2 2 2 2 2 2 2 -3500 -3500 -3500 -3500 -3500 -3500 -3500 -3500 -3500 -3500 -3500 11 -3500 -3500 -3500 -3500 -3500 -3500 -3500 -3500 -3500 -3500 -3500 -3500 -3500 -3500 -3500 -3500 -3500 -3500 -3500 -3500 -3500 -3500 -3500 -3500 -3500 -3500 -3500 -3500 -3500 -3500 -3500 -3500 -3500 -3500 -3500 -3500 -3500 -3500
10 2 2 2 2 2 2 2 2 2 2 2 2 2 2 2 2 2 2 2 2 2 2 2 2 2 2 2 2 2 2 2 2 2 2 2 2 -3500 -3500 -3500 -3500 -3500 -3500 -3500 -3500 -3500 -3500 -3500 -3500 11 -3500 -3500 -3500 -3500 -3500 -3500 -3500 -3500 -3500 -3500 -3500 -3500 -3500 -3500 -3500 -3500 -3500 -3500 -3500 -3500 -3500 -3500 -3500 -3500 -3500 -3500 -3500 -3500 -3500 -3500 -3500 -3500 -3500 -3500 -3500 -3500 -3500
10 2 2 2 2 2 2 2 2 2 2 2 2 2 2 2 2 2 2 2 2 2 2 2 2 2 2 2 2 2 2 2 2 2 2 2 -3500 -3500 -3500 -3500 -3500 -3500 -3500 -3500 -3500 -3500 -3500 -3500 -3500 11 -3500 -3500 -3500 -3500 -3500 -3500 -3500 -3500 -3500 -3500 -3500 -3500 -3500 -3500 -3500 -3500 -3500 -3500 -3500 -3500 -3500 -3500 -3500 -3500 -3500 -3500 -3500 -3500 -3500 -3500 -3500 -3500 -3500 -3500 -3500 -3500
10 2 2 2 2 2 2 2 2 2 2 2 2 2 2 2 2 2 2 2 2 2 2 2 2 2 2 2 2 2 2 2 2 2 2 -3500 -3500 -3500 -3500 -3500 -3500 -3500 -3500 -3500 -3500 -3500 -3500 -3500 -3500 11 -3500 -3500 -3500 -3500 -3500 -3500 -3500 -3500 -3500 -3500 -3500 -3500 -3500 -3500 -3500 -3500 -3500 -3500 -3500 -3500 -3500 -3500 -3500 -3500 -3500 -3500 -3500 -3500 -3500 -3500 -3500 -3500 -3500 -3500 -3500
10 2 2 2 2 2 2 2 2 2 2 2 2 2 2 2 2 2 2 2 2 2 2 2 2 2 2 2 2 2 2 2 2 2 -3500 -3500 -3500 -3500 -3500 -3500 -3500 -3500 -3500 -3500 -3500 -3500 -3500 -3500 -3500 11 -3500 -3500 -3500 -3500 -3500 -3500 -3500 -3500 -3500 -3500 -3500 -3500 -3500 -3500 -3500 -3500 -3500 -3500 -3500 -3500 -3500 -3500 -3500 -3500 -3500 -3500 -3500 -3500 -3500 -3500 -3500 -3500 -3500 -3500
10 2 2 2 2 2 2 2 2 2 2 2 2 2 2 2 2 2 2 2 2 2 2 2 2 2 2 2 2 2 2 2 2 -3500 -3500 -3500 -3500 -3500 -3500 -3500 -3500 -3500 -3500 -3500 -3500 -3500 -3500 -3500 -3500 11 -3500 -3500 -3500 -3500 -3500 -3500 -3500 -3500 -3500 -3500 -3500 -3500 -3500 -3500 -3500 -3500 -3500 -3500 -3500 -3500 -3500 -3500 -3500 -3500 -3500 -3500 -3500 -3500 -3500 -3500 -3500 -3500 -3500
10 2 2 2 2 2 2 2 2 2 2 2 2 2 2 2 2 2 2 2 2 2 2 2 2 2 2 2 2 2 2 2 -3500 -3500 -3500 -3500 -3500 -3500 -3500 -3500 -3500 -3500 -3500 -3500 -3500 -3500 -3500 -3500 -3500 11 -3500 -3500 -3500 -3500 -3500 -3500 -3500 -3500 -3500 -3500 -3500 -3500 -3500 -3500 -3500 -3500 -3500 -3500 -3500 -3500 -3500 -3500 -3500 -3500 -3500 -3500 -3500 -3500 -3500 -3500 -3500 -3500
10 2 2 2 2 2 2 2 2 2 2 2 2 2 2 2 2 2 2 2 2 2 2 2 2 2 2 2 2 2 2 -3500 -3500 -3500 -3500 -3500 -3500 -3500 -3500 -3500 -3500 -3500 -3500 -3500 -3500 -3500 -3500 -3500 -3500 11 -3500 -3500 -3500 -3500 -3500 -3500 -3500 -3500 -3500 -3500 -3500 -3500 -3500 -3500 -3500 -3500 -3500 -3500 -3500 -3500 -3500 -3500 -3500 -3500 -3500 -3500 -3500 -3500 -3500 -3500 -3500
10 2 2 2 2 2 2 2 2 2 2 2 2 2 2 2 2 2 2 2 2 2 2 2 2 2 2 2 2 2 -3500 -3500 -3500 -3500 -3500 -3500 -3500 -3500 -3500 -3500 -3500 -3500 -3500 -3500 -3500 -3500 -3500 -3500 -3500 11 -3500 -3500 -3500 -3500 -3500 -3500 -3500 -3500 -3500 -3500 -3500 -3500 -3500 -3500 -3500 -3500 -3500 -3500 -3500 -3500 -3500 -3500 -3500 -3500 -3500 -3500 -3500 -3500 -3500 -3500
10 2 2 2 2 2 2 2 2 2 2 2 2 2 2 2 2 2 2 2 2 2 2 2 2 2 2 2 2 -3500 -3500 -3500 -3500 -3500 -3500 -3500 -3500 -3500 -3500 -3500 -3500 -3500 -3500 -3500 -3500 -3500 -3500 -3500 -3500 11 -3500 -3500 -3500 -3500 -3500 -3500 -3500 -3500 -3500 -3500 -3500 -3500 -3500 -3500 -3500 -3500 -3500 -3500 -3500 -3500 -3500 -3500 -3500 -3500 -3500 -3500 -3500 -3500 -3500
10 2 2 2 2 2 2 2 2 2 2 2 2 2 2 2 2 2 2 2 2 2 2 2 2 2 2 2 -3500 -3500 -3500 -3500 -3500 -3500 -3500 -3500 -3500 -3500 -3500 -3500 -3500 -3500 -3500 -3500 -3500 -3500 -3500 -3500 -3500 11 -3500 -3500 -3500 -3500 -3500 -3500 -3500 -3500 -3500 -3500 -3500 -3500 -3500 -3500 -3500 -3500 -3500 -3500 -3500 -3500 -3500 -3500 -3500 -3500 -3500 -3500 -3500 -3500
10 2 2 2 2 2 2 2 2 2 2 2 2 2 2 2 2 2 2 2 2 2 2 2 2 2 2 -3500 -3500 -3500 -3500 -3500 -3500 -3500 -3500 -3500 -3500 -3500 -3500 -3500 -3500 -3500 -3500 -3500 -3500 -3500 -3500 -3500 -3500 11 -3500 -3500 -3500 -3500 -3500 -3500 -3500 -3500 -3500 -3500 -3500 -3500 -3500 -3500 -3500 -3500 -3500 -3500 -3500 -3500 -3500 -3500 -3500 -3500 -3500 -3500 -3500
10 2 2 2 2 2 2 2 2 2 2 2 2 2 2 2 2 2 2 2 2 2 2 2 2 2 -3500 -3500 -3500 -3500 -3500 -3500 -3500 -3500 -3500 -3500 -3500 -3500 -3500 -3500 -3500 -3500 -3500 -3500 -3500 -3500 -3500 -3500 -3500 11 -3500 -3500 -3500 -3500 -3500 -3500 -3500 -3500 -3500 -3500 -3500 -3500 -3500 -3500 -3500 -3500 -3500 -3500 -3500 -3500 -3500 -3500 -3500 -3500 -3500 -3500
10 2 2 2 2 2 2 2 2 2 2 2 2 2 2 2 2 2 2 2 2 2 2 2 2 -3500 -3500 -3500 -3500 -3500 -3500 -3500 -3500 -3500 -3500 -3500 -3500 -3500 -3500 -3500 -3500 -3500 -3500 -3500 -3500 -3500 -3500 -3500 -3500 11 -3500 -3500 -3500 -3500 -3500 -3500 -3500 -3500 -3500 -3500 -3500 -3500 -3500 -3500 -3500 -3500 -3500 -3500 -3500 -3500 -3500 -3500 -3500 -3500 -3500
10 2 2 2 2 2 2 2 2 2 2 2 2 2 2 2 2 2 2 2 2 2 2 2 -3500 -3500 -3500 -3500 -3500 -3500 -3500 -3500 -3500 -3500 -3500 -3500 -3500 -3500 -3500 -3500 -3500 -3500 -3500 -3500 -3500 -3500 -3500 -3500 -3500 11 -3500 -3500 -3500 -3500 -3500 -3500 -3500 -3500 -3500 -3500 -3500 -3500 -3500 -3500 -3500 -3500 -3500 -3500 -3500 -3500 -3500 -3500 -3500 -3500
10 2 2 2 2 2 2 2 2 2 2 2 2 2 2 2 2 2 2 2 2 2 2 -3500 -3500 -3500 -3500 -3500 -3500 -3500 -3500 -3500 -3500 -3500 -3500 -3500 -3500 -3500 -3500 -3500 -3500 -3500 -3500 -3500 -3500 -3500 -3500 -3500 -3500 11 -3500 -3500 -3500 -3500 -3500 -3500 -3500 -3500 -3500 -3500 -3500 -3500 -3500 -3500 -3500 -3500 -3500 -3500 -3500 -3500 -3500 -3500 -3500
10 2 2 2 2 2 2 2 2 2 2 2 2 2 2 2 2 2 2 2 2 2 -3500 -3500 -3500 -3500 -3500 -3500 -3500 -3500 -3500 -3500 -3500 -3500 -3500 -3500 -3500 -3500 -3500 -3500 -3500 -3500 -3500 -3500 -3500 -3500 -3500 -3500 -3500 11 -3500 -3500 -3500 -3500 -3500 -3500 -3500 -3500 -3500 -3500 -3500 -3500 -3500 -3500 -3500 -3500 -3500 -3500 -3500 -3500 -3500 -3500
10 2 2 2 2 2 2 2 2 2 2 2 2 2 2 2 2 2 2 2 2 -3500 -3500 -3500 -3500 -3500 -3500 -3500 -3500 -3500 -3500 -3500 -3500 -3500 -3500 -3500 -3500 -3500 -3500 -3500 -3500 -3500 -3500 -3500 -3500 -3500 -3500 -3500 -3500 11 -3500 -3500 -3500 -3500 -3500 -3500 -3500 -3500 -3500 -3500 -3500 -3500 -3500 -3500 -3500 -3500 -3500 -3500 -3500 -3500 -3500
10 2 2 2 2 2 2 2 2 2 2 2 2 2 2 2 2 2 2 2 -3500 -3500 -3500 -3500 -3500 -3500 -3500 -3500 -3500 -3500 -3500 -3500 -3500 -3500 -3500 -3500 -3500 -3500 -3500 -3500 -3500 -3500 -3500 -3500 -3500 -3500 -3500 -3500 -3500 11 -3500 -3500 -3500 -3500 -3500 -3500 -3500 -3500 -3500 -3500 -3500 -3500 -3500 -3500 -3500 -3500 -3500 -3500 -3500 -3500
10 2 2 2 2 2 2 2 2 2 2 2 2 2 2 2 2 2 2 -3500 -3500 -3500 -3500 -3500 -3500 -3500 -3500 -3500 -3500 -3500 -3500 -3500 -3500 -3500 -3500 -3500 -3500 -3500 -3500 -3500 -3500 -3500 -3500 -3500 -3500 -3500 -3500 -3500 -3500 11 -3500 -3500 -3500 -3500 -3500 -3500 -3500 -3500 -3500 -3500 -3500 -3500 -3500 -3500 -3500 -3500 -3500 -3500 -3500
10 2 2 2 2 2 2 2 2 2 2 2 2 2 2 2 2 2 -3500 -3500 -3500 -3500 -3500 -3500 -3500 -3500 -3500 -3500 -3500 -3500 -3500 -3500 -3500 -3500 -3500 -3500 -3500 -3500 -3500 -3500 -3500 -3500 -3500 -3500 -3500 -3500 -3500 -3500 -3500 11 -3500 -3500 -3500 -3500 -3500 -3500 -3500 -3500 -3500 -3500 -3500 -3500 -3500 -3500 -3500 -3500 -3500 -3500
10 2 2 2 2 2 2 2 2 2 2 2 2 2 2 2 2 -3500 -3500 -3500 -3500 -3500 -3500 -3500 -3500 -3500 -3500 -3500 -3500 -3500 -3500 -3500 -3500 -3500 -3500 -3500 -3500 -3500 -3500 -3500 -3500 -3500 -3500 -3500 -3500 -3500 -3500 -3500 -3500 11 -3500 -3500 -3500 -3500 -3500 -3500 -3500 -3500 -3500 -3500 -3500 -3500 -3500 -3500 -3500 -3500 -3500
10 2 2 2 2 2 2 2 2 2 2 2 2 2 2 2 -3500 -3500 -3500 -3500 -3500 -3500 -3500 -3500 -3500 -3500 -3500 -3500 -3500 -3500 -3500 -3500 -3500 -3500 -3500 -3500 -3500 -3500 -3500 -3500 -3500 -3500 -3500 -3500 -3500 -3500 -3500 -3500 -3500 11 -3500 -3500 -3500 -3500 -3500 -3500 -3500 -3500 -3500 -3500 -3500 -3500 -3500 -3500 -3500 -3500
10 2 2 2 2 2 2 2 2 2 2 2 2 2 2 -3500 -3500 -3500 -3500 -3500 -3500 -3500 -3500 -3500 -3500 -3500 -3500 -3500 -3500 -3500 -3500 -3500 -3500 -3500 -3500 -3500 -3500 -3500 -3500 -3500 -3500 -3500 -3500 -3500 -3500 -3500 -3500 -3500 -3500 11 -3500 -3500 -3500 -3500 -3500 -3500 -3500 -3500 -3500 -3500 -3500 -3500 -3500 -3500 -3500
10 2 2 2 2 2 2 2 2 2 2 2 2 2 -3500 -3500 -3500 -3500 -3500 -3500 -3500 -3500 -3500 -3500 -3500 -3500 -3500 -3500 -3500 -3500 -3500 -3500 -3500 -3500 -3500 -3500 -3500 -3500 -3500 -3500 -3500 -3500 -3500 -3500 -3500 -3500 -3500 -3500 -3500 11 -3500 -3500 -3500 -3500 -3500 -3500 -3500 -3500 -3500 -3500 -3500 -3500 -3500 -3500
10 2 2 2 2 2 2 2 2 2 2 2 2 -3500 -3500 -3500 -3500 -3500 -3500 -3500 -3500 -3500 -3500 -3500 -3500 -3500 -3500 -3500 -3500 -3500 -3500 -3500 -3500 -3500 -3500 -3500 -3500 -3500 -3500 -3500 -3500 -3500 -3500 -3500 -3500 -3500 -3500 -3500 -3500 11 -3500 -3500 -3500 -3500 -3500 -3500 -3500 -3500 -3500 -3500 -3500 -3500 -3500
10 2 2 2 2 2 2 2 2 2 2 2 -3500 -3500 -3500 -3500 -3500 -3500 -3500 -3500 -3500 -3500 -3500 -3500 -3500 -3500 -3500 -3500 -3500 -3500 -3500 -3500 -3500 -3500 -3500 -3500 -3500 -3500 -3500 -3500 -3500 -3500 -3500 -3500 -3500 -3500 -3500 -3500 -3500 11 -3500 -3500 -3500 -3500 -3500 -3500 -3500 -3500 -3500 -3500 -3500 -3500
10 2 2 2 2 2 2 2 2 2 2 -3500 -3500 -3500 -3500 -3500 -3500 -3500 -3500 -3500 -3500 -3500 -3500 -3500 -3500 -3500 -3500 -3500 -3500 -3500 -3500 -3500 -3500 -3500 -3500 -3500 -3500 -3500 -3500 -3500 -3500 -3500 -3500 -3500 -3500 -3500 -3500 -3500 -3500 11 -3500 -3500 -3500 -3500 -3500 -3500 -3500 -3500 -3500 -3500 -3500
10 2 2 2 2 2 2 2 2 2 -3500 -3500 -3500 -3500 -3500 -3500 -3500 -3500 -3500 -3500 -3500 -3500 -3500 -3500 -3500 -3500 -3500 -3500 -3500 -3500 -3500 -3500 -3500 -3500 -3500 -3500 -3500 -3500 -3500 -3500 -3500 -3500 -3500 -3500 -3500 -3500 -3500 -3500 -3500 11 -3500 -3500 -3500 -3500 -3500 -3500 -3500 -3500 -3500 -3500
10 2 2 2 2 2 2 2 2 -3500 -3500 -3500 -3500 -3500 -3500 -3500 -3500 -3500 -3500 -3500 -3500 -3500 -3500 -3500 -3500 -3500 -3500 -3500 -3500 -3500 -3500 -3500 -3500 -3500 -3500 -3500 -3500 -3500 -3500 -3500 -3500 -3500 -3500 -3500 -3500 -3500 -3500 -3500 -3500 11 -3500 -3500 -3500 -3500 -3500 -3500 -3500 -3500 -3500
10 2 2 2 2 2 2 2 -3500 -3500 -3500 -3500 -3500 -3500 -3500 -3500 -3500 -3500 -3500 -3500 -3500 -3500 -3500 -3500 -3500 -3500 -3500 -3500 -3500 -3500 -3500 -3500 -3500 -3500 -3500 -3500 -3500 -3500 -3500 -3500 -3500 -3500 -3500 -3500 -3500 -3500 -3500 -3500 -3500 11 -3500 -3500 -3500 -3500 -3500 -3500 -3500 -3500
10 2 2 2 2 2 2 -3500 -3500 -3500 -3500 -3500 -3500 -3500 -3500 -3500 -3500 -3500 -3500 -3500 -3500 -3500 -3500 -3500 -3500 -3500 -3500 -3500 -3500 -3500 -3500 -3500 -3500 -3500 -3500 -3500 -3500 -3500 -3500 -3500 -3500 -3500 -3500 -3500 -3500 -3500 -3500 -3500 -3500 11 -3500 -3500 -3500 -3500 -3500 -3500 -3500
10 2 2 2 2 2 -3500 -3500 -3500 -3500 -3500 -3500 -3500 -3500 -3500 -3500 -3500 -3500 -3500 -3500 -3500 -3500 -3500 -3500 -3500 -3500 -3500 -3500 -3500 -3500 -3500 -3500 -3500 -3500 -3500 -3500 -3500 -3500 -3500 -3500 -3500 -3500 -3500 -3500 -3500 -3500 -3500 -3500 -3500 11 -3500 -3500 -3500 -3500 -3500 -3500
10 2 2 2 2 -3500 -3500 -3500 -3500 -3500 -3500 -3500 -3500 -3500 -3500 -3500 -3500 -3500 -3500 -3500 -3500 -3500 -3500 -3500 -3500 -3500 -3500 -3500 -3500 -3500 -3500 -3500 -3500 -3500 -3500 -3500 -3500 -3500 -3500 -3500 -3500 -3500 -3500 -3500 -3500 -3500 -3500 -3500 -3500 11 -3500 -3500 -3500 -3500 -3500
10 2 2 2 -3500 -3500 -3500 -3500 -3500 -3500 -3500 -3500 -3500 -3500 -3500 -3500 -3500 -3500 -3500 -3500 -3500 -3500 -3500 -3500 -3500 -3500 -3500 -3500 -3500 -3500 -3500 -3500 -3500 -3500 -3500 -3500 -3500 -3500 -3500 -3500 -3500 -3500 -3500 -3500 -3500 -3500 -3500 -3500 -3500 11 -3500 -3500 -3500 -3500
10 2 2 -3500 -3500 -3500 -3500 -3500 -3500 -3500 -3500 -3500 -3500 -3500 -3500 -3500 -3500 -3500 -3500 -3500 -3500 -3500 -3500 -3500 -3500 -3500 -3500 -3500 -3500 -3500 -3500 -3500 -3500 -3500 -3500 -3500 -3500 -3500 -3500 -3500 -3500 -3500 -3500 -3500 -3500 -3500 -3500 -3500 -3500 11 -3500 -3500 -3500
10 2 -3500 -3500 -3500 -3500 -3500 -3500 -3500 -3500 -3500 -3500 -3500 -3500 -3500 -3500 -3500 -3500 -3500 -3500 -3500 -3500 -3500 -3500 -3500 -3500 -3500 -3500 -3500 -3500 -3500 -3500 -3500 -3500 -3500 -3500 -3500 -3500 -3500 -3500 -3500 -3500 -3500 -3500 -3500 -3500 -3500 -3500 -3500 11 -3500 -3500
10 -3500 -3500 -3500 -3500 -3500 -3500 -3500 -3500 -3500 -3500 -3500 -3500 -3500 -3500 -3500 -3500 -3500 -3500 -3500 -3500 -3500 -3500 -3500 -3500 -3500 -3500 -3500 -3500 -3500 -3500 -3500 -3500 -3500 -3500 -3500 -3500 -3500 -3500 -3500 -3500 -3500 -3500 -3500 -3500 -3500 -3500 -3500 -3500 11 -3500
-3500 -3500 -3500 -3500 -3500 -3500 -3500 -3500 -3500 -3500 -3500 -3500 -3500 -3500 -3500 -3500 -3500 -3500 -3500 -3500 -3500 -3500 -3500 -3500 -3500 -3500 -3500 -3500 -3500 -3500 -3500 -3500 -3500 -3500 -3500 -3500 -3500 -3500 -3500 -3500 -3500 -3500 -3500 -3500 -3500 -3500 -3500 -3500 -3500 11
-3500 -3500 -3500 -3500 -3500 -3500 -3500 -3500 -3500 -3500 -3500 -3500 -3500 -3500 -3500 -3500 -3500 -3500 -3500 -3500 -3500 -3500 -3500 -3500 -3500 -3500 -3500 -3500 -3500 -3500 -3500 -3500 -3500 -3500 -3500 -3500 -3500 -3500 -3500 -3500 -3500 -3500 -3500 -3500 -3500 -3500 -3500 -3500 -3500
-3500 -3500 -3500 -3500 -3500 -3500 -3500 -3500 -3500 -3500 -3500 -3500 -3500 -3500 -3500 -3500 -3500 -3500 -3500 -3500 -3500 -3500 -3500 -3500 -3500 -3500 -3500 -3500 -3500 -3500 -3500 -3500 -3500 -3500 -3500 -3500 -3500 -3500 -3500 -3500 -3500 -3500 -3500 -3500 -3500 -3500 -3500 -3500
-3500 -3500 -3500 -3500 -3500 -3500 -3500 -3500 -3500 -3500 -3500 -3500 -3500 -3500 -3500 -3500 -3500 -3500 -3500 -3500 -3500 -3500 -3500 -3500 -3500 -3500 -3500 -3500 -3500 -3500 -3500 -3500 -3500 -3500 -3500 -3500 -3500 -3500 -3500 -3500 -3500 -3500 -3500 -3500 -3500 -3500 -3500
-3500 -3500 -3500 -3500 -3500 -3500 -3500 -3500 -3500 -3500 -3500 -3500 -3500 -3500 -3500 -3500 -3500 -3500 -3500 -3500 -3500 -3500 -3500 -3500 -3500 -3500 -3500 -3500 -3500 -3500 -3500 -3500 -3500 -3500 -3500 -3500 -3500 -3500 -3500 -3500 -3500 -3500 -3500 -3500 -3500 -3500
-3500 -3500 -3500 -3500 -3500 -3500 -3500 -3500 -3500 -3500 -3500 -3500 -3500 -3500 -3500 -3500 -3500 -3500 -3500 -3500 -3500 -3500 -3500 -3500 -3500 -3500 -3500 -3500 -3500 -3500 -3500 -3500 -3500 -3500 -3500 -3500 -3500 -3500 -3500 -3500 -3500 -3500 -3500 -3500 -3500
-3500 -3500 -3500 -3500 -3500 -3500 -3500 -3500 -3500 -3500 -3500 -3500 -3500 -3500 -3500 -3500 -3500 -3500 -3500 -3500 -3500 -3500 -3500 -3500 -3500 -3500 -3500 -3500 -3500 -3500 -3500 -3500 -3500 -3500 -3500 -3500 -3500 -3500 -3500 -3500 -3500 -3500 -3500 -3500
-3500 -3500 -3500 -3500 -3500 -3500 -3500 -3500 -3500 -3500 -3500 -3500 -3500 -3500 -3500 -3500 -3500 -3500 -3500 -3500 -3500 -3500 -3500 -3500 -3500 -3500 -3500 -3500 -3500 -3500 -3500 -3500 -3500 -3500 -3500 -3500 -3500 -3500 -3500 -3500 -3500 -3500 -3500
-3500 -3500 -3500 -3500 -3500 -3500 -3500 -3500 -3500 -3500 -3500 -3500 -3500 -3500 -3500 -3500 -3500 -3500 -3500 -3500 -3500 -3500 -3500 -3500 -3500 -3500 -3500 -3500 -3500 -3500 -3500 -3500 -3500 -3500 -3500 -3500 -3500 -3500 -3500 -3500 -3500 -3500
-3500 -3500 -3500 -3500 -3500 -3500 -3500 -3500 -3500 -3500 -3500 -3500 -3500 -3500 -3500 -3500 -3500 -3500 -3500 -3500 -3500 -3500 -3500 -3500 -3500 -3500 -3500 -3500 -3500 -3500 -3500 -3500 -3500 -3500 -3500 -3500 -3500 -3500 -3500 -3500 -3500
-3500 -3500 -3500 -3500 -3500 -3500 -3500 -3500 -3500 -3500 -3500 -3500 -3500 -3500 -3500 -3500 -3500 -3500 -3500 -3500 -3500 -3500 -3500 -3500 -3500 -3500 -3500 -3500 -3500 -3500 -3500 -3500 -3500 -3500 -3500 -3500 -3500 -3500 -3500 -3500
-3500 -3500 -3500 -3500 -3500 -3500 -3500 -3500 -3500 -3500 -3500 -3500 -3500 -3500 -3500 -3500 -3500 -3500 -3500 -3500 -3500 -3500 -3500 -3500 -3500 -3500 -3500 -3500 -3500 -3500 -3500 -3500 -3500 -3500 -3500 -3500 -3500 -3500 -3500
-3500 -3500 -3500 -3500 -3500 -3500 -3500 -3500 -3500 -3500 -3500 -3500 -3500 -3500 -3500 -3500 -3500 -3500 -3500 -3500 -3500 -3500 -3500 -3500 -3500 -3500 -3500 -3500 -3500 -3500 -3500 -3500 -3500 -3500 -3500 -3500 -3500 -3500
-3500 -3500 -3500 -3500 -3500 -3500 -3500 -3500 -3500 -3500 -3500 -3500 -3500 -3500 -3500 -3500 -3500 -3500 -3500 -3500 -3500 -3500 -3500 -3500 -3500 -3500 -3500 -3500 -3500 -3500 -3500 -3500 -3500 -3500 -3500 -3500 -3500
-3500 -3500 -3500 -3500 -3500 -3500 -3500 -3500 -3500 -3500 -3500 -3500 -3500 -3500 -3500 -3500 -3500 -3500 -3500 -3500 -3500 -3500 -3500 -3500 -3500 -3500 -3500 -3500 -3500 -3500 -3500 -3500 -3500 -3500 -3500 -3500
-3500 -3500 -3500 -3500 -3500 -3500 -3500 -3500 -3500 -3500 -3500 -3500 -3500 -3500 -3500 -3500 -3500 -3500 -3500 -3500 -3500 -3500 -3500 -3500 -3500 -3500 -3500 -3500 -3500 -3500 -3500 -3500 -3500 -3500 -3500
-3500 -3500 -3500 -3500 -3500 -3500 -3500 -3500 -3500 -3500 -3500 -3500 -3500 -3500 -3500 -3500 -3500 -3500 -3500 -3500 -3500 -3500 -3500 -3500 -3500 -3500 -3500 -3500 -3500 -3500 -3500 -3500 -3500 -3500
-3500 -3500 -3500 -3500 -3500 -3500 -3500 -3500 -3500 -3500 -3500 -3500 -3500 -3500 -3500 -3500 -3500 -3500 -3500 -3500 -3500 -3500 -3500 -3500 -3500 -3500 -3500 -3500 -3500 -3500 -3500 -3500 -3500
-3500 -3500 -3500 -3500 -3500 -3500 -3500 -3500 -3500 -3500 -3500 -3500 -3500 -3500 -3500 -3500 -3500 -3500 -3500 -3500 -3500 -3500 -3500 -3500 -3500 -3500 -3500 -3500 -3500 -3500 -3500 -3500
-3500 -3500 -3500 -3500 -3500 -3500 -3500 -3500 -3500 -3500 -3500 -3500 -3500 -3500 -3500 -3500 -3500 -3500 -3500 -3500 -3500 -3500 -3500 -3500 -3500 -3500 -3500 -3500 -3500 -3500 -3500
-3500 -3500 -3500 -3500 -3500 -3500 -3500 -3500 -3500 -3500 -3500 -3500 -3500 -3500 -3500 -3500 -3500 -3500 -3500 -3500 -3500 -3500 -3500 -3500 -3500 -3500 -3500 -3500 -3500 -3500
-3500 -3500 -3500 -3500 -3500 -3500 -3500 -3500 -3500 -3500 -3500 -3500 -3500 -3500 -3500 -3500 -3500 -3500 -3500 -3500 -3500 -3500 -3500 -3500 -3500 -3500 -3500 -3500 -3500
-3500 -3500 -3500 -3500 -3500 -3500 -3500 -3500 -3500 -3500 -3500 -3500 -3500 -3500 -3500 -3500 -3500 -3500 -3500 -3500 -3500 -3500 -3500 -3500 -3500 -3500 -3500 -3500
-3500 -3500 -3500 -3500 -3500 -3500 -3500 -3500 -3500 -3500 -3500 -3500 -3500 -3500 -3500 -3500 -3500 -3500 -3500 -3500 -3500 -3500 -3500 -3500 -3500 -3500 -3500
-3500 -3500 -3500 -3500 -3500 -3500 -3500 -3500 -3500 -3500 -3500 -3500 -3500 -3500 -3500 -3500 -3500 -3500 -3500 -3500 -3500 -3500 -3500 -3500 -3500 -3500
-3500 -3500 -3500 -3500 -3500 -3500 -3500 -3500 -3500 -3500 -3500 -3500 -3500 -3500 -3500 -3500 -3500 -3500 -3500 -3500 -3500 -3500 -3500 -3500 -3500
-3500 -3500 -3500 -3500 -3500 -3500 -3500 -3500 -3500 -3500 -3500 -3500 -3500 -3500 -3500 -3500 -3500 -3500 -3500 -3500 -3500 -3500 -3500 -3500
-3500 -3500 -3500 -3500 -3500 -3500 -3500 -3500 -3500 -3500 -3500 -3500 -3500 -3500 -3500 -3500 -3500 -3500 -3500 -3500 -3500 -3500 -3500
-3500 -3500 -3500 -3500 -3500 -3500 -3500 -3500 -3500 -3500 -3500 -3500 -3500 -3500 -3500 -3500 -3500 -3500 -3500 -3500 -3500 -3500
-3500 -3500 -3500 -3500 -3500 -3500 -3500 -3500 -3500 -3500 -3500 -3500 -3500 -3500 -3500 -3500 -3500 -3500 -3500 -3500 -3500
-3500 -3500 -3500 -3500 -3500 -3500 -3500 -3500 -3500 -3500 -3500 -3500 -3500 -3500 -3500 -3500 -3500 -3500 -3500 -3500
-3500 -3500 -3500 -3500 -3500 -3500 -3500 -3500 -3500 -3500 -3500 -3500 -3500 -3500 -3500 -3500 -3500 -3500 -3500
-3500 -3500 -3500 -3500 -3500 -3500 -3500 -3500 -3500 -3500 -3500 -3500 -3500 -3500 -3500 -3500 -3500 -3500
-3500 -3500 -3500 -3500 -3500 -3500 -3500 -3500 -3500 -3500 -3500 -3500 -3500 -3500 -3500 -3500 -3500
-3500 -3500 -3500 -3500 -3500 -3500 -3500 -3500 -3500 -3500 -3500 -3500 -3500 -3500 -3500 -3500
-3500 -3500 -3500 -3500 -3500 -3500 -3500 -3500 -3500 -3500 -3500 -3500 -3500 -3500 -3500
-3500 -3500 -3500 -3500 -3500 -3500 -3500 -3500 -3500 -3500 -3500 -3500 -3500 -3500
-3500 -3500 -3500 -3500 -3500 -3500 -3500 -3500 -3500 -3500 -3500 -3500 -3500
-3500 -3500 -3500 -3500 -3500 -3500 -3500 -3500 -3500 -3500 -3500 -3500
-3500 -3500 -3500 -3500 -3500 -3500 -3500 -3500 -3500 -3500 -3500
-3500 -3500 -3500 -3500 -3500 -3500 -3500 -3500 -3500 -3500
-3500 -3500 -3500 -3500 -3500 -3500 -3500 -3500 -3500
-3500 -3500 -3500 -3500 -3500 -3500 -3500 -3500
-3500 -3500 -3500 -3500 -3500 -3500 -3500
-3500 -3500 -3500 -3500 -3500 -3500
-3500 -3500 -3500 -3500 -3500
-3500 -3500 -3500 -3500
-3500 -3500 -3500
-3500 -3500
-3500
