150
10 2 2 2 2 2 2 2 2 2 2 2 2 2 2 2 2 2 2 2 2 2 2 2 2 2 2 2 2 2 2 2 2 2 2 2 2 2 2 2 2 2 2 2 2 2 2 2 2 2 2 2 2 2 2 2 2 2 2 2 2 2 2 2 2 2 2 2 2 2 2 2 2 10 11 -7125 -7125 -7125 -7125 -7125 -7125 -7125 -7125 -7125 -7125 -7125 -7125 -7125 -7125 -7125 -7125 -7125 -7125 -7125 -7125 -7125 -7125 -7125 -7125 -7125 -7125 -7125 -7125 -7125 -7125 -7125 -7125 -7125 -7125 -7125 -7125 -7125 -7125 -7125 -7125 -7125 -7125 -7125 -7125 -7125 -7125 -7125 -7125 -7125 -7125 -7125 -7125 -7125 -7125 -7125 -7125 -7125 -7125 -7125 -7125 -7125 -7125 -7125 -7125 -7125 -7125 -7125 -7125 -7125 -7125 -7125 -7125 -7125 -7125
10 2 2 2 2 2 2 2 2 2 2 2 2 2 2 2 2 2 2 2 2 2 2 2 2 2 2 2 2 2 2 2 2 2 2 2 2 2 2 2 2 2 2 2 2 2 2 2 2 2 2 2 2 2 2 2 2 2 2 2 2 2 2 2 2 2 2 2 2 2 2 2 2 -7125 11 -7125 -7125 -7125 -7125 -7125 -7125 -7125 -7125 -7125 -7125 -7125 -7125 -7125 -7125 -7125 -7125 -7125 -7125 -7125 -7125 -7125 -7125 -7125 -7125 -7125 -7125 -7125 -7125 -7125 -7125 -7125 -7125 -7125 -7125 -7125 -7125 -7125 -7125 -7125 -7125 -7125 -7125 -7125 -7125 -7125 -7125 -7125 -7125 -7125 -7125 -7125 -7125 -7125 -7125 -7125 -7125 -7125 -7125 -7125 -7125 -7125 -7125 -7125 -7125 -7125 -7125 -7125 -7125 -7125 -7125 -7125 -7125 -7125
10 2 2 2 2 2 2 2 2 2 2 2 2 2 2 2 2 2 2 2 2 2 2 2 2 2 2 2 2 2 2 2 2 2 2 2 2 2 2 2 2 2 2 2 2 2 2 2 2 2 2 2 2 2 2 2 2 2 2 2 2 2 2 2 2 2 2 2 2 2 2 2 -7125 -7125 11 -7125 -7125 -7125 -7125 -7125 -7125 -7125 -7125 -7125 -7125 -7125 -7125 -7125 -7125 -7125 -7125 -7125 -7125 -7125 -7125 -7125 -7125 -7125 -7125 -7125 -7125 -7125 -7125 -7125 -7125 -7125 -7125 -7125 -7125 -7125 -7125 -7125 -7125 -7125 -7125 -7125 -7125 -7125 -7125 -7125 -7125 -7125 -7125 -7125 -7125 -7125 -7125 -7125 -7125 -7125 -7125 -7125 -7125 -7125 -7125 -7125 -7125 -7125 -7125 -7125 -7125 -7125 -7125 -7125 -7125 -7125 -7125
10 2 2 2 2 2 2 2 2 2 2 2 2 2 2 2 2 2 2 2 2 2 2 2 2 2 2 2 2 2 2 2 2 2 2 2 2 2 2 2 2 2 2 2 2 2 2 2 2 2 2 2 2 2 2 2 2 2 2 2 2 2 2 2 2 2 2 2 2 2 2 -7125 -7125 -7125 11 -7125 -7125 -7125 -7125 -7125 -7125 -7125 -7125 -7125 -7125 -7125 -7125 -7125 -7125 -7125 -7125 -7125 -7125 -7125 -7125 -7125 -7125 -7125 -7125 -7125 -7125 -7125 -7125 -7125 -7125 -7125 -7125 -7125 -7125 -7125 -7125 -7125 -7125 -7125 -7125 -7125 -7125 -7125 -7125 -7125 -7125 -7125 -7125 -7125 -7125 -7125 -7125 -7125 -7125 -7125 -7125 -7125 -7125 -7125 -7125 -7125 -7125 -7125 -7125 -7125 -7125 -7125 -7125 -7125 -7125 -7125
10 2 2 2 2 2 2 2 2 2 2 2 2 2 2 2 2 2 2 2 2 2 2 2 2 2 2 2 2 2 2 2 2 2 2 2 2 2 2 2 2 2 2 2 2 2 2 2 2 2 2 2 2 2 2 2 2 2 2 2 2 2 2 2 2 2 2 2 2 2 -7125 -7125 -7125 -7125 11 -7125 -7125 -7125 -7125 -7125 -7125 -7125 -7125 -7125 -7125 -7125 -7125 -7125 -7125 -7125 -7125 -7125 -7125 -7125 -7125 -7125 -7125 -7125 -7125 -7125 -7125 -7125 -7125 -7125 -7125 -7125 -7125 -7125 -7125 -7125 -7125 -7125 -7125 -7125 -7125 -7125 -7125 -7125 -7125 -7125 -7125 -7125 -7125 -7125 -7125 -7125 -7125 -7125 -7125 -7125 -7125 -7125 -7125 -7125 -7125 -7125 -7125 -7125 -7125 -7125 -7125 -7125 -7125 -7125 -7125
10 2 2 2 2 2 2 2 2 2 2 2 2 2 2 2 2 2 2 2 2 2 2 2 2 2 2 2 2 2 2 2 2 2 2 2 2 2 2 2 2 2 2 2 2 2 2 2 2 2 2 2 2 2 2 2 2 2 2 2 2 2 2 2 2 2 2 2 2 -7125 -7125 -7125 -7125 -7125 11 -7125 -7125 -7125 -7125 -7125 -7125 -7125 -7125 -7125 -7125 -7125 -7125 -7125 -7125 -7125 -7125 -7125 -7125 -7125 -7125 -7125 -7125 -7125 -7125 -7125 -7125 -7125 -7125 -7125 -7125 -7125 -7125 -7125 -7125 -7125 -7125 -7125 -7125 -7125 -7125 -7125 -7125 -7125 -7125 -7125 -7125 -7125 -7125 -7125 -7125 -7125 -7125 -7125 -7125 -7125 -7125 -7125 -7125 -7125 -7125 -7125 -7125 -7125 -7125 -7125 -7125 -7125 -7125 -7125
10 2 2 2 2 2 2 2 2 2 2 2 2 2 2 2 2 2 2 2 2 2 2 2 2 2 2 2 2 2 2 2 2 2 2 2 2 2 2 2 2 2 2 2 2 2 2 2 2 2 2 2 2 2 2 2 2 2 2 2 2 2 2 2 2 2 2 2 -7125 -7125 -7125 -7125 -7125 -7125 11 -7125 -7125 -7125 -7125 -7125 -7125 -7125 -7125 -7125 -7125 -7125 -7125 -7125 -7125 -7125 -7125 -7125 -7125 -7125 -7125 -7125 -7125 -7125 -7125 -7125 -7125 -7125 -7125 -7125 -7125 -7125 -7125 -7125 -7125 -7125 -7125 -7125 -7125 -7125 -7125 -7125 -7125 -7125 -7125 -7125 -7125 -7125 -7125 -7125 -7125 -7125 -7125 -7125 -7125 -7125 -7125 -7125 -7125 -7125 -7125 -7125 -7125 -7125 -7125 -7125 -7125 -7125 -7125
10 2 2 2 2 2 2 2 2 2 2 2 2 2 2 2 2 2 2 2 2 2 2 2 2 2 2 2 2 2 2 2 2 2 2 2 2 2 2 2 2 2 2 2 2 2 2 2 2 2 2 2 2 2 2 2 2 2 2 2 2 2 2 2 2 2 2 -7125 -7125 -7125 -7125 -7125 -7125 -7125 11 -7125 -7125 -7125 -7125 -7125 -7125 -7125 -7125 -7125 -7125 -7125 -7125 -7125 -7125 -7125 -7125 -7125 -7125 -7125 -7125 -7125 -7125 -7125 -7125 -7125 -7125 -7125 -7125 -7125 -7125 -7125 -7125 -7125 -7125 -7125 -7125 -7125 -7125 -7125 -7125 -7125 -7125 -7125 -7125 -7125 -7125 -7125 -7125 -7125 -7125 -7125 -7125 -7125 -7125 -7125 -7125 -7125 -7125 -7125 -7125 -7125 -7125 -7125 -7125 -7125 -7125 -7125
10 2 2 2 2 2 2 2 2 2 2 2 2 2 2 2 2 2 2 2 2 2 2 2 2 2 2 2 2 2 2 2 2 2 2 2 2 2 2 2 2 2 2 2 2 2 2 2 2 2 2 2 2 2 2 2 2 2 2 2 2 2 2 2 2 2 -7125 -7125 -7125 -7125 -7125 -7125 -7125 -7125 11 -7125 -7125 -7125 -7125 -7125 -7125 -7125 -7125 -7125 -7125 -7125 -7125 -7125 -7125 -7125 -7125 -7125 -7125 -7125 -7125 -7125 -7125 -7125 -7125 -7125 -7125 -7125 -7125 -7125 -7125 -7125 -7125 -7125 -7125 -7125 -7125 -7125 -7125 -7125 -7125 -7125 -7125 -7125 -7125 -7125 -7125 -7125 -7125 -7125 -7125 -7125 -7125 -7125 -7125 -7125 -7125 -7125 -7125 -7125 -7125 -7125 -7125 -7125 -7125 -7125 -7125
10 2 2 2 2 2 2 2 2 2 2 2 2 2 2 2 2 2 2 2 2 2 2 2 2 2 2 2 2 2 2 2 2 2 2 2 2 2 2 2 2 2 2 2 2 2 2 2 2 2 2 2 2 2 2 2 2 2 2 2 2 2 2 2 2 -7125 -7125 -7125 -7125 -7125 -7125 -7125 -7125 -7125 11 -7125 -7125 -7125 -7125 -7125 -7125 -7125 -7125 -7125 -7125 -7125 -7125 -7125 -7125 -7125 -7125 -7125 -7125 -7125 -7125 -7125 -7125 -7125 -7125 -7125 -7125 -7125 -7125 -7125 -7125 -7125 -7125 -7125 -7125 -7125 -7125 -7125 -7125 -7125 -7125 -7125 -7125 -7125 -7125 -7125 -7125 -7125 -7125 -7125 -7125 -7125 -7125 -7125 -7125 -7125 -7125 -7125 -7125 -7125 -7125 -7125 -7125 -7125 -7125 -7125
10 2 2 2 2 2 2 2 2 2 2 2 2 2 2 2 2 2 2 2 2 2 2 2 2 2 2 2 2 2 2 2 2 2 2 2 2 2 2 2 2 2 2 2 2 2 2 2 2 2 2 2 2 2 2 2 2 2 2 2 2 2 2 2 -7125 -7125 -7125 -7125 -7125 -7125 -7125 -7125 -7125 -7125 11 -7125 -7125 -7125 -7125 -7125 -7125 -7125 -7125 -7125 -7125 -7125 -7125 -7125 -7125 -7125 -7125 -7125 -7125 -7125 -7125 -7125 -7125 -7125 -7125 -7125 -7125 -7125 -7125 -7125 -7125 -7125 -7125 -7125 -7125 -7125 -7125 -7125 -7125 -7125 -7125 -7125 -7125 -7125 -7125 -7125 -7125 -7125 -7125 -7125 -7125 -7125 -7125 -7125 -7125 -7125 -7125 -7125 -7125 -7125 -7125 -7125 -7125 -7125 -7125
10 2 2 2 2 2 2 2 2 2 2 2 2 2 2 2 2 2 2 2 2 2 2 2 2 2 2 2 2 2 2 2 2 2 2 2 2 2 2 2 2 2 2 2 2 2 2 2 2 2 2 2 2 2 2 2 2 2 2 2 2 2 2 -7125 -7125 -7125 -7125 -7125 -7125 -7125 -7125 -7125 -7125 -7125 11 -7125 -7125 -7125 -7125 -7125 -7125 -7125 -7125 -7125 -7125 -7125 -7125 -7125 -7125 -7125 -7125 -7125 -7125 -7125 -7125 -7125 -7125 -7125 -7125 -7125 -7125 -7125 -7125 -7125 -7125 -7125 -7125 -7125 -7125 -7125 -7125 -7125 -7125 -7125 -7125 -7125 -7125 -7125 -7125 -7125 -7125 -7125 -7125 -7125 -7125 -7125 -7125 -7125 -7125 -7125 -7125 -7125 -7125 -7125 -7125 -7125 -7125 -7125
10 2 2 2 2 2 2 2 2 2 2 2 2 2 2 2 2 2 2 2 2 2 2 2 2 2 2 2 2 2 2 2 2 2 2 2 2 2 2 2 2 2 2 2 2 2 2 2 2 2 2 2 2 2 2 2 2 2 2 2 2 2 -7125 -7125 -7125 -7125 -7125 -7125 -7125 -7125 -7125 -7125 -7125 -7125 11 -7125 -7125 -7125 -7125 -7125 -7125 -7125 -7125 -7125 -7125 -7125 -7125 -7125 -7125 -7125 -7125 -7125 -7125 -7125 -7125 -7125 -7125 -7125 -7125 -7125 -7125 -7125 -7125 -7125 -7125 -7125 -7125 -7125 -7125 -7125 -7125 -7125 -7125 -7125 -7125 -7125 -7125 -7125 -7125 -7125 -7125 -7125 -7125 -7125 -7125 -7125 -7125 -7125 -7125 -7125 -7125 -7125 -7125 -7125 -7125 -7125 -7125
10 2 2 2 2 2 2 2 2 2 2 2 2 2 2 2 2 2 2 2 2 2 2 2 2 2 2 2 2 2 2 2 2 2 2 2 2 2 2 2 2 2 2 2 2 2 2 2 2 2 2 2 2 2 2 2 2 2 2 2 2 -7125 -7125 -7125 -7125 -7125 -7125 -7125 -7125 -7125 -7125 -7125 -7125 -7125 11 -7125 -7125 -7125 -7125 -7125 -7125 -7125 -7125 -7125 -7125 -7125 -7125 -7125 -7125 -7125 -7125 -7125 -7125 -7125 -7125 -7125 -7125 -7125 -7125 -7125 -7125 -7125 -7125 -7125 -7125 -7125 -7125 -7125 -7125 -7125 -7125 -7125 -7125 -7125 -7125 -7125 -7125 -7125 -7125 -7125 -7125 -7125 -7125 -7125 -7125 -7125 -7125 -7125 -7125 -7125 -7125 -7125 -7125 -7125 -7125 -7125
10 2 2 2 2 2 2 2 2 2 2 2 2 2 2 2 2 2 2 2 2 2 2 2 2 2 2 2 2 2 2 2 2 2 2 2 2 2 2 2 2 2 2 2 2 2 2 2 2 2 2 2 2 2 2 2 2 2 2 2 -7125 -7125 -7125 -7125 -7125 -7125 -7125 -7125 -7125 -7125 -7125 -7125 -7125 -7125 11 -7125 -7125 -7125 -7125 -7125 -7125 -7125 -7125 -7125 -7125 -7125 -7125 -7125 -7125 -7125 -7125 -7125 -7125 -7125 -7125 -7125 -7125 -7125 -7125 -7125 -7125 -7125 -7125 -7125 -7125 -7125 -7125 -7125 -7125 -7125 -7125 -7125 -7125 -7125 -7125 -7125 -7125 -7125 -7125 -7125 -7125 -7125 -7125 -7125 -7125 -7125 -7125 -7125 -7125 -7125 -7125 -7125 -7125 -7125 -7125
10 2 2 2 2 2 2 2 2 2 2 2 2 2 2 2 2 2 2 2 2 2 2 2 2 2 2 2 2 2 2 2 2 2 2 2 2 2 2 2 2 2 2 2 2 2 2 2 2 2 2 2 2 2 2 2 2 2 2 -7125 -7125 -7125 -7125 -7125 -7125 -7125 -7125 -7125 -7125 -7125 -7125 -7125 -7125 -7125 11 -7125 -7125 -7125 -7125 -7125 -7125 -7125 -7125 -7125 -7125 -7125 -7125 -7125 -7125 -7125 -7125 -7125 -7125 -7125 -7125 -7125 -7125 -7125 -7125 -7125 -7125 -7125 -7125 -7125 -7125 -7125 -7125 -7125 -7125 -7125 -7125 -7125 -7125 -7125 -7125 -7125 -7125 -7125 -7125 -7125 -7125 -7125 -7125 -7125 -7125 -7125 -7125 -7125 -7125 -7125 -7125 -7125 -7125 -7125
10 2 2 2 2 2 2 2 2 2 2 2 2 2 2 2 2 2 2 2 2 2 2 2 2 2 2 2 2 2 2 2 2 2 2 2 2 2 2 2 2 2 2 2 2 2 2 2 2 2 2 2 2 2 2 2 2 2 -7125 -7125 -7125 -7125 -7125 -7125 -7125 -7125 -7125 -7125 -7125 -7125 -7125 -7125 -7125 -7125 11 -7125 -7125 -7125 -7125 -7125 -7125 -7125 -7125 -7125 -7125 -7125 -7125 -7125 -7125 -7125 -7125 -7125 -7125 -7125 -7125 -7125 -7125 -7125 -7125 -7125 -7125 -7125 -7125 -7125 -7125 -7125 -7125 -7125 -7125 -7125 -7125 -7125 -7125 -7125 -7125 -7125 -7125 -7125 -7125 -7125 -7125 -7125 -7125 -7125 -7125 -7125 -7125 -7125 -7125 -7125 -7125 -7125 -7125
10 2 2 2 2 2 2 2 2 2 2 2 2 2 2 2 2 2 2 2 2 2 2 2 2 2 2 2 2 2 2 2 2 2 2 2 2 2 2 2 2 2 2 2 2 2 2 2 2 2 2 2 2 2 2 2 2 -7125 -7125 -7125 -7125 -7125 -7125 -7125 -7125 -7125 -7125 -7125 -7125 -7125 -7125 -7125 -7125 -7125 11 -7125 -7125 -7125 -7125 -7125 -7125 -7125 -7125 -7125 -7125 -7125 -7125 -7125 -7125 -7125 -7125 -7125 -7125 -7125 -7125 -7125 -7125 -7125 -7125 -7125 -7125 -7125 -7125 -7125 -7125 -7125 -7125 -7125 -7125 -7125 -7125 -7125 -7125 -7125 -7125 -7125 -7125 -7125 -7125 -7125 -7125 -7125 -7125 -7125 -7125 -7125 -7125 -7125 -7125 -7125 -7125 -7125
10 2 2 2 2 2 2 2 2 2 2 2 2 2 2 2 2 2 2 2 2 2 2 2 2 2 2 2 2 2 2 2 2 2 2 2 2 2 2 2 2 2 2 2 2 2 2 2 2 2 2 2 2 2 2 2 -7125 -7125 -7125 -7125 -7125 -7125 -7125 -7125 -7125 -7125 -7125 -7125 -7125 -7125 -7125 -7125 -7125 -7125 11 -7125 -7125 -7125 -7125 -7125 -7125 -7125 -7125 -7125 -7125 -7125 -7125 -7125 -7125 -7125 -7125 -7125 -7125 -7125 -7125 -7125 -7125 -7125 -7125 -7125 -7125 -7125 -7125 -7125 -7125 -7125 -7125 -7125 -7125 -7125 -7125 -7125 -7125 -7125 -7125 -7125 -7125 -7125 -7125 -7125 -7125 -7125 -7125 -7125 -7125 -7125 -7125 -7125 -7125 -7125 -7125
10 2 2 2 2 2 2 2 2 2 2 2 2 2 2 2 2 2 2 2 2 2 2 2 2 2 2 2 2 2 2 2 2 2 2 2 2 2 2 2 2 2 2 2 2 2 2 2 2 2 2 2 2 2 2 -7125 -7125 -7125 -7125 -7125 -7125 -7125 -7125 -7125 -7125 -7125 -7125 -7125 -7125 -7125 -7125 -7125 -7125 -7125 11 -7125 -7125 -7125 -7125 -7125 -7125 -7125 -7125 -7125 -7125 -7125 -7125 -7125 -7125 -7125 -7125 -7125 -7125 -7125 -7125 -7125 -7125 -7125 -7125 -7125 -7125 -7125 -7125 -7125 -7125 -7125 -7125 -7125 -7125 -7125 -7125 -7125 -7125 -7125 -7125 -7125 -7125 -7125 -7125 -7125 -7125 -7125 -7125 -7125 -7125 -7125 -7125 -7125 -7125 -7125
10 2 2 2 2 2 2 2 2 2 2 2 2 2 2 2 2 2 2 2 2 2 2 2 2 2 2 2 2 2 2 2 2 2 2 2 2 2 2 2 2 2 2 2 2 2 2 2 2 2 2 2 2 2 -7125 -7125 -7125 -7125 -7125 -7125 -7125 -7125 -7125 -7125 -7125 -7125 -7125 -7125 -7125 -7125 -7125 -7125 -7125 -7125 11 -7125 -7125 -7125 -7125 -7125 -7125 -7125 -7125 -7125 -7125 -7125 -7125 -7125 -7125 -7125 -7125 -7125 -7125 -7125 -7125 -7125 -7125 -7125 -7125 -7125 -7125 -7125 -7125 -7125 -7125 -7125 -7125 -7125 -7125 -7125 -7125 -7125 -7125 -7125 -7125 -7125 -7125 -7125 -7125 -7125 -7125 -7125 -7125 -7125 -7125 -7125 -7125 -7125 -7125
10 2 2 2 2 2 2 2 2 2 2 2 2 2 2 2 2 2 2 2 2 2 2 2 2 2 2 2 2 2 2 2 2 2 2 2 2 2 2 2 2 2 2 2 2 2 2 2 2 2 2 2 2 -7125 -7125 -7125 -7125 -7125 -7125 -7125 -7125 -7125 -7125 -7125 -7125 -7125 -7125 -7125 -7125 -7125 -7125 -7125 -7125 -7125 11 -7125 -7125 -7125 -7125 -7125 -7125 -7125 -7125 -7125 -7125 -7125 -7125 -7125 -7125 -7125 -7125 -7125 -7125 -7125 -7125 -7125 -7125 -7125 -7125 -7125 -7125 -7125 -7125 -7125 -7125 -7125 -7125 -7125 -7125 -7125 -7125 -7125 -7125 -7125 -7125 -7125 -7125 -7125 -7125 -7125 -7125 -7125 -7125 -7125 -7125 -7125 -7125 -7125
10 2 2 2 2 2 2 2 2 2 2 2 2 2 2 2 2 2 2 2 2 2 2 2 2 2 2 2 2 2 2 2 2 2 2 2 2 2 2 2 2 2 2 2 2 2 2 2 2 2 2 2 -7125 -7125 -7125 -7125 -7125 -7125 -7125 -7125 -7125 -7125 -7125 -7125 -7125 -7125 -7125 -7125 -7125 -7125 -7125 -7125 -7125 -7125 11 -7125 -7125 -7125 -7125 -7125 -7125 -7125 -7125 -7125 -7125 -7125 -7125 -7125 -7125 -7125 -7125 -7125 -7125 -7125 -7125 -7125 -7125 -7125 -7125 -7125 -7125 -7125 -7125 -7125 -7125 -7125 -7125 -7125 -7125 -7125 -7125 -7125 -7125 -7125 -7125 -7125 -7125 -7125 -7125 -7125 -7125 -7125 -7125 -7125 -7125 -7125 -7125
10 2 2 2 2 2 2 2 2 2 2 2 2 2 2 2 2 2 2 2 2 2 2 2 2 2 2 2 2 2 2 2 2 2 2 2 2 2 2 2 2 2 2 2 2 2 2 2 2 2 2 -7125 -7125 -7125 -7125 -7125 -7125 -7125 -7125 -7125 -7125 -7125 -7125 -7125 -7125 -7125 -7125 -7125 -7125 -7125 -7125 -7125 -7125 -7125 11 -7125 -7125 -7125 -7125 -7125 -7125 -7125 -7125 -7125 -7125 -7125 -7125 -7125 -7125 -7125 -7125 -7125 -7125 -7125 -7125 -7125 -7125 -7125 -7125 -7125 -7125 -7125 -7125 -7125 -7125 -7125 -7125 -7125 -7125 -7125 -7125 -7125 -7125 -7125 -7125 -7125 -7125 -7125 -7125 -7125 -7125 -7125 -7125 -7125 -7125 -7125
10 2 2 2 2 2 2 2 2 2 2 2 2 2 2 2 2 2 2 2 2 2 2 2 2 2 2 2 2 2 2 2 2 2 2 2 2 2 2 2 2 2 2 2 2 2 2 2 2 2 -7125 -7125 -7125 -7125 -7125 -7125 -7125 -7125 -7125 -7125 -7125 -7125 -7125 -7125 -7125 -7125 -7125 -7125 -7125 -7125 -7125 -7125 -7125 -7125 11 -7125 -7125 -7125 -7125 -7125 -7125 -7125 -7125 -7125 -7125 -7125 -7125 -7125 -7125 -7125 -7125 -7125 -7125 -7125 -7125 -7125 -7125 -7125 -7125 -7125 -7125 -7125 -7125 -7125 -7125 -7125 -7125 -7125 -7125 -7125 -7125 -7125 -7125 -7125 -7125 -7125 -7125 -7125 -7125 -7125 -7125 -7125 -7125 -7125 -7125
10 2 2 2 2 2 2 2 2 2 2 2 2 2 2 2 2 2 2 2 2 2 2 2 2 2 2 2 2 2 2 2 2 2 2 2 2 2 2 2 2 2 2 2 2 2 2 2 2 -7125 -7125 -7125 -7125 -7125 -7125 -7125 -7125 -7125 -7125 -7125 -7125 -7125 -7125 -7125 -7125 -7125 -7125 -7125 -7125 -7125 -7125 -7125 -7125 -7125 11 -7125 -7125 -7125 -7125 -7125 -7125 -7125 -7125 -7125 -7125 -7125 -7125 -7125 -7125 -7125 -7125 -7125 -7125 -7125 -7125 -7125 -7125 -7125 -7125 -7125 -7125 -7125 -7125 -7125 -7125 -7125 -7125 -7125 -7125 -7125 -7125 -7125 -7125 -7125 -7125 -7125 -7125 -7125 -7125 -7125 -7125 -7125 -7125 -7125
10 2 2 2 2 2 2 2 2 2 2 2 2 2 2 2 2 2 2 2 2 2 2 2 2 2 2 2 2 2 2 2 2 2 2 2 2 2 2 2 2 2 2 2 2 2 2 2 -7125 -7125 -7125 -7125 -7125 -7125 -7125 -7125 -7125 -7125 -7125 -7125 -7125 -7125 -7125 -7125 -7125 -7125 -7125 -7125 -7125 -7125 -7125 -7125 -7125 -7125 11 -7125 -7125 -7125 -7125 -7125 -7125 -7125 -7125 -7125 -7125 -7125 -7125 -7125 -7125 -7125 -7125 -7125 -7125 -7125 -7125 -7125 -7125 -7125 -7125 -7125 -7125 -7125 -7125 -7125 -7125 -7125 -7125 -7125 -7125 -7125 -7125 -7125 -7125 -7125 -7125 -7125 -7125 -7125 -7125 -7125 -7125 -7125 -7125
10 2 2 2 2 2 2 2 2 2 2 2 2 2 2 2 2 2 2 2 2 2 2 2 2 2 2 2 2 2 2 2 2 2 2 2 2 2 2 2 2 2 2 2 2 2 2 -7125 -7125 -7125 -7125 -7125 -7125 -7125 -7125 -7125 -7125 -7125 -7125 -7125 -7125 -7125 -7125 -7125 -7125 -7125 -7125 -7125 -7125 -7125 -7125 -7125 -7125 -7125 11 -7125 -7125 -7125 -7125 -7125 -7125 -7125 -7125 -7125 -7125 -7125 -7125 -7125 -7125 -7125 -7125 -7125 -7125 -7125 -7125 -7125 -7125 -7125 -7125 -7125 -7125 -7125 -7125 -7125 -7125 -7125 -7125 -7125 -7125 -7125 -7125 -7125 -7125 -7125 -7125 -7125 -7125 -7125 -7125 -7125 -7125 -7125
10 2 2 2 2 2 2 2 2 2 2 2 2 2 2 2 2 2 2 2 2 2 2 2 2 2 2 2 2 2 2 2 2 2 2 2 2 2 2 2 2 2 2 2 2 2 -7125 -7125 -7125 -7125 -7125 -7125 -7125 -7125 -7125 -7125 -7125 -7125 -7125 -7125 -7125 -7125 -7125 -7125 -7125 -7125 -7125 -7125 -7125 -7125 -7125 -7125 -7125 -7125 11 -7125 -7125 -7125 -7125 -7125 -7125 -7125 -7125 -7125 -7125 -7125 -7125 -7125 -7125 -7125 -7125 -7125 -7125 -7125 -7125 -7125 -7125 -7125 -7125 -7125 -7125 -7125 -7125 -7125 -7125 -7125 -7125 -7125 -7125 -7125 -7125 -7125 -7125 -7125 -7125 -7125 -7125 -7125 -7125 -7125 -7125
10 2 2 2 2 2 2 2 2 2 2 2 2 2 2 2 2 2 2 2 2 2 2 2 2 2 2 2 2 2 2 2 2 2 2 2 2 2 2 2 2 2 2 2 2 -7125 -7125 -7125 -7125 -7125 -7125 -7125 -7125 -7125 -7125 -7125 -7125 -7125 -7125 -7125 -7125 -7125 -7125 -7125 -7125 -7125 -7125 -7125 -7125 -7125 -7125 -7125 -7125 -7125 11 -7125 -7125 -7125 -7125 -7125 -7125 -7125 -7125 -7125 -7125 -7125 -7125 -7125 -7125 -7125 -7125 -7125 -7125 -7125 -7125 -7125 -7125 -7125 -7125 -7125 -7125 -7125 -7125 -7125 -7125 -7125 -7125 -7125 -7125 -7125 -7125 -7125 -7125 -7125 -7125 -7125 -7125 -7125 -7125 -7125
10 2 2 2 2 2 2 2 2 2 2 2 2 2 2 2 2 2 2 2 2 2 2 2 2 2 2 2 2 2 2 2 2 2 2 2 2 2 2 2 2 2 2 2 -7125 -7125 -7125 -7125 -7125 -7125 -7125 -7125 -7125 -7125 -7125 -7125 -7125 -7125 -7125 -7125 -7125 -7125 -7125 -7125 -7125 -7125 -7125 -7125 -7125 -7125 -7125 -7125 -7125 -7125 11 -7125 -7125 -7125 -7125 -7125 -7125 -7125 -7125 -7125 -7125 -7125 -7125 -7125 -7125 -7125 -7125 -7125 -7125 -7125 -7125 -7125 -7125 -7125 -7125 -7125 -7125 -7125 -7125 -7125 -7125 -7125 -7125 -7125 -7125 -7125 -7125 -7125 -7125 -7125 -7125 -7125 -7125 -7125 -7125
10 2 2 2 2 2 2 2 2 2 2 2 2 2 2 2 2 2 2 2 2 2 2 2 2 2 2 2 2 2 2 2 2 2 2 2 2 2 2 2 2 2 2 -7125 -7125 -7125 -7125 -7125 -7125 -7125 -7125 -7125 -7125 -7125 -7125 -7125 -7125 -7125 -7125 -7125 -7125 -7125 -7125 -7125 -7125 -7125 -7125 -7125 -7125 -7125 -7125 -7125 -7125 -7125 11 -7125 -7125 -7125 -7125 -7125 -7125 -7125 -7125 -7125 -7125 -7125 -7125 -7125 -7125 -7125 -7125 -7125 -7125 -7125 -7125 -7125 -7125 -7125 -7125 -7125 -7125 -7125 -7125 -7125 -7125 -7125 -7125 -7125 -7125 -7125 -7125 -7125 -7125 -7125 -7125 -7125 -7125 -7125
10 2 2 2 2 2 2 2 2 2 2 2 2 2 2 2 2 2 2 2 2 2 2 2 2 2 2 2 2 2 2 2 2 2 2 2 2 2 2 2 2 2 -7125 -7125 -7125 -7125 -7125 -7125 -7125 -7125 -7125 -7125 -7125 -7125 -7125 -7125 -7125 -7125 -7125 -7125 -7125 -7125 -7125 -7125 -7125 -7125 -7125 -7125 -7125 -7125 -7125 -7125 -7125 -7125 11 -7125 -7125 -7125 -7125 -7125 -7125 -7125 -7125 -7125 -7125 -7125 -7125 -7125 -7125 -7125 -7125 -7125 -7125 -7125 -7125 -7125 -7125 -7125 -7125 -7125 -7125 -7125 -7125 -7125 -7125 -7125 -7125 -7125 -7125 -7125 -7125 -7125 -7125 -7125 -7125 -7125 -7125
10 2 2 2 2 2 2 2 2 2 2 2 2 2 2 2 2 2 2 2 2 2 2 2 2 2 2 2 2 2 2 2 2 2 2 2 2 2 2 2 2 -7125 -7125 -7125 -7125 -7125 -7125 -7125 -7125 -7125 -7125 -7125 -7125 -7125 -7125 -7125 -7125 -7125 -7125 -7125 -7125 -7125 -7125 -7125 -7125 -7125 -7125 -7125 -7125 -7125 -7125 -7125 -7125 -7125 11 -7125 -7125 -7125 -7125 -7125 -7125 -7125 -7125 -7125 -7125 -7125 -7125 -7125 -7125 -7125 -7125 -7125 -7125 -7125 -7125 -7125 -7125 -7125 -7125 -7125 -7125 -7125 -7125 -7125 -7125 -7125 -7125 -7125 -7125 -7125 -7125 -7125 -7125 -7125 -7125 -7125
10 2 2 2 2 2 2 2 2 2 2 2 2 2 2 2 2 2 2 2 2 2 2 2 2 2 2 2 2 2 2 2 2 2 2 2 2 2 2 2 -7125 -7125 -7125 -7125 -7125 -7125 -7125 -7125 -7125 -7125 -7125 -7125 -7125 -7125 -7125 -7125 -7125 -7125 -7125 -7125 -7125 -7125 -7125 -7125 -7125 -7125 -7125 -7125 -7125 -7125 -7125 -7125 -7125 -7125 11 -7125 -7125 -7125 -7125 -7125 -7125 -7125 -7125 -7125 -7125 -7125 -7125 -7125 -7125 -7125 -7125 -7125 -7125 -7125 -7125 -7125 -7125 -7125 -7125 -7125 -7125 -7125 -7125 -7125 -7125 -7125 -7125 -7125 -7125 -7125 -7125 -7125 -7125 -7125 -7125
10 2 2 2 2 2 2 2 2 2 2 2 2 2 2 2 2 2 2 2 2 2 2 2 2 2 2 2 2 2 2 2 2 2 2 2 2 2 2 -7125 -7125 -7125 -7125 -7125 -7125 -7125 -7125 -7125 -7125 -7125 -7125 -7125 -7125 -7125 -7125 -7125 -7125 -7125 -7125 -7125 -7125 -7125 -7125 -7125 -7125 -7125 -7125 -7125 -7125 -7125 -7125 -7125 -7125 -7125 11 -7125 -7125 -7125 -7125 -7125 -7125 -7125 -7125 -7125 -7125 -7125 -7125 -7125 -7125 -7125 -7125 -7125 -7125 -7125 -7125 -7125 -7125 -7125 -7125 -7125 -7125 -7125 -7125 -7125 -7125 -7125 -7125 -7125 -7125 -7125 -7125 -7125 -7125 -7125
10 2 2 2 2 2 2 2 2 2 2 2 2 2 2 2 2 2 2 2 2 2 2 2 2 2 2 2 2 2 2 2 2 2 2 2 2 2 -7125 -7125 -7125 -7125 -7125 -7125 -7125 -7125 -7125 -7125 -7125 -7125 -7125 -7125 -7125 -7125 -7125 -7125 -7125 -7125 -7125 -7125 -7125 -7125 -7125 -7125 -7125 -7125 -7125 -7125 -7125 -7125 -7125 -7125 -7125 -7125 11 -7125 -7125 -7125 -7125 -7125 -7125 -7125 -7125 -7125 -7125 -7125 -7125 -7125 -7125 -7125 -7125 -7125 -7125 -7125 -7125 -7125 -7125 -7125 -7125 -7125 -7125 -7125 -7125 -7125 -7125 -7125 -7125 -7125 -7125 -7125 -7125 -7125 -7125
10 2 2 2 2 2 2 2 2 2 2 2 2 2 2 2 2 2 2 2 2 2 2 2 2 2 2 2 2 2 2 2 2 2 2 2 2 -7125 -7125 -7125 -7125 -7125 -7125 -7125 -7125 -7125 -7125 -7125 -7125 -7125 -7125 -7125 -7125 -7125 -7125 -7125 -7125 -7125 -7125 -7125 -7125 -7125 -7125 -7125 -7125 -7125 -7125 -7125 -7125 -7125 -7125 -7125 -7125 -7125 11 -7125 -7125 -7125 -7125 -7125 -7125 -7125 -7125 -7125 -7125 -7125 -7125 -7125 -7125 -7125 -7125 -7125 -7125 -7125 -7125 -7125 -7125 -7125 -7125 -7125 -7125 -7125 -7125 -7125 -7125 -7125 -7125 -7125 -7125 -7125 -7125 -7125
10 2 2 2 2 2 2 2 2 2 2 2 2 2 2 2 2 2 2 2 2 2 2 2 2 2 2 2 2 2 2 2 2 2 2 2 -7125 -7125 -7125 -7125 -7125 -7125 -7125 -7125 -7125 -7125 -7125 -7125 -7125 -7125 -7125 -7125 -7125 -7125 -7125 -7125 -7125 -7125 -7125 -7125 -7125 -7125 -7125 -7125 -7125 -7125 -7125 -7125 -7125 -7125 -7125 -7125 -7125 -7125 11 -7125 -7125 -7125 -7125 -7125 -7125 -7125 -7125 -7125 -7125 -7125 -7125 -7125 -7125 -7125 -7125 -7125 -7125 -7125 -7125 -7125 -7125 -7125 -7125 -7125 -7125 -7125 -7125 -7125 -7125 -7125 -7125 -7125 -7125 -7125 -7125
10 2 2 2 2 2 2 2 2 2 2 2 2 2 2 2 2 2 2 2 2 2 2 2 2 2 2 2 2 2 2 2 2 2 2 -7125 -7125 -7125 -7125 -7125 -7125 -7125 -7125 -7125 -7125 -7125 -7125 -7125 -7125 -7125 -7125 -7125 -7125 -7125 -7125 -7125 -7125 -7125 -7125 -7125 -7125 -7125 -7125 -7125 -7125 -7125 -7125 -7125 -7125 -7125 -7125 -7125 -7125 -7125 11 -7125 -7125 -7125 -7125 -7125 -7125 -7125 -7125 -7125 -7125 -7125 -7125 -7125 -7125 -7125 -7125 -7125 -7125 -7125 -7125 -7125 -7125 -7125 -7125 -7125 -7125 -7125 -7125 -7125 -7125 -7125 -7125 -7125 -7125 -7125
10 2 2 2 2 2 2 2 2 2 2 2 2 2 2 2 2 2 2 2 2 2 2 2 2 2 2 2 2 2 2 2 2 2 -7125 -7125 -7125 -7125 -7125 -7125 -7125 -7125 -7125 -7125 -7125 -7125 -7125 -7125 -7125 -7125 -7125 -7125 -7125 -7125 -7125 -7125 -7125 -7125 -7125 -7125 -7125 -7125 -7125 -7125 -7125 -7125 -7125 -7125 -7125 -7125 -7125 -7125 -7125 -7125 11 -7125 -7125 -7125 -7125 -7125 -7125 -7125 -7125 -7125 -7125 -7125 -7125 -7125 -7125 -7125 -7125 -7125 -7125 -7125 -7125 -7125 -7125 -7125 -7125 -7125 -7125 -7125 -7125 -7125 -7125 -7125 -7125 -7125 -7125
10 2 2 2 2 2 2 2 2 2 2 2 2 2 2 2 2 2 2 2 2 2 2 2 2 2 2 2 2 2 2 2 2 -7125 -7125 -7125 -7125 -7125 -7125 -7125 -7125 -7125 -7125 -7125 -7125 -7125 -7125 -7125 -7125 -7125 -7125 -7125 -7125 -7125 -7125 -7125 -7125 -7125 -7125 -7125 -7125 -7125 -7125 -7125 -7125 -7125 -7125 -7125 -7125 -7125 -7125 -7125 -7125 -7125 11 -7125 -7125 -7125 -7125 -7125 -7125 -7125 -7125 -7125 -7125 -7125 -7125 -7125 -7125 -7125 -7125 -7125 -7125 -7125 -7125 -7125 -7125 -7125 -7125 -7125 -7125 -7125 -7125 -7125 -7125 -7125 -7125 -7125
10 2 2 2 2 2 2 2 2 2 2 2 2 2 2 2 2 2 2 2 2 2 2 2 2 2 2 2 2 2 2 2 -7125 -7125 -7125 -7125 -7125 -7125 -7125 -7125 -7125 -7125 -7125 -7125 -7125 -7125 -7125 -7125 -7125 -7125 -7125 -7125 -7125 -7125 -7125 -7125 -7125 -7125 -7125 -7125 -7125 -7125 -7125 -7125 -7125 -7125 -7125 -7125 -7125 -7125 -7125 -7125 -7125 -7125 11 -7125 -7125 -7125 -7125 -7125 -7125 -7125 -7125 -7125 -7125 -7125 -7125 -7125 -7125 -7125 -7125 -7125 -7125 -7125 -7125 -7125 -7125 -7125 -7125 -7125 -7125 -7125 -7125 -7125 -7125 -7125 -7125
10 2 2 2 2 2 2 2 2 2 2 2 2 2 2 2 2 2 2 2 2 2 2 2 2 2 2 2 2 2 2 -7125 -7125 -7125 -7125 -7125 -7125 -7125 -7125 -7125 -7125 -7125 -7125 -7125 -7125 -7125 -7125 -7125 -7125 -7125 -7125 -7125 -7125 -7125 -7125 -7125 -7125 -7125 -7125 -7125 -7125 -7125 -7125 -7125 -7125 -7125 -7125 -7125 -7125 -7125 -7125 -7125 -7125 -7125 11 -7125 -7125 -7125 -7125 -7125 -7125 -7125 -7125 -7125 -7125 -7125 -7125 -7125 -7125 -7125 -7125 -7125 -7125 -7125 -7125 -7125 -7125 -7125 -7125 -7125 -7125 -7125 -7125 -7125 -7125 -7125
10 2 2 2 2 2 2 2 2 2 2 2 2 2 2 2 2 2 2 2 2 2 2 2 2 2 2 2 2 2 -7125 -7125 -7125 -7125 -7125 -7125 -7125 -7125 -7125 -7125 -7125 -7125 -7125 -7125 -7125 -7125 -7125 -7125 -7125 -7125 -7125 -7125 -7125 -7125 -7125 -7125 -7125 -7125 -7125 -7125 -7125 -7125 -7125 -7125 -7125 -7125 -7125 -7125 -7125 -7125 -7125 -7125 -7125 -7125 11 -7125 -7125 -7125 -7125 -7125 -7125 -7125 -7125 -7125 -7125 -7125 -7125 -7125 -7125 -7125 -7125 -7125 -7125 -7125 -7125 -7125 -7125 -7125 -7125 -7125 -7125 -7125 -7125 -7125 -7125
10 2 2 2 2 2 2 2 2 2 2 2 2 2 2 2 2 2 2 2 2 2 2 2 2 2 2 2 2 -7125 -7125 -7125 -7125 -7125 -7125 -7125 -7125 -7125 -7125 -7125 -7125 -7125 -7125 -7125 -7125 -7125 -7125 -7125 -7125 -7125 -7125 -7125 -7125 -7125 -7125 -7125 -7125 -7125 -7125 -7125 -7125 -7125 -7125 -7125 -7125 -7125 -7125 -7125 -7125 -7125 -7125 -7125 -7125 -7125 11 -7125 -7125 -7125 -7125 -7125 -7125 -7125 -7125 -7125 -7125 -7125 -7125 -7125 -7125 -7125 -7125 -7125 -7125 -7125 -7125 -7125 -7125 -7125 -7125 -7125 -7125 -7125 -7125 -7125
10 2 2 2 2 2 2 2 2 2 2 2 2 2 2 2 2 2 2 2 2 2 2 2 2 2 2 2 -7125 -7125 -7125 -7125 -7125 -7125 -7125 -7125 -7125 -7125 -7125 -7125 -7125 -7125 -7125 -7125 -7125 -7125 -7125 -7125 -7125 -7125 -7125 -7125 -7125 -7125 -7125 -7125 -7125 -7125 -7125 -7125 -7125 -7125 -7125 -7125 -7125 -7125 -7125 -7125 -7125 -7125 -7125 -7125 -7125 -7125 11 -7125 -7125 -7125 -7125 -7125 -7125 -7125 -7125 -7125 -7125 -7125 -7125 -7125 -7125 -7125 -7125 -7125 -7125 -7125 -7125 -7125 -7125 -7125 -7125 -7125 -7125 -7125 -7125
10 2 2 2 2 2 2 2 2 2 2 2 2 2 2 2 2 2 2 2 2 2 2 2 2 2 2 -7125 -7125 -7125 -7125 -7125 -7125 -7125 -7125 -7125 -7125 -7125 -7125 -7125 -7125 -7125 -7125 -7125 -7125 -7125 -7125 -7125 -7125 -7125 -7125 -7125 -7125 -7125 -7125 -7125 -7125 -7125 -7125 -7125 -7125 -7125 -7125 -7125 -7125 -7125 -7125 -7125 -7125 -7125 -7125 -7125 -7125 -7125 11 -7125 -7125 -7125 -7125 -7125 -7125 -7125 -7125 -7125 -7125 -7125 -7125 -7125 -7125 -7125 -7125 -7125 -7125 -7125 -7125 -7125 -7125 -7125 -7125 -7125 -7125 -7125
10 2 2 2 2 2 2 2 2 2 2 2 2 2 2 2 2 2 2 2 2 2 2 2 2 2 -7125 -7125 -7125 -7125 -7125 -7125 -7125 -7125 -7125 -7125 -7125 -7125 -7125 -7125 -7125 -7125 -7125 -7125 -7125 -7125 -7125 -7125 -7125 -7125 -7125 -7125 -7125 -7125 -7125 -7125 -7125 -7125 -7125 -7125 -7125 -7125 -7125 -7125 -7125 -7125 -7125 -7125 -7125 -7125 -7125 -7125 -7125 -7125 11 -7125 -7125 -7125 -7125 -7125 -7125 -7125 -7125 -7125 -7125 -7125 -7125 -7125 -7125 -7125 -7125 -7125 -7125 -7125 -7125 -7125 -7125 -7125 -7125 -7125 -7125
10 2 2 2 2 2 2 2 2 2 2 2 2 2 2 2 2 2 2 2 2 2 2 2 2 -7125 -7125 -7125 -7125 -7125 -7125 -7125 -7125 -7125 -7125 -7125 -7125 -7125 -7125 -7125 -7125 -7125 -7125 -7125 -7125 -7125 -7125 -7125 -7125 -7125 -7125 -7125 -7125 -7125 -7125 -7125 -7125 -7125 -7125 -7125 -7125 -7125 -7125 -7125 -7125 -7125 -7125 -7125 -7125 -7125 -7125 -7125 -7125 -7125 11 -7125 -7125 -7125 -7125 -7125 -7125 -7125 -7125 -7125 -7125 -7125 -7125 -7125 -7125 -7125 -7125 -7125 -7125 -7125 -7125 -7125 -7125 -7125 -7125 -7125
10 2 2 2 2 2 2 2 2 2 2 2 2 2 2 2 2 2 2 2 2 2 2 2 -7125 -7125 -7125 -7125 -7125 -7125 -7125 -7125 -7125 -7125 -7125 -7125 -7125 -7125 -7125 -7125 -7125 -7125 -7125 -7125 -7125 -7125 -7125 -7125 -7125 -7125 -7125 -7125 -7125 -7125 -7125 -7125 -7125 -7125 -7125 -7125 -7125 -7125 -7125 -7125 -7125 -7125 -7125 -7125 -7125 -7125 -7125 -7125 -7125 -7125 11 -7125 -7125 -7125 -7125 -7125 -7125 -7125 -7125 -7125 -7125 -7125 -7125 -7125 -7125 -7125 -7125 -7125 -7125 -7125 -7125 -7125 -7125 -7125 -7125
10 2 2 2 2 2 2 2 2 2 2 2 2 2 2 2 2 2 2 2 2 2 2 -7125 -7125 -7125 -7125 -7125 -7125 -7125 -7125 -7125 -7125 -7125 -7125 -7125 -7125 -7125 -7125 -7125 -7125 -7125 -7125 -7125 -7125 -7125 -7125 -7125 -7125 -7125 -7125 -7125 -7125 -7125 -7125 -7125 -7125 -7125 -7125 -7125 -7125 -7125 -7125 -7125 -7125 -7125 -7125 -7125 -7125 -7125 -7125 -7125 -7125 -7125 11 -7125 -7125 -7125 -7125 -7125 -7125 -7125 -7125 -7125 -7125 -7125 -7125 -7125 -7125 -7125 -7125 -7125 -7125 -7125 -7125 -7125 -7125 -7125
10 2 2 2 2 2 2 2 2 2 2 2 2 2 2 2 2 2 2 2 2 2 -7125 -7125 -7125 -7125 -7125 -7125 -7125 -7125 -7125 -7125 -7125 -7125 -7125 -7125 -7125 -7125 -7125 -7125 -7125 -7125 -7125 -7125 -7125 -7125 -7125 -7125 -7125 -7125 -7125 -7125 -7125 -7125 -7125 -7125 -7125 -7125 -7125 -7125 -7125 -7125 -7125 -7125 -7125 -7125 -7125 -7125 -7125 -7125 -7125 -7125 -7125 -7125 11 -7125 -7125 -7125 -7125 -7125 -7125 -7125 -7125 -7125 -7125 -7125 -7125 -7125 -7125 -7125 -7125 -7125 -7125 -7125 -7125 -7125 -7125
10 2 2 2 2 2 2 2 2 2 2 2 2 2 2 2 2 2 2 2 2 -7125 -7125 -7125 -7125 -7125 -7125 -7125 -7125 -7125 -7125 -7125 -7125 -7125 -7125 -7125 -7125 -7125 -7125 -7125 -7125 -7125 -7125 -7125 -7125 -7125 -7125 -7125 -7125 -7125 -7125 -7125 -7125 -7125 -7125 -7125 -7125 -7125 -7125 -7125 -7125 -7125 -7125 -7125 -7125 -7125 -7125 -7125 -7125 -7125 -7125 -7125 -7125 -7125 11 -7125 -7125 -7125 -7125 -7125 -7125 -7125 -7125 -7125 -7125 -7125 -7125 -7125 -7125 -7125 -7125 -7125 -7125 -7125 -7125 -7125
10 2 2 2 2 2 2 2 2 2 2 2 2 2 2 2 2 2 2 2 -7125 -7125 -7125 -7125 -7125 -7125 -7125 -7125 -7125 -7125 -7125 -7125 -7125 -7125 -7125 -7125 -7125 -7125 -7125 -7125 -7125 -7125 -7125 -7125 -7125 -7125 -7125 -7125 -7125 -7125 -7125 -7125 -7125 -7125 -7125 -7125 -7125 -7125 -7125 -7125 -7125 -7125 -7125 -7125 -7125 -7125 -7125 -7125 -7125 -7125 -7125 -7125 -7125 -7125 11 -7125 -7125 -7125 -7125 -7125 -7125 -7125 -7125 -7125 -7125 -7125 -7125 -7125 -7125 -7125 -7125 -7125 -7125 -7125 -7125
10 2 2 2 2 2 2 2 2 2 2 2 2 2 2 2 2 2 2 -7125 -7125 -7125 -7125 -7125 -7125 -7125 -7125 -7125 -7125 -7125 -7125 -7125 -7125 -7125 -7125 -7125 -7125 -7125 -7125 -7125 -7125 -7125 -7125 -7125 -7125 -7125 -7125 -7125 -7125 -7125 -7125 -7125 -7125 -7125 -7125 -7125 -7125 -7125 -7125 -7125 -7125 -7125 -7125 -7125 -7125 -7125 -7125 -7125 -7125 -7125 -7125 -7125 -7125 -7125 11 -7125 -7125 -7125 -7125 -7125 -7125 -7125 -7125 -7125 -7125 -7125 -7125 -7125 -7125 -7125 -7125 -7125 -7125 -7125
10 2 2 2 2 2 2 2 2 2 2 2 2 2 2 2 2 2 -7125 -7125 -7125 -7125 -7125 -7125 -7125 -7125 -7125 -7125 -7125 -7125 -7125 -7125 -7125 -7125 -7125 -7125 -7125 -7125 -7125 -7125 -7125 -7125 -7125 -7125 -7125 -7125 -7125 -7125 -7125 -7125 -7125 -7125 -7125 -7125 -7125 -7125 -7125 -7125 -7125 -7125 -7125 -7125 -7125 -7125 -7125 -7125 -7125 -7125 -7125 -7125 -7125 -7125 -7125 -7125 11 -7125 -7125 -7125 -7125 -7125 -7125 -7125 -7125 -7125 -7125 -7125 -7125 -7125 -7125 -7125 -7125 -7125 -7125
10 2 2 2 2 2 2 2 2 2 2 2 2 2 2 2 2 -7125 -7125 -7125 -7125 -7125 -7125 -7125 -7125 -7125 -7125 -7125 -7125 -7125 -7125 -7125 -7125 -7125 -7125 -7125 -7125 -7125 -7125 -7125 -7125 -7125 -7125 -7125 -7125 -7125 -7125 -7125 -7125 -7125 -7125 -7125 -7125 -7125 -7125 -7125 -7125 -7125 -7125 -7125 -7125 -7125 -7125 -7125 -7125 -7125 -7125 -7125 -7125 -7125 -7125 -7125 -7125 -7125 11 -7125 -7125 -7125 -7125 -7125 -7125 -7125 -7125 -7125 -7125 -7125 -7125 -7125 -7125 -7125 -7125 -7125
10 2 2 2 2 2 2 2 2 2 2 2 2 2 2 2 -7125 -7125 -7125 -7125 -7125 -7125 -7125 -7125 -7125 -7125 -7125 -7125 -7125 -7125 -7125 -7125 -7125 -7125 -7125 -7125 -7125 -7125 -7125 -7125 -7125 -7125 -7125 -7125 -7125 -7125 -7125 -7125 -7125 -7125 -7125 -7125 -7125 -7125 -7125 -7125 -7125 -7125 -7125 -7125 -7125 -7125 -7125 -7125 -7125 -7125 -7125 -7125 -7125 -7125 -7125 -7125 -7125 -7125 11 -7125 -7125 -7125 -7125 -7125 -7125 -7125 -7125 -7125 -7125 -7125 -7125 -7125 -7125 -7125 -7125
10 2 2 2 2 2 2 2 2 2 2 2 2 2 2 -7125 -7125 -7125 -7125 -7125 -7125 -7125 -7125 -7125 -7125 -7125 -7125 -7125 -7125 -7125 -7125 -7125 -7125 -7125 -7125 -7125 -7125 -7125 -7125 -7125 -7125 -7125 -7125 -7125 -7125 -7125 -7125 -7125 -7125 -7125 -7125 -7125 -7125 -7125 -7125 -7125 -7125 -7125 -7125 -7125 -7125 -7125 -7125 -7125 -7125 -7125 -7125 -7125 -7125 -7125 -7125 -7125 -7125 -7125 11 -7125 -7125 -7125 -7125 -7125 -7125 -7125 -7125 -7125 -7125 -7125 -7125 -7125 -7125 -7125
10 2 2 2 2 2 2 2 2 2 2 2 2 2 -7125 -7125 -7125 -7125 -7125 -7125 -7125 -7125 -7125 -7125 -7125 -7125 -7125 -7125 -7125 -7125 -7125 -7125 -7125 -7125 -7125 -7125 -7125 -7125 -7125 -7125 -7125 -7125 -7125 -7125 -7125 -7125 -7125 -7125 -7125 -7125 -7125 -7125 -7125 -7125 -7125 -7125 -7125 -7125 -7125 -7125 -7125 -7125 -7125 -7125 -7125 -7125 -7125 -7125 -7125 -7125 -7125 -7125 -7125 -7125 11 -7125 -7125 -7125 -7125 -7125 -7125 -7125 -7125 -7125 -7125 -7125 -7125 -7125 -7125
10 2 2 2 2 2 2 2 2 2 2 2 2 -7125 -7125 -7125 -7125 -7125 -7125 -7125 -7125 -7125 -7125 -7125 -7125 -7125 -7125 -7125 -7125 -7125 -7125 -7125 -7125 -7125 -7125 -7125 -7125 -7125 -7125 -7125 -7125 -7125 -7125 -7125 -7125 -7125 -7125 -7125 -7125 -7125 -7125 -7125 -7125 -7125 -7125 -7125 -7125 -7125 -7125 -7125 -7125 -7125 -7125 -7125 -7125 -7125 -7125 -7125 -7125 -7125 -7125 -7125 -7125 -7125 11 -7125 -7125 -7125 -7125 -7125 -7125 -7125 -7125 -7125 -7125 -7125 -7125 -7125
10 2 2 2 2 2 2 2 2 2 2 2 -7125 -7125 -7125 -7125 -7125 -7125 -7125 -7125 -7125 -7125 -7125 -7125 -7125 -7125 -7125 -7125 -7125 -7125 -7125 -7125 -7125 -7125 -7125 -7125 -7125 -7125 -7125 -7125 -7125 -7125 -7125 -7125 -7125 -7125 -7125 -7125 -7125 -7125 -7125 -7125 -7125 -7125 -7125 -7125 -7125 -7125 -7125 -7125 -7125 -7125 -7125 -7125 -7125 -7125 -7125 -7125 -7125 -7125 -7125 -7125 -7125 -7125 11 -7125 -7125 -7125 -7125 -7125 -7125 -7125 -7125 -7125 -7125 -7125 -7125
10 2 2 2 2 2 2 2 2 2 2 -7125 -7125 -7125 -7125 -7125 -7125 -7125 -7125 -7125 -7125 -7125 -7125 -7125 -7125 -7125 -7125 -7125 -7125 -7125 -7125 -7125 -7125 -7125 -7125 -7125 -7125 -7125 -7125 -7125 -7125 -7125 -7125 -7125 -7125 -7125 -7125 -7125 -7125 -7125 -7125 -7125 -7125 -7125 -7125 -7125 -7125 -7125 -7125 -7125 -7125 -7125 -7125 -7125 -7125 -7125 -7125 -7125 -7125 -7125 -7125 -7125 -7125 -7125 11 -7125 -7125 -7125 -7125 -7125 -7125 -7125 -7125 -7125 -7125 -7125
10 2 2 2 2 2 2 2 2 2 -7125 -7125 -7125 -7125 -7125 -7125 -7125 -7125 -7125 -7125 -7125 -7125 -7125 -7125 -7125 -7125 -7125 -7125 -7125 -7125 -7125 -7125 -7125 -7125 -7125 -7125 -7125 -7125 -7125 -7125 -7125 -7125 -7125 -7125 -7125 -7125 -7125 -7125 -7125 -7125 -7125 -7125 -7125 -7125 -7125 -7125 -7125 -7125 -7125 -7125 -7125 -7125 -7125 -7125 -7125 -7125 -7125 -7125 -7125 -7125 -7125 -7125 -7125 -7125 11 -7125 -7125 -7125 -7125 -7125 -7125 -7125 -7125 -7125 -7125
10 2 2 2 2 2 2 2 2 -7125 -7125 -7125 -7125 -7125 -7125 -7125 -7125 -7125 -7125 -7125 -7125 -7125 -7125 -7125 -7125 -7125 -7125 -7125 -7125 -7125 -7125 -7125 -7125 -7125 -7125 -7125 -7125 -7125 -7125 -7125 -7125 -7125 -7125 -7125 -7125 -7125 -7125 -7125 -7125 -7125 -7125 -7125 -7125 -7125 -7125 -7125 -7125 -7125 -7125 -7125 -7125 -7125 -7125 -7125 -7125 -7125 -7125 -7125 -7125 -7125 -7125 -7125 -7125 -7125 11 -7125 -7125 -7125 -7125 -7125 -7125 -7125 -7125 -7125
10 2 2 2 2 2 2 2 -7125 -7125 -7125 -7125 -7125 -7125 -7125 -7125 -7125 -7125 -7125 -7125 -7125 -7125 -7125 -7125 -7125 -7125 -7125 -7125 -7125 -7125 -7125 -7125 -7125 -7125 -7125 -7125 -7125 -7125 -7125 -7125 -7125 -7125 -7125 -7125 -7125 -7125 -7125 -7125 -7125 -7125 -7125 -7125 -7125 -7125 -7125 -7125 -7125 -7125 -7125 -7125 -7125 -7125 -7125 -7125 -7125 -7125 -7125 -7125 -7125 -7125 -7125 -7125 -7125 -7125 11 -7125 -7125 -7125 -7125 -7125 -7125 -7125 -7125
10 2 2 2 2 2 2 -7125 -7125 -7125 -7125 -7125 -7125 -7125 -7125 -7125 -7125 -7125 -7125 -7125 -7125 -7125 -7125 -7125 -7125 -7125 -7125 -7125 -7125 -7125 -7125 -7125 -7125 -7125 -7125 -7125 -7125 -7125 -7125 -7125 -7125 -7125 -7125 -7125 -7125 -7125 -7125 -7125 -7125 -7125 -7125 -7125 -7125 -7125 -7125 -7125 -7125 -7125 -7125 -7125 -7125 -7125 -7125 -7125 -7125 -7125 -7125 -7125 -7125 -7125 -7125 -7125 -7125 -7125 11 -7125 -7125 -7125 -7125 -7125 -7125 -7125
10 2 2 2 2 2 -7125 -7125 -7125 -7125 -7125 -7125 -7125 -7125 -7125 -7125 -7125 -7125 -7125 -7125 -7125 -7125 -7125 -7125 -7125 -7125 -7125 -7125 -7125 -7125 -7125 -7125 -7125 -7125 -7125 -7125 -7125 -7125 -7125 -7125 -7125 -7125 -7125 -7125 -7125 -7125 -7125 -7125 -7125 -7125 -7125 -7125 -7125 -7125 -7125 -7125 -7125 -7125 -7125 -7125 -7125 -7125 -7125 -7125 -7125 -7125 -7125 -7125 -7125 -7125 -7125 -7125 -7125 -7125 11 -7125 -7125 -7125 -7125 -7125 -7125
10 2 2 2 2 -7125 -7125 -7125 -7125 -7125 -7125 -7125 -7125 -7125 -7125 -7125 -7125 -7125 -7125 -7125 -7125 -7125 -7125 -7125 -7125 -7125 -7125 -7125 -7125 -7125 -7125 -7125 -7125 -7125 -7125 -7125 -7125 -7125 -7125 -7125 -7125 -7125 -7125 -7125 -7125 -7125 -7125 -7125 -7125 -7125 -7125 -7125 -7125 -7125 -7125 -7125 -7125 -7125 -7125 -7125 -7125 -7125 -7125 -7125 -7125 -7125 -7125 -7125 -7125 -7125 -7125 -7125 -7125 -7125 11 -7125 -7125 -7125 -7125 -7125
10 2 2 2 -7125 -7125 -7125 -7125 -7125 -7125 -7125 -7125 -7125 -7125 -7125 -7125 -7125 -7125 -7125 -7125 -7125 -7125 -7125 -7125 -7125 -7125 -7125 -7125 -7125 -7125 -7125 -7125 -7125 -7125 -7125 -7125 -7125 -7125 -7125 -7125 -7125 -7125 -7125 -7125 -7125 -7125 -7125 -7125 -7125 -7125 -7125 -7125 -7125 -7125 -7125 -7125 -7125 -7125 -7125 -7125 -7125 -7125 -7125 -7125 -7125 -7125 -7125 -7125 -7125 -7125 -7125 -7125 -7125 -7125 11 -7125 -7125 -7125 -7125
10 2 2 -7125 -7125 -7125 -7125 -7125 -7125 -7125 -7125 -7125 -7125 -7125 -7125 -7125 -7125 -7125 -7125 -7125 -7125 -7125 -7125 -7125 -7125 -7125 -7125 -7125 -7125 -7125 -7125 -7125 -7125 -7125 -7125 -7125 -7125 -7125 -7125 -7125 -7125 -7125 -7125 -7125 -7125 -7125 -7125 -7125 -7125 -7125 -7125 -7125 -7125 -7125 -7125 -7125 -7125 -7125 -7125 -7125 -7125 -7125 -7125 -7125 -7125 -7125 -7125 -7125 -7125 -7125 -7125 -7125 -7125 -7125 11 -7125 -7125 -7125
10 2 -7125 -7125 -7125 -7125 -7125 -7125 -7125 -7125 -7125 -7125 -7125 -7125 -7125 -7125 -7125 -7125 -7125 -7125 -7125 -7125 -7125 -7125 -7125 -7125 -7125 -7125 -7125 -7125 -7125 -7125 -7125 -7125 -7125 -7125 -7125 -7125 -7125 -7125 -7125 -7125 -7125 -7125 -7125 -7125 -7125 -7125 -7125 -7125 -7125 -7125 -7125 -7125 -7125 -7125 -7125 -7125 -7125 -7125 -7125 -7125 -7125 -7125 -7125 -7125 -7125 -7125 -7125 -7125 -7125 -7125 -7125 -7125 11 -7125 -7125
10 -7125 -7125 -7125 -7125 -7125 -7125 -7125 -7125 -7125 -7125 -7125 -7125 -7125 -7125 -7125 -7125 -7125 -7125 -7125 -7125 -7125 -7125 -7125 -7125 -7125 -7125 -7125 -7125 -7125 -7125 -7125 -7125 -7125 -7125 -7125 -7125 -7125 -7125 -7125 -7125 -7125 -7125 -7125 -7125 -7125 -7125 -7125 -7125 -7125 -7125 -7125 -7125 -7125 -7125 -7125 -7125 -7125 -7125 -7125 -7125 -7125 -7125 -7125 -7125 -7125 -7125 -7125 -7125 -7125 -7125 -7125 -7125 -7125 11 -7125
-7125 -7125 -7125 -7125 -7125 -7125 -7125 -7125 -7125 -7125 -7125 -7125 -7125 -7125 -7125 -7125 -7125 -7125 -7125 -7125 -7125 -7125 -7125 -7125 -7125 -7125 -7125 -7125 -7125 -7125 -7125 -7125 -7125 -7125 -7125 -7125 -7125 -7125 -7125 -7125 -7125 -7125 -7125 -7125 -7125 -7125 -7125 -7125 -7125 -7125 -7125 -7125 -7125 -7125 -7125 -7125 -7125 -7125 -7125 -7125 -7125 -7125 -7125 -7125 -7125 -7125 -7125 -7125 -7125 -7125 -7125 -7125 -7125 -7125 11
-7125 -7125 -7125 -7125 -7125 -7125 -7125 -7125 -7125 -7125 -7125 -7125 -7125 -7125 -7125 -7125 -7125 -7125 -7125 -7125 -7125 -7125 -7125 -7125 -7125 -7125 -7125 -7125 -7125 -7125 -7125 -7125 -7125 -7125 -7125 -7125 -7125 -7125 -7125 -7125 -7125 -7125 -7125 -7125 -7125 -7125 -7125 -7125 -7125 -7125 -7125 -7125 -7125 -7125 -7125 -7125 -7125 -7125 -7125 -7125 -7125 -7125 -7125 -7125 -7125 -7125 -7125 -7125 -7125 -7125 -7125 -7125 -7125 -7125
-7125 -7125 -7125 -7125 -7125 -7125 -7125 -7125 -7125 -7125 -7125 -7125 -7125 -7125 -7125 -7125 -7125 -7125 -7125 -7125 -7125 -7125 -7125 -7125 -7125 -7125 -7125 -7125 -7125 -7125 -7125 -7125 -7125 -7125 -7125 -7125 -7125 -7125 -7125 -7125 -7125 -7125 -7125 -7125 -7125 -7125 -7125 -7125 -7125 -7125 -7125 -7125 -7125 -7125 -7125 -7125 -7125 -7125 -7125 -7125 -7125 -7125 -7125 -7125 -7125 -7125 -7125 -7125 -7125 -7125 -7125 -7125 -7125
-7125 -7125 -7125 -7125 -7125 -7125 -7125 -7125 -7125 -7125 -7125 -7125 -7125 -7125 -7125 -7125 -7125 -7125 -7125 -7125 -7125 -7125 -7125 -7125 -7125 -7125 -7125 -7125 -7125 -7125 -7125 -7125 -7125 -7125 -7125 -7125 -7125 -7125 -7125 -7125 -7125 -7125 -7125 -7125 -7125 -7125 -7125 -7125 -7125 -7125 -7125 -7125 -7125 -7125 -7125 -7125 -7125 -7125 -7125 -7125 -7125 -7125 -7125 -7125 -7125 -7125 -7125 -7125 -7125 -7125 -7125 -7125
-7125 -7125 -7125 -7125 -7125 -7125 -7125 -7125 -7125 -7125 -7125 -7125 -7125 -7125 -7125 -7125 -7125 -7125 -7125 -7125 -7125 -7125 -7125 -7125 -7125 -7125 -7125 -7125 -7125 -7125 -7125 -7125 -7125 -7125 -7125 -7125 -7125 -7125 -7125 -7125 -7125 -7125 -7125 -7125 -7125 -7125 -7125 -7125 -7125 -7125 -7125 -7125 -7125 -7125 -7125 -7125 -7125 -7125 -7125 -7125 -7125 -7125 -7125 -7125 -7125 -7125 -7125 -7125 -7125 -7125 -7125
-7125 -7125 -7125 -7125 -7125 -7125 -7125 -7125 -7125 -7125 -7125 -7125 -7125 -7125 -7125 -7125 -7125 -7125 -7125 -7125 -7125 -7125 -7125 -7125 -7125 -7125 -7125 -7125 -7125 -7125 -7125 -7125 -7125 -7125 -7125 -7125 -7125 -7125 -7125 -7125 -7125 -7125 -7125 -7125 -7125 -7125 -7125 -7125 -7125 -7125 -7125 -7125 -7125 -7125 -7125 -7125 -7125 -7125 -7125 -7125 -7125 -7125 -7125 -7125 -7125 -7125 -7125 -7125 -7125 -7125
-7125 -7125 -7125 -7125 -7125 -7125 -7125 -7125 -7125 -7125 -7125 -7125 -7125 -7125 -7125 -7125 -7125 -7125 -7125 -7125 -7125 -7125 -7125 -7125 -7125 -7125 -7125 -7125 -7125 -7125 -7125 -7125 -7125 -7125 -7125 -7125 -7125 -7125 -7125 -7125 -7125 -7125 -7125 -7125 -7125 -7125 -7125 -7125 -7125 -7125 -7125 -7125 -7125 -7125 -7125 -7125 -7125 -7125 -7125 -7125 -7125 -7125 -7125 -7125 -7125 -7125 -7125 -7125 -7125
-7125 -7125 -7125 -7125 -7125 -7125 -7125 -7125 -7125 -7125 -7125 -7125 -7125 -7125 -7125 -7125 -7125 -7125 -7125 -7125 -7125 -7125 -7125 -7125 -7125 -7125 -7125 -7125 -7125 -7125 -7125 -7125 -7125 -7125 -7125 -7125 -7125 -7125 -7125 -7125 -7125 -7125 -7125 -7125 -7125 -7125 -7125 -7125 -7125 -7125 -7125 -7125 -7125 -7125 -7125 -7125 -7125 -7125 -7125 -7125 -7125 -7125 -7125 -7125 -7125 -7125 -7125 -7125
-7125 -7125 -7125 -7125 -7125 -7125 -7125 -7125 -7125 -7125 -7125 -7125 -7125 -7125 -7125 -7125 -7125 -7125 -7125 -7125 -7125 -7125 -7125 -7125 -7125 -7125 -7125 -7125 -7125 -7125 -7125 -7125 -7125 -7125 -7125 -7125 -7125 -7125 -7125 -7125 -7125 -7125 -7125 -7125 -7125 -7125 -7125 -7125 -7125 -7125 -7125 -7125 -7125 -7125 -7125 -7125 -7125 -7125 -7125 -7125 -7125 -7125 -7125 -7125 -7125 -7125 -7125
-7125 -7125 -7125 -7125 -7125 -7125 -7125 -7125 -7125 -7125 -7125 -7125 -7125 -7125 -7125 -7125 -7125 -7125 -7125 -7125 -7125 -7125 -7125 -7125 -7125 -7125 -7125 -7125 -7125 -7125 -7125 -7125 -7125 -7125 -7125 -7125 -7125 -7125 -7125 -7125 -7125 -7125 -7125 -7125 -7125 -7125 -7125 -7125 -7125 -7125 -7125 -7125 -7125 -7125 -7125 -7125 -7125 -7125 -7125 -7125 -7125 -7125 -7125 -7125 -7125 -7125
-7125 -7125 -7125 -7125 -7125 -7125 -7125 -7125 -7125 -7125 -7125 -7125 -7125 -7125 -7125 -7125 -7125 -7125 -7125 -7125 -7125 -7125 -7125 -7125 -7125 -7125 -7125 -7125 -7125 -7125 -7125 -7125 -7125 -7125 -7125 -7125 -7125 -7125 -7125 -7125 -7125 -7125 -7125 -7125 -7125 -7125 -7125 -7125 -7125 -7125 -7125 -7125 -7125 -7125 -7125 -7125 -7125 -7125 -7125 -7125 -7125 -7125 -7125 -7125 -7125
-7125 -7125 -7125 -7125 -7125 -7125 -7125 -7125 -7125 -7125 -7125 -7125 -7125 -7125 -7125 -7125 -7125 -7125 -7125 -7125 -7125 -7125 -7125 -7125 -7125 -7125 -7125 -7125 -7125 -7125 -7125 -7125 -7125 -7125 -7125 -7125 -7125 -7125 -7125 -7125 -7125 -7125 -7125 -7125 -7125 -7125 -7125 -7125 -7125 -7125 -7125 -7125 -7125 -7125 -7125 -7125 -7125 -7125 -7125 -7125 -7125 -7125 -7125 -7125
-7125 -7125 -7125 -7125 -7125 -7125 -7125 -7125 -7125 -7125 -7125 -7125 -7125 -7125 -7125 -7125 -7125 -7125 -7125 -7125 -7125 -7125 -7125 -7125 -7125 -7125 -7125 -7125 -7125 -7125 -7125 -7125 -7125 -7125 -7125 -7125 -7125 -7125 -7125 -7125 -7125 -7125 -7125 -7125 -7125 -7125 -7125 -7125 -7125 -7125 -7125 -7125 -7125 -7125 -7125 -7125 -7125 -7125 -7125 -7125 -7125 -7125 -7125
-7125 -7125 -7125 -7125 -7125 -7125 -7125 -7125 -7125 -7125 -7125 -7125 -7125 -7125 -7125 -7125 -7125 -7125 -7125 -7125 -7125 -7125 -7125 -7125 -7125 -7125 -7125 -7125 -7125 -7125 -7125 -7125 -7125 -7125 -7125 -7125 -7125 -7125 -7125 -7125 -7125 -7125 -7125 -7125 -7125 -7125 -7125 -7125 -7125 -7125 -7125 -7125 -7125 -7125 -7125 -7125 -7125 -7125 -7125 -7125 -7125 -7125
-7125 -7125 -7125 -7125 -7125 -7125 -7125 -7125 -7125 -7125 -7125 -7125 -7125 -7125 -7125 -7125 -7125 -7125 -7125 -7125 -7125 -7125 -7125 -7125 -7125 -7125 -7125 -7125 -7125 -7125 -7125 -7125 -7125 -7125 -7125 -7125 -7125 -7125 -7125 -7125 -7125 -7125 -7125 -7125 -7125 -7125 -7125 -7125 -7125 -7125 -7125 -7125 -7125 -7125 -7125 -7125 -7125 -7125 -7125 -7125 -7125
-7125 -7125 -7125 -7125 -7125 -7125 -7125 -7125 -7125 -7125 -7125 -7125 -7125 -7125 -7125 -7125 -7125 -7125 -7125 -7125 -7125 -7125 -7125 -7125 -7125 -7125 -7125 -7125 -7125 -7125 -7125 -7125 -7125 -7125 -7125 -7125 -7125 -7125 -7125 -7125 -7125 -7125 -7125 -7125 -7125 -7125 -7125 -7125 -7125 -7125 -7125 -7125 -7125 -7125 -7125 -7125 -7125 -7125 -7125 -7125
-7125 -7125 -7125 -7125 -7125 -7125 -7125 -7125 -7125 -7125 -7125 -7125 -7125 -7125 -7125 -7125 -7125 -7125 -7125 -7125 -7125 -7125 -7125 -7125 -7125 -7125 -7125 -7125 -7125 -7125 -7125 -7125 -7125 -7125 -7125 -7125 -7125 -7125 -7125 -7125 -7125 -7125 -7125 -7125 -7125 -7125 -7125 -7125 -7125 -7125 -7125 -7125 -7125 -7125 -7125 -7125 -7125 -7125 -7125
-7125 -7125 -7125 -7125 -7125 -7125 -7125 -7125 -7125 -7125 -7125 -7125 -7125 -7125 -7125 -7125 -7125 -7125 -7125 -7125 -7125 -7125 -7125 -7125 -7125 -7125 -7125 -7125 -7125 -7125 -7125 -7125 -7125 -7125 -7125 -7125 -7125 -7125 -7125 -7125 -7125 -7125 -7125 -7125 -7125 -7125 -7125 -7125 -7125 -7125 -7125 -7125 -7125 -7125 -7125 -7125 -7125 -7125
-7125 -7125 -7125 -7125 -7125 -7125 -7125 -7125 -7125 -7125 -7125 -7125 -7125 -7125 -7125 -7125 -7125 -7125 -7125 -7125 -7125 -7125 -7125 -7125 -7125 -7125 -7125 -7125 -7125 -7125 -7125 -7125 -7125 -7125 -7125 -7125 -7125 -7125 -7125 -7125 -7125 -7125 -7125 -7125 -7125 -7125 -7125 -7125 -7125 -7125 -7125 -7125 -7125 -7125 -7125 -7125 -7125
-7125 -7125 -7125 -7125 -7125 -7125 -7125 -7125 -7125 -7125 -7125 -7125 -7125 -7125 -7125 -7125 -7125 -7125 -7125 -7125 -7125 -7125 -7125 -7125 -7125 -7125 -7125 -7125 -7125 -7125 -7125 -7125 -7125 -7125 -7125 -7125 -7125 -7125 -7125 -7125 -7125 -7125 -7125 -7125 -7125 -7125 -7125 -7125 -7125 -7125 -7125 -7125 -7125 -7125 -7125 -7125
-7125 -7125 -7125 -7125 -7125 -7125 -7125 -7125 -7125 -7125 -7125 -7125 -7125 -7125 -7125 -7125 -7125 -7125 -7125 -7125 -7125 -7125 -7125 -7125 -7125 -7125 -7125 -7125 -7125 -7125 -7125 -7125 -7125 -7125 -7125 -7125 -7125 -7125 -7125 -7125 -7125 -7125 -7125 -7125 -7125 -7125 -7125 -7125 -7125 -7125 -7125 -7125 -7125 -7125 -7125
-7125 -7125 -7125 -7125 -7125 -7125 -7125 -7125 -7125 -7125 -7125 -7125 -7125 -7125 -7125 -7125 -7125 -7125 -7125 -7125 -7125 -7125 -7125 -7125 -7125 -7125 -7125 -7125 -7125 -7125 -7125 -7125 -7125 -7125 -7125 -7125 -7125 -7125 -7125 -7125 -7125 -7125 -7125 -7125 -7125 -7125 -7125 -7125 -7125 -7125 -7125 -7125 -7125 -7125
-7125 -7125 -7125 -7125 -7125 -7125 -7125 -7125 -7125 -7125 -7125 -7125 -7125 -7125 -7125 -7125 -7125 -7125 -7125 -7125 -7125 -7125 -7125 -7125 -7125 -7125 -7125 -7125 -7125 -7125 -7125 -7125 -7125 -7125 -7125 -7125 -7125 -7125 -7125 -7125 -7125 -7125 -7125 -7125 -7125 -7125 -7125 -7125 -7125 -7125 -7125 -7125 -7125
-7125 -7125 -7125 -7125 -7125 -7125 -7125 -7125 -7125 -7125 -7125 -7125 -7125 -7125 -7125 -7125 -7125 -7125 -7125 -7125 -7125 -7125 -7125 -7125 -7125 -7125 -7125 -7125 -7125 -7125 -7125 -7125 -7125 -7125 -7125 -7125 -7125 -7125 -7125 -7125 -7125 -7125 -7125 -7125 -7125 -7125 -7125 -7125 -7125 -7125 -7125 -7125
-7125 -7125 -7125 -7125 -7125 -7125 -7125 -7125 -7125 -7125 -7125 -7125 -7125 -7125 -7125 -7125 -7125 -7125 -7125 -7125 -7125 -7125 -7125 -7125 -7125 -7125 -7125 -7125 -7125 -7125 -7125 -7125 -7125 -7125 -7125 -7125 -7125 -7125 -7125 -7125 -7125 -7125 -7125 -7125 -7125 -7125 -7125 -7125 -7125 -7125 -7125
-7125 -7125 -7125 -7125 -7125 -7125 -7125 -7125 -7125 -7125 -7125 -7125 -7125 -7125 -7125 -7125 -7125 -7125 -7125 -7125 -7125 -7125 -7125 -7125 -7125 -7125 -7125 -7125 -7125 -7125 -7125 -7125 -7125 -7125 -7125 -7125 -7125 -7125 -7125 -7125 -7125 -7125 -7125 -7125 -7125 -7125 -7125 -7125 -7125 -7125
-7125 -7125 -7125 -7125 -7125 -7125 -7125 -7125 -7125 -7125 -7125 -7125 -7125 -7125 -7125 -7125 -7125 -7125 -7125 -7125 -7125 -7125 -7125 -7125 -7125 -7125 -7125 -7125 -7125 -7125 -7125 -7125 -7125 -7125 -7125 -7125 -7125 -7125 -7125 -7125 -7125 -7125 -7125 -7125 -7125 -7125 -7125 -7125 -7125
-7125 -7125 -7125 -7125 -7125 -7125 -7125 -7125 -7125 -7125 -7125 -7125 -7125 -7125 -7125 -7125 -7125 -7125 -7125 -7125 -7125 -7125 -7125 -7125 -7125 -7125 -7125 -7125 -7125 -7125 -7125 -7125 -7125 -7125 -7125 -7125 -7125 -7125 -7125 -7125 -7125 -7125 -7125 -7125 -7125 -7125 -7125 -7125
-7125 -7125 -7125 -7125 -7125 -7125 -7125 -7125 -7125 -7125 -7125 -7125 -7125 -7125 -7125 -7125 -7125 -7125 -7125 -7125 -7125 -7125 -7125 -7125 -7125 -7125 -7125 -7125 -7125 -7125 -7125 -7125 -7125 -7125 -7125 -7125 -7125 -7125 -7125 -7125 -7125 -7125 -7125 -7125 -7125 -7125 -7125
-7125 -7125 -7125 -7125 -7125 -7125 -7125 -7125 -7125 -7125 -7125 -7125 -7125 -7125 -7125 -7125 -7125 -7125 -7125 -7125 -7125 -7125 -7125 -7125 -7125 -7125 -7125 -7125 -7125 -7125 -7125 -7125 -7125 -7125 -7125 -7125 -7125 -7125 -7125 -7125 -7125 -7125 -7125 -7125 -7125 -7125
-7125 -7125 -7125 -7125 -7125 -7125 -7125 -7125 -7125 -7125 -7125 -7125 -7125 -7125 -7125 -7125 -7125 -7125 -7125 -7125 -7125 -7125 -7125 -7125 -7125 -7125 -7125 -7125 -7125 -7125 -7125 -7125 -7125 -7125 -7125 -7125 -7125 -7125 -7125 -7125 -7125 -7125 -7125 -7125 -7125
-7125 -7125 -7125 -7125 -7125 -7125 -7125 -7125 -7125 -7125 -7125 -7125 -7125 -7125 -7125 -7125 -7125 -7125 -7125 -7125 -7125 -7125 -7125 -7125 -7125 -7125 -7125 -7125 -7125 -7125 -7125 -7125 -7125 -7125 -7125 -7125 -7125 -7125 -7125 -7125 -7125 -7125 -7125 -7125
-7125 -7125 -7125 -7125 -7125 -7125 -7125 -7125 -7125 -7125 -7125 -7125 -7125 -7125 -7125 -7125 -7125 -7125 -7125 -7125 -7125 -7125 -7125 -7125 -7125 -7125 -7125 -7125 -7125 -7125 -7125 -7125 -7125 -7125 -7125 -7125 -7125 -7125 -7125 -7125 -7125 -7125 -7125
-7125 -7125 -7125 -7125 -7125 -7125 -7125 -7125 -7125 -7125 -7125 -7125 -7125 -7125 -7125 -7125 -7125 -7125 -7125 -7125 -7125 -7125 -7125 -7125 -7125 -7125 -7125 -7125 -7125 -7125 -7125 -7125 -7125 -7125 -7125 -7125 -7125 -7125 -7125 -7125 -7125 -7125
-7125 -7125 -7125 -7125 -7125 -7125 -7125 -7125 -7125 -7125 -7125 -7125 -7125 -7125 -7125 -7125 -7125 -7125 -7125 -7125 -7125 -7125 -7125 -7125 -7125 -7125 -7125 -7125 -7125 -7125 -7125 -7125 -7125 -7125 -7125 -7125 -7125 -7125 -7125 -7125 -7125
-7125 -7125 -7125 -7125 -7125 -7125 -7125 -7125 -7125 -7125 -7125 -7125 -7125 -7125 -7125 -7125 -7125 -7125 -7125 -7125 -7125 -7125 -7125 -7125 -7125 -7125 -7125 -7125 -7125 -7125 -7125 -7125 -7125 -7125 -7125 -7125 -7125 -7125 -7125 -7125
-7125 -7125 -7125 -7125 -7125 -7125 -7125 -7125 -7125 -7125 -7125 -7125 -7125 -7125 -7125 -7125 -7125 -7125 -7125 -7125 -7125 -7125 -7125 -7125 -7125 -7125 -7125 -7125 -7125 -7125 -7125 -7125 -7125 -7125 -7125 -7125 -7125 -7125 -7125
-7125 -7125 -7125 -7125 -7125 -7125 -7125 -7125 -7125 -7125 -7125 -7125 -7125 -7125 -7125 -7125 -7125 -7125 -7125 -7125 -7125 -7125 -7125 -7125 -7125 -7125 -7125 -7125 -7125 -7125 -7125 -7125 -7125 -7125 -7125 -7125 -7125 -7125
-7125 -7125 -7125 -7125 -7125 -7125 -7125 -7125 -7125 -7125 -7125 -7125 -7125 -7125 -7125 -7125 -7125 -7125 -7125 -7125 -7125 -7125 -7125 -7125 -7125 -7125 -7125 -7125 -7125 -7125 -7125 -7125 -7125 -7125 -7125 -7125 -7125
-7125 -7125 -7125 -7125 -7125 -7125 -7125 -7125 -7125 -7125 -7125 -7125 -7125 -7125 -7125 -7125 -7125 -7125 -7125 -7125 -7125 -7125 -7125 -7125 -7125 -7125 -7125 -7125 -7125 -7125 -7125 -7125 -7125 -7125 -7125 -7125
-7125 -7125 -7125 -7125 -7125 -7125 -7125 -7125 -7125 -7125 -7125 -7125 -7125 -7125 -7125 -7125 -7125 -7125 -7125 -7125 -7125 -7125 -7125 -7125 -7125 -7125 -7125 -7125 -7125 -7125 -7125 -7125 -7125 -7125 -7125
-7125 -7125 -7125 -7125 -7125 -7125 -7125 -7125 -7125 -7125 -7125 -7125 -7125 -7125 -7125 -7125 -7125 -7125 -7125 -7125 -7125 -7125 -7125 -7125 -7125 -7125 -7125 -7125 -7125 -7125 -7125 -7125 -7125 -7125
-7125 -7125 -7125 -7125 -7125 -7125 -7125 -7125 -7125 -7125 -7125 -7125 -7125 -7125 -7125 -7125 -7125 -7125 -7125 -7125 -7125 -7125 -7125 -7125 -7125 -7125 -7125 -7125 -7125 -7125 -7125 -7125 -7125
-7125 -7125 -7125 -7125 -7125 -7125 -7125 -7125 -7125 -7125 -7125 -7125 -7125 -7125 -7125 -7125 -7125 -7125 -7125 -7125 -7125 -7125 -7125 -7125 -7125 -7125 -7125 -7125 -7125 -7125 -7125 -7125
-7125 -7125 -7125 -7125 -7125 -7125 -7125 -7125 -7125 -7125 -7125 -7125 -7125 -7125 -7125 -7125 -7125 -7125 -7125 -7125 -7125 -7125 -7125 -7125 -7125 -7125 -7125 -7125 -7125 -7125 -7125
-7125 -7125 -7125 -7125 -7125 -7125 -7125 -7125 -7125 -7125 -7125 -7125 -7125 -7125 -7125 -7125 -7125 -7125 -7125 -7125 -7125 -7125 -7125 -7125 -7125 -7125 -7125 -7125 -7125 -7125
-7125 -7125 -7125 -7125 -7125 -7125 -7125 -7125 -7125 -7125 -7125 -7125 -7125 -7125 -7125 -7125 -7125 -7125 -7125 -7125 -7125 -7125 -7125 -7125 -7125 -7125 -7125 -7125 -7125
-7125 -7125 -7125 -7125 -7125 -7125 -7125 -7125 -7125 -7125 -7125 -7125 -7125 -7125 -7125 -7125 -7125 -7125 -7125 -7125 -7125 -7125 -7125 -7125 -7125 -7125 -7125 -7125
-7125 -7125 -7125 -7125 -7125 -7125 -7125 -7125 -7125 -7125 -7125 -7125 -7125 -7125 -7125 -7125 -7125 -7125 -7125 -7125 -7125 -7125 -7125 -7125 -7125 -7125 -7125
-7125 -7125 -7125 -7125 -7125 -7125 -7125 -7125 -7125 -7125 -7125 -7125 -7125 -7125 -7125 -7125 -7125 -7125 -7125 -7125 -7125 -7125 -7125 -7125 -7125 -7125
-7125 -7125 -7125 -7125 -7125 -7125 -7125 -7125 -7125 -7125 -7125 -7125 -7125 -7125 -7125 -7125 -7125 -7125 -7125 -7125 -7125 -7125 -7125 -7125 -7125
-7125 -7125 -7125 -7125 -7125 -7125 -7125 -7125 -7125 -7125 -7125 -7125 -7125 -7125 -7125 -7125 -7125 -7125 -7125 -7125 -7125 -7125 -7125 -7125
-7125 -7125 -7125 -7125 -7125 -7125 -7125 -7125 -7125 -7125 -7125 -7125 -7125 -7125 -7125 -7125 -7125 -7125 -7125 -7125 -7125 -7125 -7125
-7125 -7125 -7125 -7125 -7125 -7125 -7125 -7125 -7125 -7125 -7125 -7125 -7125 -7125 -7125 -7125 -7125 -7125 -7125 -7125 -7125 -7125
-7125 -7125 -7125 -7125 -7125 -7125 -7125 -7125 -7125 -7125 -7125 -7125 -7125 -7125 -7125 -7125 -7125 -7125 -7125 -7125 -7125
-7125 -7125 -7125 -7125 -7125 -7125 -7125 -7125 -7125 -7125 -7125 -7125 -7125 -7125 -7125 -7125 -7125 -7125 -7125 -7125
-7125 -7125 -7125 -7125 -7125 -7125 -7125 -7125 -7125 -7125 -7125 -7125 -7125 -7125 -7125 -7125 -7125 -7125 -7125
-7125 -7125 -7125 -7125 -7125 -7125 -7125 -7125 -7125 -7125 -7125 -7125 -7125 -7125 -7125 -7125 -7125 -7125
-7125 -7125 -7125 -7125 -7125 -7125 -7125 -7125 -7125 -7125 -7125 -7125 -7125 -7125 -7125 -7125 -7125
-7125 -7125 -7125 -7125 -7125 -7125 -7125 -7125 -7125 -7125 -7125 -7125 -7125 -7125 -7125 -7125
-7125 -7125 -7125 -7125 -7125 -7125 -7125 -7125 -7125 -7125 -7125 -7125 -7125 -7125 -7125
-7125 -7125 -7125 -7125 -7125 -7125 -7125 -7125 -7125 -7125 -7125 -7125 -7125 -7125
-7125 -7125 -7125 -7125 -7125 -7125 -7125 -7125 -7125 -7125 -7125 -7125 -7125
-7125 -7125 -7125 -7125 -7125 -7125 -7125 -7125 -7125 -7125 -7125 -7125
-7125 -7125 -7125 -7125 -7125 -7125 -7125 -7125 -7125 -7125 -7125
-7125 -7125 -7125 -7125 -7125 -7125 -7125 -7125 -7125 -7125
-7125 -7125 -7125 -7125 -7125 -7125 -7125 -7125 -7125
-7125 -7125 -7125 -7125 -7125 -7125 -7125 -7125
-7125 -7125 -7125 -7125 -7125 -7125 -7125
-7125 -7125 -7125 -7125 -7125 -7125
-7125 -7125 -7125 -7125 -7125
-7125 -7125 -7125 -7125
-7125 -7125 -7125
-7125 -7125
-7125
