150
20 2 2 2 2 2 2 2 2 2 2 2 2 2 2 2 2 2 2 2 2 2 2 2 2 2 2 2 2 2 2 2 2 2 2 2 2 2 2 2 2 2 2 2 2 2 2 2 2 2 2 2 2 2 2 2 2 2 2 2 2 2 2 2 2 2 2 2 2 2 2 2 2 20 21 -8625 -8625 -8625 -8625 -8625 -8625 -8625 -8625 -8625 -8625 -8625 -8625 -8625 -8625 -8625 -8625 -8625 -8625 -8625 -8625 -8625 -8625 -8625 -8625 -8625 -8625 -8625 -8625 -8625 -8625 -8625 -8625 -8625 -8625 -8625 -8625 -8625 -8625 -8625 -8625 -8625 -8625 -8625 -8625 -8625 -8625 -8625 -8625 -8625 -8625 -8625 -8625 -8625 -8625 -8625 -8625 -8625 -8625 -8625 -8625 -8625 -8625 -8625 -8625 -8625 -8625 -8625 -8625 -8625 -8625 -8625 -8625 -8625 -8625
20 2 2 2 2 2 2 2 2 2 2 2 2 2 2 2 2 2 2 2 2 2 2 2 2 2 2 2 2 2 2 2 2 2 2 2 2 2 2 2 2 2 2 2 2 2 2 2 2 2 2 2 2 2 2 2 2 2 2 2 2 2 2 2 2 2 2 2 2 2 2 2 2 -8625 21 -8625 -8625 -8625 -8625 -8625 -8625 -8625 -8625 -8625 -8625 -8625 -8625 -8625 -8625 -8625 -8625 -8625 -8625 -8625 -8625 -8625 -8625 -8625 -8625 -8625 -8625 -8625 -8625 -8625 -8625 -8625 -8625 -8625 -8625 -8625 -8625 -8625 -8625 -8625 -8625 -8625 -8625 -8625 -8625 -8625 -8625 -8625 -8625 -8625 -8625 -8625 -8625 -8625 -8625 -8625 -8625 -8625 -8625 -8625 -8625 -8625 -8625 -8625 -8625 -8625 -8625 -8625 -8625 -8625 -8625 -8625 -8625 -8625
20 2 2 2 2 2 2 2 2 2 2 2 2 2 2 2 2 2 2 2 2 2 2 2 2 2 2 2 2 2 2 2 2 2 2 2 2 2 2 2 2 2 2 2 2 2 2 2 2 2 2 2 2 2 2 2 2 2 2 2 2 2 2 2 2 2 2 2 2 2 2 2 -8625 -8625 21 -8625 -8625 -8625 -8625 -8625 -8625 -8625 -8625 -8625 -8625 -8625 -8625 -8625 -8625 -8625 -8625 -8625 -8625 -8625 -8625 -8625 -8625 -8625 -8625 -8625 -8625 -8625 -8625 -8625 -8625 -8625 -8625 -8625 -8625 -8625 -8625 -8625 -8625 -8625 -8625 -8625 -8625 -8625 -8625 -8625 -8625 -8625 -8625 -8625 -8625 -8625 -8625 -8625 -8625 -8625 -8625 -8625 -8625 -8625 -8625 -8625 -8625 -8625 -8625 -8625 -8625 -8625 -8625 -8625 -8625 -8625 -8625
20 2 2 2 2 2 2 2 2 2 2 2 2 2 2 2 2 2 2 2 2 2 2 2 2 2 2 2 2 2 2 2 2 2 2 2 2 2 2 2 2 2 2 2 2 2 2 2 2 2 2 2 2 2 2 2 2 2 2 2 2 2 2 2 2 2 2 2 2 2 2 -8625 -8625 -8625 21 -8625 -8625 -8625 -8625 -8625 -8625 -8625 -8625 -8625 -8625 -8625 -8625 -8625 -8625 -8625 -8625 -8625 -8625 -8625 -8625 -8625 -8625 -8625 -8625 -8625 -8625 -8625 -8625 -8625 -8625 -8625 -8625 -8625 -8625 -8625 -8625 -8625 -8625 -8625 -8625 -8625 -8625 -8625 -8625 -8625 -8625 -8625 -8625 -8625 -8625 -8625 -8625 -8625 -8625 -8625 -8625 -8625 -8625 -8625 -8625 -8625 -8625 -8625 -8625 -8625 -8625 -8625 -8625 -8625 -8625 -8625
20 2 2 2 2 2 2 2 2 2 2 2 2 2 2 2 2 2 2 2 2 2 2 2 2 2 2 2 2 2 2 2 2 2 2 2 2 2 2 2 2 2 2 2 2 2 2 2 2 2 2 2 2 2 2 2 2 2 2 2 2 2 2 2 2 2 2 2 2 2 -8625 -8625 -8625 -8625 21 -8625 -8625 -8625 -8625 -8625 -8625 -8625 -8625 -8625 -8625 -8625 -8625 -8625 -8625 -8625 -8625 -8625 -8625 -8625 -8625 -8625 -8625 -8625 -8625 -8625 -8625 -8625 -8625 -8625 -8625 -8625 -8625 -8625 -8625 -8625 -8625 -8625 -8625 -8625 -8625 -8625 -8625 -8625 -8625 -8625 -8625 -8625 -8625 -8625 -8625 -8625 -8625 -8625 -8625 -8625 -8625 -8625 -8625 -8625 -8625 -8625 -8625 -8625 -8625 -8625 -8625 -8625 -8625 -8625 -8625
20 2 2 2 2 2 2 2 2 2 2 2 2 2 2 2 2 2 2 2 2 2 2 2 2 2 2 2 2 2 2 2 2 2 2 2 2 2 2 2 2 2 2 2 2 2 2 2 2 2 2 2 2 2 2 2 2 2 2 2 2 2 2 2 2 2 2 2 2 -8625 -8625 -8625 -8625 -8625 21 -8625 -8625 -8625 -8625 -8625 -8625 -8625 -8625 -8625 -8625 -8625 -8625 -8625 -8625 -8625 -8625 -8625 -8625 -8625 -8625 -8625 -8625 -8625 -8625 -8625 -8625 -8625 -8625 -8625 -8625 -8625 -8625 -8625 -8625 -8625 -8625 -8625 -8625 -8625 -8625 -8625 -8625 -8625 -8625 -8625 -8625 -8625 -8625 -8625 -8625 -8625 -8625 -8625 -8625 -8625 -8625 -8625 -8625 -8625 -8625 -8625 -8625 -8625 -8625 -8625 -8625 -8625 -8625 -8625
20 2 2 2 2 2 2 2 2 2 2 2 2 2 2 2 2 2 2 2 2 2 2 2 2 2 2 2 2 2 2 2 2 2 2 2 2 2 2 2 2 2 2 2 2 2 2 2 2 2 2 2 2 2 2 2 2 2 2 2 2 2 2 2 2 2 2 2 -8625 -8625 -8625 -8625 -8625 -8625 21 -8625 -8625 -8625 -8625 -8625 -8625 -8625 -8625 -8625 -8625 -8625 -8625 -8625 -8625 -8625 -8625 -8625 -8625 -8625 -8625 -8625 -8625 -8625 -8625 -8625 -8625 -8625 -8625 -8625 -8625 -8625 -8625 -8625 -8625 -8625 -8625 -8625 -8625 -8625 -8625 -8625 -8625 -8625 -8625 -8625 -8625 -8625 -8625 -8625 -8625 -8625 -8625 -8625 -8625 -8625 -8625 -8625 -8625 -8625 -8625 -8625 -8625 -8625 -8625 -8625 -8625 -8625 -8625
20 2 2 2 2 2 2 2 2 2 2 2 2 2 2 2 2 2 2 2 2 2 2 2 2 2 2 2 2 2 2 2 2 2 2 2 2 2 2 2 2 2 2 2 2 2 2 2 2 2 2 2 2 2 2 2 2 2 2 2 2 2 2 2 2 2 2 -8625 -8625 -8625 -8625 -8625 -8625 -8625 21 -8625 -8625 -8625 -8625 -8625 -8625 -8625 -8625 -8625 -8625 -8625 -8625 -8625 -8625 -8625 -8625 -8625 -8625 -8625 -8625 -8625 -8625 -8625 -8625 -8625 -8625 -8625 -8625 -8625 -8625 -8625 -8625 -8625 -8625 -8625 -8625 -8625 -8625 -8625 -8625 -8625 -8625 -8625 -8625 -8625 -8625 -8625 -8625 -8625 -8625 -8625 -8625 -8625 -8625 -8625 -8625 -8625 -8625 -8625 -8625 -8625 -8625 -8625 -8625 -8625 -8625 -8625
20 2 2 2 2 2 2 2 2 2 2 2 2 2 2 2 2 2 2 2 2 2 2 2 2 2 2 2 2 2 2 2 2 2 2 2 2 2 2 2 2 2 2 2 2 2 2 2 2 2 2 2 2 2 2 2 2 2 2 2 2 2 2 2 2 2 -8625 -8625 -8625 -8625 -8625 -8625 -8625 -8625 21 -8625 -8625 -8625 -8625 -8625 -8625 -8625 -8625 -8625 -8625 -8625 -8625 -8625 -8625 -8625 -8625 -8625 -8625 -8625 -8625 -8625 -8625 -8625 -8625 -8625 -8625 -8625 -8625 -8625 -8625 -8625 -8625 -8625 -8625 -8625 -8625 -8625 -8625 -8625 -8625 -8625 -8625 -8625 -8625 -8625 -8625 -8625 -8625 -8625 -8625 -8625 -8625 -8625 -8625 -8625 -8625 -8625 -8625 -8625 -8625 -8625 -8625 -8625 -8625 -8625 -8625
20 2 2 2 2 2 2 2 2 2 2 2 2 2 2 2 2 2 2 2 2 2 2 2 2 2 2 2 2 2 2 2 2 2 2 2 2 2 2 2 2 2 2 2 2 2 2 2 2 2 2 2 2 2 2 2 2 2 2 2 2 2 2 2 2 -8625 -8625 -8625 -8625 -8625 -8625 -8625 -8625 -8625 21 -8625 -8625 -8625 -8625 -8625 -8625 -8625 -8625 -8625 -8625 -8625 -8625 -8625 -8625 -8625 -8625 -8625 -8625 -8625 -8625 -8625 -8625 -8625 -8625 -8625 -8625 -8625 -8625 -8625 -8625 -8625 -8625 -8625 -8625 -8625 -8625 -8625 -8625 -8625 -8625 -8625 -8625 -8625 -8625 -8625 -8625 -8625 -8625 -8625 -8625 -8625 -8625 -8625 -8625 -8625 -8625 -8625 -8625 -8625 -8625 -8625 -8625 -8625 -8625 -8625
20 2 2 2 2 2 2 2 2 2 2 2 2 2 2 2 2 2 2 2 2 2 2 2 2 2 2 2 2 2 2 2 2 2 2 2 2 2 2 2 2 2 2 2 2 2 2 2 2 2 2 2 2 2 2 2 2 2 2 2 2 2 2 2 -8625 -8625 -8625 -8625 -8625 -8625 -8625 -8625 -8625 -8625 21 -8625 -8625 -8625 -8625 -8625 -8625 -8625 -8625 -8625 -8625 -8625 -8625 -8625 -8625 -8625 -8625 -8625 -8625 -8625 -8625 -8625 -8625 -8625 -8625 -8625 -8625 -8625 -8625 -8625 -8625 -8625 -8625 -8625 -8625 -8625 -8625 -8625 -8625 -8625 -8625 -8625 -8625 -8625 -8625 -8625 -8625 -8625 -8625 -8625 -8625 -8625 -8625 -8625 -8625 -8625 -8625 -8625 -8625 -8625 -8625 -8625 -8625 -8625 -8625
20 2 2 2 2 2 2 2 2 2 2 2 2 2 2 2 2 2 2 2 2 2 2 2 2 2 2 2 2 2 2 2 2 2 2 2 2 2 2 2 2 2 2 2 2 2 2 2 2 2 2 2 2 2 2 2 2 2 2 2 2 2 2 -8625 -8625 -8625 -8625 -8625 -8625 -8625 -8625 -8625 -8625 -8625 21 -8625 -8625 -8625 -8625 -8625 -8625 -8625 -8625 -8625 -8625 -8625 -8625 -8625 -8625 -8625 -8625 -8625 -8625 -8625 -8625 -8625 -8625 -8625 -8625 -8625 -8625 -8625 -8625 -8625 -8625 -8625 -8625 -8625 -8625 -8625 -8625 -8625 -8625 -8625 -8625 -8625 -8625 -8625 -8625 -8625 -8625 -8625 -8625 -8625 -8625 -8625 -8625 -8625 -8625 -8625 -8625 -8625 -8625 -8625 -8625 -8625 -8625 -8625
20 2 2 2 2 2 2 2 2 2 2 2 2 2 2 2 2 2 2 2 2 2 2 2 2 2 2 2 2 2 2 2 2 2 2 2 2 2 2 2 2 2 2 2 2 2 2 2 2 2 2 2 2 2 2 2 2 2 2 2 2 2 -8625 -8625 -8625 -8625 -8625 -8625 -8625 -8625 -8625 -8625 -8625 -8625 21 -8625 -8625 -8625 -8625 -8625 -8625 -8625 -8625 -8625 -8625 -8625 -8625 -8625 -8625 -8625 -8625 -8625 -8625 -8625 -8625 -8625 -8625 -8625 -8625 -8625 -8625 -8625 -8625 -8625 -8625 -8625 -8625 -8625 -8625 -8625 -8625 -8625 -8625 -8625 -8625 -8625 -8625 -8625 -8625 -8625 -8625 -8625 -8625 -8625 -8625 -8625 -8625 -8625 -8625 -8625 -8625 -8625 -8625 -8625 -8625 -8625 -8625
20 2 2 2 2 2 2 2 2 2 2 2 2 2 2 2 2 2 2 2 2 2 2 2 2 2 2 2 2 2 2 2 2 2 2 2 2 2 2 2 2 2 2 2 2 2 2 2 2 2 2 2 2 2 2 2 2 2 2 2 2 -8625 -8625 -8625 -8625 -8625 -8625 -8625 -8625 -8625 -8625 -8625 -8625 -8625 21 -8625 -8625 -8625 -8625 -8625 -8625 -8625 -8625 -8625 -8625 -8625 -8625 -8625 -8625 -8625 -8625 -8625 -8625 -8625 -8625 -8625 -8625 -8625 -8625 -8625 -8625 -8625 -8625 -8625 -8625 -8625 -8625 -8625 -8625 -8625 -8625 -8625 -8625 -8625 -8625 -8625 -8625 -8625 -8625 -8625 -8625 -8625 -8625 -8625 -8625 -8625 -8625 -8625 -8625 -8625 -8625 -8625 -8625 -8625 -8625 -8625
20 2 2 2 2 2 2 2 2 2 2 2 2 2 2 2 2 2 2 2 2 2 2 2 2 2 2 2 2 2 2 2 2 2 2 2 2 2 2 2 2 2 2 2 2 2 2 2 2 2 2 2 2 2 2 2 2 2 2 2 -8625 -8625 -8625 -8625 -8625 -8625 -8625 -8625 -8625 -8625 -8625 -8625 -8625 -8625 21 -8625 -8625 -8625 -8625 -8625 -8625 -8625 -8625 -8625 -8625 -8625 -8625 -8625 -8625 -8625 -8625 -8625 -8625 -8625 -8625 -8625 -8625 -8625 -8625 -8625 -8625 -8625 -8625 -8625 -8625 -8625 -8625 -8625 -8625 -8625 -8625 -8625 -8625 -8625 -8625 -8625 -8625 -8625 -8625 -8625 -8625 -8625 -8625 -8625 -8625 -8625 -8625 -8625 -8625 -8625 -8625 -8625 -8625 -8625 -8625
20 2 2 2 2 2 2 2 2 2 2 2 2 2 2 2 2 2 2 2 2 2 2 2 2 2 2 2 2 2 2 2 2 2 2 2 2 2 2 2 2 2 2 2 2 2 2 2 2 2 2 2 2 2 2 2 2 2 2 -8625 -8625 -8625 -8625 -8625 -8625 -8625 -8625 -8625 -8625 -8625 -8625 -8625 -8625 -8625 21 -8625 -8625 -8625 -8625 -8625 -8625 -8625 -8625 -8625 -8625 -8625 -8625 -8625 -8625 -8625 -8625 -8625 -8625 -8625 -8625 -8625 -8625 -8625 -8625 -8625 -8625 -8625 -8625 -8625 -8625 -8625 -8625 -8625 -8625 -8625 -8625 -8625 -8625 -8625 -8625 -8625 -8625 -8625 -8625 -8625 -8625 -8625 -8625 -8625 -8625 -8625 -8625 -8625 -8625 -8625 -8625 -8625 -8625 -8625
20 2 2 2 2 2 2 2 2 2 2 2 2 2 2 2 2 2 2 2 2 2 2 2 2 2 2 2 2 2 2 2 2 2 2 2 2 2 2 2 2 2 2 2 2 2 2 2 2 2 2 2 2 2 2 2 2 2 -8625 -8625 -8625 -8625 -8625 -8625 -8625 -8625 -8625 -8625 -8625 -8625 -8625 -8625 -8625 -8625 21 -8625 -8625 -8625 -8625 -8625 -8625 -8625 -8625 -8625 -8625 -8625 -8625 -8625 -8625 -8625 -8625 -8625 -8625 -8625 -8625 -8625 -8625 -8625 -8625 -8625 -8625 -8625 -8625 -8625 -8625 -8625 -8625 -8625 -8625 -8625 -8625 -8625 -8625 -8625 -8625 -8625 -8625 -8625 -8625 -8625 -8625 -8625 -8625 -8625 -8625 -8625 -8625 -8625 -8625 -8625 -8625 -8625 -8625
20 2 2 2 2 2 2 2 2 2 2 2 2 2 2 2 2 2 2 2 2 2 2 2 2 2 2 2 2 2 2 2 2 2 2 2 2 2 2 2 2 2 2 2 2 2 2 2 2 2 2 2 2 2 2 2 2 -8625 -8625 -8625 -8625 -8625 -8625 -8625 -8625 -8625 -8625 -8625 -8625 -8625 -8625 -8625 -8625 -8625 21 -8625 -8625 -8625 -8625 -8625 -8625 -8625 -8625 -8625 -8625 -8625 -8625 -8625 -8625 -8625 -8625 -8625 -8625 -8625 -8625 -8625 -8625 -8625 -8625 -8625 -8625 -8625 -8625 -8625 -8625 -8625 -8625 -8625 -8625 -8625 -8625 -8625 -8625 -8625 -8625 -8625 -8625 -8625 -8625 -8625 -8625 -8625 -8625 -8625 -8625 -8625 -8625 -8625 -8625 -8625 -8625 -8625
20 2 2 2 2 2 2 2 2 2 2 2 2 2 2 2 2 2 2 2 2 2 2 2 2 2 2 2 2 2 2 2 2 2 2 2 2 2 2 2 2 2 2 2 2 2 2 2 2 2 2 2 2 2 2 2 -8625 -8625 -8625 -8625 -8625 -8625 -8625 -8625 -8625 -8625 -8625 -8625 -8625 -8625 -8625 -8625 -8625 -8625 21 -8625 -8625 -8625 -8625 -8625 -8625 -8625 -8625 -8625 -8625 -8625 -8625 -8625 -8625 -8625 -8625 -8625 -8625 -8625 -8625 -8625 -8625 -8625 -8625 -8625 -8625 -8625 -8625 -8625 -8625 -8625 -8625 -8625 -8625 -8625 -8625 -8625 -8625 -8625 -8625 -8625 -8625 -8625 -8625 -8625 -8625 -8625 -8625 -8625 -8625 -8625 -8625 -8625 -8625 -8625 -8625
20 2 2 2 2 2 2 2 2 2 2 2 2 2 2 2 2 2 2 2 2 2 2 2 2 2 2 2 2 2 2 2 2 2 2 2 2 2 2 2 2 2 2 2 2 2 2 2 2 2 2 2 2 2 2 -8625 -8625 -8625 -8625 -8625 -8625 -8625 -8625 -8625 -8625 -8625 -8625 -8625 -8625 -8625 -8625 -8625 -8625 -8625 21 -8625 -8625 -8625 -8625 -8625 -8625 -8625 -8625 -8625 -8625 -8625 -8625 -8625 -8625 -8625 -8625 -8625 -8625 -8625 -8625 -8625 -8625 -8625 -8625 -8625 -8625 -8625 -8625 -8625 -8625 -8625 -8625 -8625 -8625 -8625 -8625 -8625 -8625 -8625 -8625 -8625 -8625 -8625 -8625 -8625 -8625 -8625 -8625 -8625 -8625 -8625 -8625 -8625 -8625 -8625
20 2 2 2 2 2 2 2 2 2 2 2 2 2 2 2 2 2 2 2 2 2 2 2 2 2 2 2 2 2 2 2 2 2 2 2 2 2 2 2 2 2 2 2 2 2 2 2 2 2 2 2 2 2 -8625 -8625 -8625 -8625 -8625 -8625 -8625 -8625 -8625 -8625 -8625 -8625 -8625 -8625 -8625 -8625 -8625 -8625 -8625 -8625 21 -8625 -8625 -8625 -8625 -8625 -8625 -8625 -8625 -8625 -8625 -8625 -8625 -8625 -8625 -8625 -8625 -8625 -8625 -8625 -8625 -8625 -8625 -8625 -8625 -8625 -8625 -8625 -8625 -8625 -8625 -8625 -8625 -8625 -8625 -8625 -8625 -8625 -8625 -8625 -8625 -8625 -8625 -8625 -8625 -8625 -8625 -8625 -8625 -8625 -8625 -8625 -8625 -8625 -8625
20 2 2 2 2 2 2 2 2 2 2 2 2 2 2 2 2 2 2 2 2 2 2 2 2 2 2 2 2 2 2 2 2 2 2 2 2 2 2 2 2 2 2 2 2 2 2 2 2 2 2 2 2 -8625 -8625 -8625 -8625 -8625 -8625 -8625 -8625 -8625 -8625 -8625 -8625 -8625 -8625 -8625 -8625 -8625 -8625 -8625 -8625 -8625 21 -8625 -8625 -8625 -8625 -8625 -8625 -8625 -8625 -8625 -8625 -8625 -8625 -8625 -8625 -8625 -8625 -8625 -8625 -8625 -8625 -8625 -8625 -8625 -8625 -8625 -8625 -8625 -8625 -8625 -8625 -8625 -8625 -8625 -8625 -8625 -8625 -8625 -8625 -8625 -8625 -8625 -8625 -8625 -8625 -8625 -8625 -8625 -8625 -8625 -8625 -8625 -8625 -8625
20 2 2 2 2 2 2 2 2 2 2 2 2 2 2 2 2 2 2 2 2 2 2 2 2 2 2 2 2 2 2 2 2 2 2 2 2 2 2 2 2 2 2 2 2 2 2 2 2 2 2 2 -8625 -8625 -8625 -8625 -8625 -8625 -8625 -8625 -8625 -8625 -8625 -8625 -8625 -8625 -8625 -8625 -8625 -8625 -8625 -8625 -8625 -8625 21 -8625 -8625 -8625 -8625 -8625 -8625 -8625 -8625 -8625 -8625 -8625 -8625 -8625 -8625 -8625 -8625 -8625 -8625 -8625 -8625 -8625 -8625 -8625 -8625 -8625 -8625 -8625 -8625 -8625 -8625 -8625 -8625 -8625 -8625 -8625 -8625 -8625 -8625 -8625 -8625 -8625 -8625 -8625 -8625 -8625 -8625 -8625 -8625 -8625 -8625 -8625 -8625
20 2 2 2 2 2 2 2 2 2 2 2 2 2 2 2 2 2 2 2 2 2 2 2 2 2 2 2 2 2 2 2 2 2 2 2 2 2 2 2 2 2 2 2 2 2 2 2 2 2 2 -8625 -8625 -8625 -8625 -8625 -8625 -8625 -8625 -8625 -8625 -8625 -8625 -8625 -8625 -8625 -8625 -8625 -8625 -8625 -8625 -8625 -8625 -8625 21 -8625 -8625 -8625 -8625 -8625 -8625 -8625 -8625 -8625 -8625 -8625 -8625 -8625 -8625 -8625 -8625 -8625 -8625 -8625 -8625 -8625 -8625 -8625 -8625 -8625 -8625 -8625 -8625 -8625 -8625 -8625 -8625 -8625 -8625 -8625 -8625 -8625 -8625 -8625 -8625 -8625 -8625 -8625 -8625 -8625 -8625 -8625 -8625 -8625 -8625 -8625
20 2 2 2 2 2 2 2 2 2 2 2 2 2 2 2 2 2 2 2 2 2 2 2 2 2 2 2 2 2 2 2 2 2 2 2 2 2 2 2 2 2 2 2 2 2 2 2 2 2 -8625 -8625 -8625 -8625 -8625 -8625 -8625 -8625 -8625 -8625 -8625 -8625 -8625 -8625 -8625 -8625 -8625 -8625 -8625 -8625 -8625 -8625 -8625 -8625 21 -8625 -8625 -8625 -8625 -8625 -8625 -8625 -8625 -8625 -8625 -8625 -8625 -8625 -8625 -8625 -8625 -8625 -8625 -8625 -8625 -8625 -8625 -8625 -8625 -8625 -8625 -8625 -8625 -8625 -8625 -8625 -8625 -8625 -8625 -8625 -8625 -8625 -8625 -8625 -8625 -8625 -8625 -8625 -8625 -8625 -8625 -8625 -8625 -8625 -8625
20 2 2 2 2 2 2 2 2 2 2 2 2 2 2 2 2 2 2 2 2 2 2 2 2 2 2 2 2 2 2 2 2 2 2 2 2 2 2 2 2 2 2 2 2 2 2 2 2 -8625 -8625 -8625 -8625 -8625 -8625 -8625 -8625 -8625 -8625 -8625 -8625 -8625 -8625 -8625 -8625 -8625 -8625 -8625 -8625 -8625 -8625 -8625 -8625 -8625 21 -8625 -8625 -8625 -8625 -8625 -8625 -8625 -8625 -8625 -8625 -8625 -8625 -8625 -8625 -8625 -8625 -8625 -8625 -8625 -8625 -8625 -8625 -8625 -8625 -8625 -8625 -8625 -8625 -8625 -8625 -8625 -8625 -8625 -8625 -8625 -8625 -8625 -8625 -8625 -8625 -8625 -8625 -8625 -8625 -8625 -8625 -8625 -8625 -8625
20 2 2 2 2 2 2 2 2 2 2 2 2 2 2 2 2 2 2 2 2 2 2 2 2 2 2 2 2 2 2 2 2 2 2 2 2 2 2 2 2 2 2 2 2 2 2 2 -8625 -8625 -8625 -8625 -8625 -8625 -8625 -8625 -8625 -8625 -8625 -8625 -8625 -8625 -8625 -8625 -8625 -8625 -8625 -8625 -8625 -8625 -8625 -8625 -8625 -8625 21 -8625 -8625 -8625 -8625 -8625 -8625 -8625 -8625 -8625 -8625 -8625 -8625 -8625 -8625 -8625 -8625 -8625 -8625 -8625 -8625 -8625 -8625 -8625 -8625 -8625 -8625 -8625 -8625 -8625 -8625 -8625 -8625 -8625 -8625 -8625 -8625 -8625 -8625 -8625 -8625 -8625 -8625 -8625 -8625 -8625 -8625 -8625 -8625
20 2 2 2 2 2 2 2 2 2 2 2 2 2 2 2 2 2 2 2 2 2 2 2 2 2 2 2 2 2 2 2 2 2 2 2 2 2 2 2 2 2 2 2 2 2 2 -8625 -8625 -8625 -8625 -8625 -8625 -8625 -8625 -8625 -8625 -8625 -8625 -8625 -8625 -8625 -8625 -8625 -8625 -8625 -8625 -8625 -8625 -8625 -8625 -8625 -8625 -8625 21 -8625 -8625 -8625 -8625 -8625 -8625 -8625 -8625 -8625 -8625 -8625 -8625 -8625 -8625 -8625 -8625 -8625 -8625 -8625 -8625 -8625 -8625 -8625 -8625 -8625 -8625 -8625 -8625 -8625 -8625 -8625 -8625 -8625 -8625 -8625 -8625 -8625 -8625 -8625 -8625 -8625 -8625 -8625 -8625 -8625 -8625 -8625
20 2 2 2 2 2 2 2 2 2 2 2 2 2 2 2 2 2 2 2 2 2 2 2 2 2 2 2 2 2 2 2 2 2 2 2 2 2 2 2 2 2 2 2 2 2 -8625 -8625 -8625 -8625 -8625 -8625 -8625 -8625 -8625 -8625 -8625 -8625 -8625 -8625 -8625 -8625 -8625 -8625 -8625 -8625 -8625 -8625 -8625 -8625 -8625 -8625 -8625 -8625 21 -8625 -8625 -8625 -8625 -8625 -8625 -8625 -8625 -8625 -8625 -8625 -8625 -8625 -8625 -8625 -8625 -8625 -8625 -8625 -8625 -8625 -8625 -8625 -8625 -8625 -8625 -8625 -8625 -8625 -8625 -8625 -8625 -8625 -8625 -8625 -8625 -8625 -8625 -8625 -8625 -8625 -8625 -8625 -8625 -8625 -8625
20 2 2 2 2 2 2 2 2 2 2 2 2 2 2 2 2 2 2 2 2 2 2 2 2 2 2 2 2 2 2 2 2 2 2 2 2 2 2 2 2 2 2 2 2 -8625 -8625 -8625 -8625 -8625 -8625 -8625 -8625 -8625 -8625 -8625 -8625 -8625 -8625 -8625 -8625 -8625 -8625 -8625 -8625 -8625 -8625 -8625 -8625 -8625 -8625 -8625 -8625 -8625 21 -8625 -8625 -8625 -8625 -8625 -8625 -8625 -8625 -8625 -8625 -8625 -8625 -8625 -8625 -8625 -8625 -8625 -8625 -8625 -8625 -8625 -8625 -8625 -8625 -8625 -8625 -8625 -8625 -8625 -8625 -8625 -8625 -8625 -8625 -8625 -8625 -8625 -8625 -8625 -8625 -8625 -8625 -8625 -8625 -8625
20 2 2 2 2 2 2 2 2 2 2 2 2 2 2 2 2 2 2 2 2 2 2 2 2 2 2 2 2 2 2 2 2 2 2 2 2 2 2 2 2 2 2 2 -8625 -8625 -8625 -8625 -8625 -8625 -8625 -8625 -8625 -8625 -8625 -8625 -8625 -8625 -8625 -8625 -8625 -8625 -8625 -8625 -8625 -8625 -8625 -8625 -8625 -8625 -8625 -8625 -8625 -8625 21 -8625 -8625 -8625 -8625 -8625 -8625 -8625 -8625 -8625 -8625 -8625 -8625 -8625 -8625 -8625 -8625 -8625 -8625 -8625 -8625 -8625 -8625 -8625 -8625 -8625 -8625 -8625 -8625 -8625 -8625 -8625 -8625 -8625 -8625 -8625 -8625 -8625 -8625 -8625 -8625 -8625 -8625 -8625 -8625
20 2 2 2 2 2 2 2 2 2 2 2 2 2 2 2 2 2 2 2 2 2 2 2 2 2 2 2 2 2 2 2 2 2 2 2 2 2 2 2 2 2 2 -8625 -8625 -8625 -8625 -8625 -8625 -8625 -8625 -8625 -8625 -8625 -8625 -8625 -8625 -8625 -8625 -8625 -8625 -8625 -8625 -8625 -8625 -8625 -8625 -8625 -8625 -8625 -8625 -8625 -8625 -8625 21 -8625 -8625 -8625 -8625 -8625 -8625 -8625 -8625 -8625 -8625 -8625 -8625 -8625 -8625 -8625 -8625 -8625 -8625 -8625 -8625 -8625 -8625 -8625 -8625 -8625 -8625 -8625 -8625 -8625 -8625 -8625 -8625 -8625 -8625 -8625 -8625 -8625 -8625 -8625 -8625 -8625 -8625 -8625
20 2 2 2 2 2 2 2 2 2 2 2 2 2 2 2 2 2 2 2 2 2 2 2 2 2 2 2 2 2 2 2 2 2 2 2 2 2 2 2 2 2 -8625 -8625 -8625 -8625 -8625 -8625 -8625 -8625 -8625 -8625 -8625 -8625 -8625 -8625 -8625 -8625 -8625 -8625 -8625 -8625 -8625 -8625 -8625 -8625 -8625 -8625 -8625 -8625 -8625 -8625 -8625 -8625 21 -8625 -8625 -8625 -8625 -8625 -8625 -8625 -8625 -8625 -8625 -8625 -8625 -8625 -8625 -8625 -8625 -8625 -8625 -8625 -8625 -8625 -8625 -8625 -8625 -8625 -8625 -8625 -8625 -8625 -8625 -8625 -8625 -8625 -8625 -8625 -8625 -8625 -8625 -8625 -8625 -8625 -8625
20 2 2 2 2 2 2 2 2 2 2 2 2 2 2 2 2 2 2 2 2 2 2 2 2 2 2 2 2 2 2 2 2 2 2 2 2 2 2 2 2 -8625 -8625 -8625 -8625 -8625 -8625 -8625 -8625 -8625 -8625 -8625 -8625 -8625 -8625 -8625 -8625 -8625 -8625 -8625 -8625 -8625 -8625 -8625 -8625 -8625 -8625 -8625 -8625 -8625 -8625 -8625 -8625 -8625 21 -8625 -8625 -8625 -8625 -8625 -8625 -8625 -8625 -8625 -8625 -8625 -8625 -8625 -8625 -8625 -8625 -8625 -8625 -8625 -8625 -8625 -8625 -8625 -8625 -8625 -8625 -8625 -8625 -8625 -8625 -8625 -8625 -8625 -8625 -8625 -8625 -8625 -8625 -8625 -8625 -8625
20 2 2 2 2 2 2 2 2 2 2 2 2 2 2 2 2 2 2 2 2 2 2 2 2 2 2 2 2 2 2 2 2 2 2 2 2 2 2 2 -8625 -8625 -8625 -8625 -8625 -8625 -8625 -8625 -8625 -8625 -8625 -8625 -8625 -8625 -8625 -8625 -8625 -8625 -8625 -8625 -8625 -8625 -8625 -8625 -8625 -8625 -8625 -8625 -8625 -8625 -8625 -8625 -8625 -8625 21 -8625 -8625 -8625 -8625 -8625 -8625 -8625 -8625 -8625 -8625 -8625 -8625 -8625 -8625 -8625 -8625 -8625 -8625 -8625 -8625 -8625 -8625 -8625 -8625 -8625 -8625 -8625 -8625 -8625 -8625 -8625 -8625 -8625 -8625 -8625 -8625 -8625 -8625 -8625 -8625
20 2 2 2 2 2 2 2 2 2 2 2 2 2 2 2 2 2 2 2 2 2 2 2 2 2 2 2 2 2 2 2 2 2 2 2 2 2 2 -8625 -8625 -8625 -8625 -8625 -8625 -8625 -8625 -8625 -8625 -8625 -8625 -8625 -8625 -8625 -8625 -8625 -8625 -8625 -8625 -8625 -8625 -8625 -8625 -8625 -8625 -8625 -8625 -8625 -8625 -8625 -8625 -8625 -8625 -8625 21 -8625 -8625 -8625 -8625 -8625 -8625 -8625 -8625 -8625 -8625 -8625 -8625 -8625 -8625 -8625 -8625 -8625 -8625 -8625 -8625 -8625 -8625 -8625 -8625 -8625 -8625 -8625 -8625 -8625 -8625 -8625 -8625 -8625 -8625 -8625 -8625 -8625 -8625 -8625
20 2 2 2 2 2 2 2 2 2 2 2 2 2 2 2 2 2 2 2 2 2 2 2 2 2 2 2 2 2 2 2 2 2 2 2 2 2 -8625 -8625 -8625 -8625 -8625 -8625 -8625 -8625 -8625 -8625 -8625 -8625 -8625 -8625 -8625 -8625 -8625 -8625 -8625 -8625 -8625 -8625 -8625 -8625 -8625 -8625 -8625 -8625 -8625 -8625 -8625 -8625 -8625 -8625 -8625 -8625 21 -8625 -8625 -8625 -8625 -8625 -8625 -8625 -8625 -8625 -8625 -8625 -8625 -8625 -8625 -8625 -8625 -8625 -8625 -8625 -8625 -8625 -8625 -8625 -8625 -8625 -8625 -8625 -8625 -8625 -8625 -8625 -8625 -8625 -8625 -8625 -8625 -8625 -8625
20 2 2 2 2 2 2 2 2 2 2 2 2 2 2 2 2 2 2 2 2 2 2 2 2 2 2 2 2 2 2 2 2 2 2 2 2 -8625 -8625 -8625 -8625 -8625 -8625 -8625 -8625 -8625 -8625 -8625 -8625 -8625 -8625 -8625 -8625 -8625 -8625 -8625 -8625 -8625 -8625 -8625 -8625 -8625 -8625 -8625 -8625 -8625 -8625 -8625 -8625 -8625 -8625 -8625 -8625 -8625 21 -8625 -8625 -8625 -8625 -8625 -8625 -8625 -8625 -8625 -8625 -8625 -8625 -8625 -8625 -8625 -8625 -8625 -8625 -8625 -8625 -8625 -8625 -8625 -8625 -8625 -8625 -8625 -8625 -8625 -8625 -8625 -8625 -8625 -8625 -8625 -8625 -8625
20 2 2 2 2 2 2 2 2 2 2 2 2 2 2 2 2 2 2 2 2 2 2 2 2 2 2 2 2 2 2 2 2 2 2 2 -8625 -8625 -8625 -8625 -8625 -8625 -8625 -8625 -8625 -8625 -8625 -8625 -8625 -8625 -8625 -8625 -8625 -8625 -8625 -8625 -8625 -8625 -8625 -8625 -8625 -8625 -8625 -8625 -8625 -8625 -8625 -8625 -8625 -8625 -8625 -8625 -8625 -8625 21 -8625 -8625 -8625 -8625 -8625 -8625 -8625 -8625 -8625 -8625 -8625 -8625 -8625 -8625 -8625 -8625 -8625 -8625 -8625 -8625 -8625 -8625 -8625 -8625 -8625 -8625 -8625 -8625 -8625 -8625 -8625 -8625 -8625 -8625 -8625 -8625
20 2 2 2 2 2 2 2 2 2 2 2 2 2 2 2 2 2 2 2 2 2 2 2 2 2 2 2 2 2 2 2 2 2 2 -8625 -8625 -8625 -8625 -8625 -8625 -8625 -8625 -8625 -8625 -8625 -8625 -8625 -8625 -8625 -8625 -8625 -8625 -8625 -8625 -8625 -8625 -8625 -8625 -8625 -8625 -8625 -8625 -8625 -8625 -8625 -8625 -8625 -8625 -8625 -8625 -8625 -8625 -8625 21 -8625 -8625 -8625 -8625 -8625 -8625 -8625 -8625 -8625 -8625 -8625 -8625 -8625 -8625 -8625 -8625 -8625 -8625 -8625 -8625 -8625 -8625 -8625 -8625 -8625 -8625 -8625 -8625 -8625 -8625 -8625 -8625 -8625 -8625 -8625
20 2 2 2 2 2 2 2 2 2 2 2 2 2 2 2 2 2 2 2 2 2 2 2 2 2 2 2 2 2 2 2 2 2 -8625 -8625 -8625 -8625 -8625 -8625 -8625 -8625 -8625 -8625 -8625 -8625 -8625 -8625 -8625 -8625 -8625 -8625 -8625 -8625 -8625 -8625 -8625 -8625 -8625 -8625 -8625 -8625 -8625 -8625 -8625 -8625 -8625 -8625 -8625 -8625 -8625 -8625 -8625 -8625 21 -8625 -8625 -8625 -8625 -8625 -8625 -8625 -8625 -8625 -8625 -8625 -8625 -8625 -8625 -8625 -8625 -8625 -8625 -8625 -8625 -8625 -8625 -8625 -8625 -8625 -8625 -8625 -8625 -8625 -8625 -8625 -8625 -8625 -8625
20 2 2 2 2 2 2 2 2 2 2 2 2 2 2 2 2 2 2 2 2 2 2 2 2 2 2 2 2 2 2 2 2 -8625 -8625 -8625 -8625 -8625 -8625 -8625 -8625 -8625 -8625 -8625 -8625 -8625 -8625 -8625 -8625 -8625 -8625 -8625 -8625 -8625 -8625 -8625 -8625 -8625 -8625 -8625 -8625 -8625 -8625 -8625 -8625 -8625 -8625 -8625 -8625 -8625 -8625 -8625 -8625 -8625 21 -8625 -8625 -8625 -8625 -8625 -8625 -8625 -8625 -8625 -8625 -8625 -8625 -8625 -8625 -8625 -8625 -8625 -8625 -8625 -8625 -8625 -8625 -8625 -8625 -8625 -8625 -8625 -8625 -8625 -8625 -8625 -8625 -8625
20 2 2 2 2 2 2 2 2 2 2 2 2 2 2 2 2 2 2 2 2 2 2 2 2 2 2 2 2 2 2 2 -8625 -8625 -8625 -8625 -8625 -8625 -8625 -8625 -8625 -8625 -8625 -8625 -8625 -8625 -8625 -8625 -8625 -8625 -8625 -8625 -8625 -8625 -8625 -8625 -8625 -8625 -8625 -8625 -8625 -8625 -8625 -8625 -8625 -8625 -8625 -8625 -8625 -8625 -8625 -8625 -8625 -8625 21 -8625 -8625 -8625 -8625 -8625 -8625 -8625 -8625 -8625 -8625 -8625 -8625 -8625 -8625 -8625 -8625 -8625 -8625 -8625 -8625 -8625 -8625 -8625 -8625 -8625 -8625 -8625 -8625 -8625 -8625 -8625 -8625
20 2 2 2 2 2 2 2 2 2 2 2 2 2 2 2 2 2 2 2 2 2 2 2 2 2 2 2 2 2 2 -8625 -8625 -8625 -8625 -8625 -8625 -8625 -8625 -8625 -8625 -8625 -8625 -8625 -8625 -8625 -8625 -8625 -8625 -8625 -8625 -8625 -8625 -8625 -8625 -8625 -8625 -8625 -8625 -8625 -8625 -8625 -8625 -8625 -8625 -8625 -8625 -8625 -8625 -8625 -8625 -8625 -8625 -8625 21 -8625 -8625 -8625 -8625 -8625 -8625 -8625 -8625 -8625 -8625 -8625 -8625 -8625 -8625 -8625 -8625 -8625 -8625 -8625 -8625 -8625 -8625 -8625 -8625 -8625 -8625 -8625 -8625 -8625 -8625 -8625
20 2 2 2 2 2 2 2 2 2 2 2 2 2 2 2 2 2 2 2 2 2 2 2 2 2 2 2 2 2 -8625 -8625 -8625 -8625 -8625 -8625 -8625 -8625 -8625 -8625 -8625 -8625 -8625 -8625 -8625 -8625 -8625 -8625 -8625 -8625 -8625 -8625 -8625 -8625 -8625 -8625 -8625 -8625 -8625 -8625 -8625 -8625 -8625 -8625 -8625 -8625 -8625 -8625 -8625 -8625 -8625 -8625 -8625 -8625 21 -8625 -8625 -8625 -8625 -8625 -8625 -8625 -8625 -8625 -8625 -8625 -8625 -8625 -8625 -8625 -8625 -8625 -8625 -8625 -8625 -8625 -8625 -8625 -8625 -8625 -8625 -8625 -8625 -8625 -8625
20 2 2 2 2 2 2 2 2 2 2 2 2 2 2 2 2 2 2 2 2 2 2 2 2 2 2 2 2 -8625 -8625 -8625 -8625 -8625 -8625 -8625 -8625 -8625 -8625 -8625 -8625 -8625 -8625 -8625 -8625 -8625 -8625 -8625 -8625 -8625 -8625 -8625 -8625 -8625 -8625 -8625 -8625 -8625 -8625 -8625 -8625 -8625 -8625 -8625 -8625 -8625 -8625 -8625 -8625 -8625 -8625 -8625 -8625 -8625 21 -8625 -8625 -8625 -8625 -8625 -8625 -8625 -8625 -8625 -8625 -8625 -8625 -8625 -8625 -8625 -8625 -8625 -8625 -8625 -8625 -8625 -8625 -8625 -8625 -8625 -8625 -8625 -8625 -8625
20 2 2 2 2 2 2 2 2 2 2 2 2 2 2 2 2 2 2 2 2 2 2 2 2 2 2 2 -8625 -8625 -8625 -8625 -8625 -8625 -8625 -8625 -8625 -8625 -8625 -8625 -8625 -8625 -8625 -8625 -8625 -8625 -8625 -8625 -8625 -8625 -8625 -8625 -8625 -8625 -8625 -8625 -8625 -8625 -8625 -8625 -8625 -8625 -8625 -8625 -8625 -8625 -8625 -8625 -8625 -8625 -8625 -8625 -8625 -8625 21 -8625 -8625 -8625 -8625 -8625 -8625 -8625 -8625 -8625 -8625 -8625 -8625 -8625 -8625 -8625 -8625 -8625 -8625 -8625 -8625 -8625 -8625 -8625 -8625 -8625 -8625 -8625 -8625
20 2 2 2 2 2 2 2 2 2 2 2 2 2 2 2 2 2 2 2 2 2 2 2 2 2 2 -8625 -8625 -8625 -8625 -8625 -8625 -8625 -8625 -8625 -8625 -8625 -8625 -8625 -8625 -8625 -8625 -8625 -8625 -8625 -8625 -8625 -8625 -8625 -8625 -8625 -8625 -8625 -8625 -8625 -8625 -8625 -8625 -8625 -8625 -8625 -8625 -8625 -8625 -8625 -8625 -8625 -8625 -8625 -8625 -8625 -8625 -8625 21 -8625 -8625 -8625 -8625 -8625 -8625 -8625 -8625 -8625 -8625 -8625 -8625 -8625 -8625 -8625 -8625 -8625 -8625 -8625 -8625 -8625 -8625 -8625 -8625 -8625 -8625 -8625
20 2 2 2 2 2 2 2 2 2 2 2 2 2 2 2 2 2 2 2 2 2 2 2 2 2 -8625 -8625 -8625 -8625 -8625 -8625 -8625 -8625 -8625 -8625 -8625 -8625 -8625 -8625 -8625 -8625 -8625 -8625 -8625 -8625 -8625 -8625 -8625 -8625 -8625 -8625 -8625 -8625 -8625 -8625 -8625 -8625 -8625 -8625 -8625 -8625 -8625 -8625 -8625 -8625 -8625 -8625 -8625 -8625 -8625 -8625 -8625 -8625 21 -8625 -8625 -8625 -8625 -8625 -8625 -8625 -8625 -8625 -8625 -8625 -8625 -8625 -8625 -8625 -8625 -8625 -8625 -8625 -8625 -8625 -8625 -8625 -8625 -8625 -8625
20 2 2 2 2 2 2 2 2 2 2 2 2 2 2 2 2 2 2 2 2 2 2 2 2 -8625 -8625 -8625 -8625 -8625 -8625 -8625 -8625 -8625 -8625 -8625 -8625 -8625 -8625 -8625 -8625 -8625 -8625 -8625 -8625 -8625 -8625 -8625 -8625 -8625 -8625 -8625 -8625 -8625 -8625 -8625 -8625 -8625 -8625 -8625 -8625 -8625 -8625 -8625 -8625 -8625 -8625 -8625 -8625 -8625 -8625 -8625 -8625 -8625 21 -8625 -8625 -8625 -8625 -8625 -8625 -8625 -8625 -8625 -8625 -8625 -8625 -8625 -8625 -8625 -8625 -8625 -8625 -8625 -8625 -8625 -8625 -8625 -8625 -8625
20 2 2 2 2 2 2 2 2 2 2 2 2 2 2 2 2 2 2 2 2 2 2 2 -8625 -8625 -8625 -8625 -8625 -8625 -8625 -8625 -8625 -8625 -8625 -8625 -8625 -8625 -8625 -8625 -8625 -8625 -8625 -8625 -8625 -8625 -8625 -8625 -8625 -8625 -8625 -8625 -8625 -8625 -8625 -8625 -8625 -8625 -8625 -8625 -8625 -8625 -8625 -8625 -8625 -8625 -8625 -8625 -8625 -8625 -8625 -8625 -8625 -8625 21 -8625 -8625 -8625 -8625 -8625 -8625 -8625 -8625 -8625 -8625 -8625 -8625 -8625 -8625 -8625 -8625 -8625 -8625 -8625 -8625 -8625 -8625 -8625 -8625
20 2 2 2 2 2 2 2 2 2 2 2 2 2 2 2 2 2 2 2 2 2 2 -8625 -8625 -8625 -8625 -8625 -8625 -8625 -8625 -8625 -8625 -8625 -8625 -8625 -8625 -8625 -8625 -8625 -8625 -8625 -8625 -8625 -8625 -8625 -8625 -8625 -8625 -8625 -8625 -8625 -8625 -8625 -8625 -8625 -8625 -8625 -8625 -8625 -8625 -8625 -8625 -8625 -8625 -8625 -8625 -8625 -8625 -8625 -8625 -8625 -8625 -8625 21 -8625 -8625 -8625 -8625 -8625 -8625 -8625 -8625 -8625 -8625 -8625 -8625 -8625 -8625 -8625 -8625 -8625 -8625 -8625 -8625 -8625 -8625 -8625
20 2 2 2 2 2 2 2 2 2 2 2 2 2 2 2 2 2 2 2 2 2 -8625 -8625 -8625 -8625 -8625 -8625 -8625 -8625 -8625 -8625 -8625 -8625 -8625 -8625 -8625 -8625 -8625 -8625 -8625 -8625 -8625 -8625 -8625 -8625 -8625 -8625 -8625 -8625 -8625 -8625 -8625 -8625 -8625 -8625 -8625 -8625 -8625 -8625 -8625 -8625 -8625 -8625 -8625 -8625 -8625 -8625 -8625 -8625 -8625 -8625 -8625 -8625 21 -8625 -8625 -8625 -8625 -8625 -8625 -8625 -8625 -8625 -8625 -8625 -8625 -8625 -8625 -8625 -8625 -8625 -8625 -8625 -8625 -8625 -8625
20 2 2 2 2 2 2 2 2 2 2 2 2 2 2 2 2 2 2 2 2 -8625 -8625 -8625 -8625 -8625 -8625 -8625 -8625 -8625 -8625 -8625 -8625 -8625 -8625 -8625 -8625 -8625 -8625 -8625 -8625 -8625 -8625 -8625 -8625 -8625 -8625 -8625 -8625 -8625 -8625 -8625 -8625 -8625 -8625 -8625 -8625 -8625 -8625 -8625 -8625 -8625 -8625 -8625 -8625 -8625 -8625 -8625 -8625 -8625 -8625 -8625 -8625 -8625 21 -8625 -8625 -8625 -8625 -8625 -8625 -8625 -8625 -8625 -8625 -8625 -8625 -8625 -8625 -8625 -8625 -8625 -8625 -8625 -8625 -8625
20 2 2 2 2 2 2 2 2 2 2 2 2 2 2 2 2 2 2 2 -8625 -8625 -8625 -8625 -8625 -8625 -8625 -8625 -8625 -8625 -8625 -8625 -8625 -8625 -8625 -8625 -8625 -8625 -8625 -8625 -8625 -8625 -8625 -8625 -8625 -8625 -8625 -8625 -8625 -8625 -8625 -8625 -8625 -8625 -8625 -8625 -8625 -8625 -8625 -8625 -8625 -8625 -8625 -8625 -8625 -8625 -8625 -8625 -8625 -8625 -8625 -8625 -8625 -8625 21 -8625 -8625 -8625 -8625 -8625 -8625 -8625 -8625 -8625 -8625 -8625 -8625 -8625 -8625 -8625 -8625 -8625 -8625 -8625 -8625
20 2 2 2 2 2 2 2 2 2 2 2 2 2 2 2 2 2 2 -8625 -8625 -8625 -8625 -8625 -8625 -8625 -8625 -8625 -8625 -8625 -8625 -8625 -8625 -8625 -8625 -8625 -8625 -8625 -8625 -8625 -8625 -8625 -8625 -8625 -8625 -8625 -8625 -8625 -8625 -8625 -8625 -8625 -8625 -8625 -8625 -8625 -8625 -8625 -8625 -8625 -8625 -8625 -8625 -8625 -8625 -8625 -8625 -8625 -8625 -8625 -8625 -8625 -8625 -8625 21 -8625 -8625 -8625 -8625 -8625 -8625 -8625 -8625 -8625 -8625 -8625 -8625 -8625 -8625 -8625 -8625 -8625 -8625 -8625
20 2 2 2 2 2 2 2 2 2 2 2 2 2 2 2 2 2 -8625 -8625 -8625 -8625 -8625 -8625 -8625 -8625 -8625 -8625 -8625 -8625 -8625 -8625 -8625 -8625 -8625 -8625 -8625 -8625 -8625 -8625 -8625 -8625 -8625 -8625 -8625 -8625 -8625 -8625 -8625 -8625 -8625 -8625 -8625 -8625 -8625 -8625 -8625 -8625 -8625 -8625 -8625 -8625 -8625 -8625 -8625 -8625 -8625 -8625 -8625 -8625 -8625 -8625 -8625 -8625 21 -8625 -8625 -8625 -8625 -8625 -8625 -8625 -8625 -8625 -8625 -8625 -8625 -8625 -8625 -8625 -8625 -8625 -8625
20 2 2 2 2 2 2 2 2 2 2 2 2 2 2 2 2 -8625 -8625 -8625 -8625 -8625 -8625 -8625 -8625 -8625 -8625 -8625 -8625 -8625 -8625 -8625 -8625 -8625 -8625 -8625 -8625 -8625 -8625 -8625 -8625 -8625 -8625 -8625 -8625 -8625 -8625 -8625 -8625 -8625 -8625 -8625 -8625 -8625 -8625 -8625 -8625 -8625 -8625 -8625 -8625 -8625 -8625 -8625 -8625 -8625 -8625 -8625 -8625 -8625 -8625 -8625 -8625 -8625 21 -8625 -8625 -8625 -8625 -8625 -8625 -8625 -8625 -8625 -8625 -8625 -8625 -8625 -8625 -8625 -8625 -8625
20 2 2 2 2 2 2 2 2 2 2 2 2 2 2 2 -8625 -8625 -8625 -8625 -8625 -8625 -8625 -8625 -8625 -8625 -8625 -8625 -8625 -8625 -8625 -8625 -8625 -8625 -8625 -8625 -8625 -8625 -8625 -8625 -8625 -8625 -8625 -8625 -8625 -8625 -8625 -8625 -8625 -8625 -8625 -8625 -8625 -8625 -8625 -8625 -8625 -8625 -8625 -8625 -8625 -8625 -8625 -8625 -8625 -8625 -8625 -8625 -8625 -8625 -8625 -8625 -8625 -8625 21 -8625 -8625 -8625 -8625 -8625 -8625 -8625 -8625 -8625 -8625 -8625 -8625 -8625 -8625 -8625 -8625
20 2 2 2 2 2 2 2 2 2 2 2 2 2 2 -8625 -8625 -8625 -8625 -8625 -8625 -8625 -8625 -8625 -8625 -8625 -8625 -8625 -8625 -8625 -8625 -8625 -8625 -8625 -8625 -8625 -8625 -8625 -8625 -8625 -8625 -8625 -8625 -8625 -8625 -8625 -8625 -8625 -8625 -8625 -8625 -8625 -8625 -8625 -8625 -8625 -8625 -8625 -8625 -8625 -8625 -8625 -8625 -8625 -8625 -8625 -8625 -8625 -8625 -8625 -8625 -8625 -8625 -8625 21 -8625 -8625 -8625 -8625 -8625 -8625 -8625 -8625 -8625 -8625 -8625 -8625 -8625 -8625 -8625
20 2 2 2 2 2 2 2 2 2 2 2 2 2 -8625 -8625 -8625 -8625 -8625 -8625 -8625 -8625 -8625 -8625 -8625 -8625 -8625 -8625 -8625 -8625 -8625 -8625 -8625 -8625 -8625 -8625 -8625 -8625 -8625 -8625 -8625 -8625 -8625 -8625 -8625 -8625 -8625 -8625 -8625 -8625 -8625 -8625 -8625 -8625 -8625 -8625 -8625 -8625 -8625 -8625 -8625 -8625 -8625 -8625 -8625 -8625 -8625 -8625 -8625 -8625 -8625 -8625 -8625 -8625 21 -8625 -8625 -8625 -8625 -8625 -8625 -8625 -8625 -8625 -8625 -8625 -8625 -8625 -8625
20 2 2 2 2 2 2 2 2 2 2 2 2 -8625 -8625 -8625 -8625 -8625 -8625 -8625 -8625 -8625 -8625 -8625 -8625 -8625 -8625 -8625 -8625 -8625 -8625 -8625 -8625 -8625 -8625 -8625 -8625 -8625 -8625 -8625 -8625 -8625 -8625 -8625 -8625 -8625 -8625 -8625 -8625 -8625 -8625 -8625 -8625 -8625 -8625 -8625 -8625 -8625 -8625 -8625 -8625 -8625 -8625 -8625 -8625 -8625 -8625 -8625 -8625 -8625 -8625 -8625 -8625 -8625 21 -8625 -8625 -8625 -8625 -8625 -8625 -8625 -8625 -8625 -8625 -8625 -8625 -8625
20 2 2 2 2 2 2 2 2 2 2 2 -8625 -8625 -8625 -8625 -8625 -8625 -8625 -8625 -8625 -8625 -8625 -8625 -8625 -8625 -8625 -8625 -8625 -8625 -8625 -8625 -8625 -8625 -8625 -8625 -8625 -8625 -8625 -8625 -8625 -8625 -8625 -8625 -8625 -8625 -8625 -8625 -8625 -8625 -8625 -8625 -8625 -8625 -8625 -8625 -8625 -8625 -8625 -8625 -8625 -8625 -8625 -8625 -8625 -8625 -8625 -8625 -8625 -8625 -8625 -8625 -8625 -8625 21 -8625 -8625 -8625 -8625 -8625 -8625 -8625 -8625 -8625 -8625 -8625 -8625
20 2 2 2 2 2 2 2 2 2 2 -8625 -8625 -8625 -8625 -8625 -8625 -8625 -8625 -8625 -8625 -8625 -8625 -8625 -8625 -8625 -8625 -8625 -8625 -8625 -8625 -8625 -8625 -8625 -8625 -8625 -8625 -8625 -8625 -8625 -8625 -8625 -8625 -8625 -8625 -8625 -8625 -8625 -8625 -8625 -8625 -8625 -8625 -8625 -8625 -8625 -8625 -8625 -8625 -8625 -8625 -8625 -8625 -8625 -8625 -8625 -8625 -8625 -8625 -8625 -8625 -8625 -8625 -8625 21 -8625 -8625 -8625 -8625 -8625 -8625 -8625 -8625 -8625 -8625 -8625
20 2 2 2 2 2 2 2 2 2 -8625 -8625 -8625 -8625 -8625 -8625 -8625 -8625 -8625 -8625 -8625 -8625 -8625 -8625 -8625 -8625 -8625 -8625 -8625 -8625 -8625 -8625 -8625 -8625 -8625 -8625 -8625 -8625 -8625 -8625 -8625 -8625 -8625 -8625 -8625 -8625 -8625 -8625 -8625 -8625 -8625 -8625 -8625 -8625 -8625 -8625 -8625 -8625 -8625 -8625 -8625 -8625 -8625 -8625 -8625 -8625 -8625 -8625 -8625 -8625 -8625 -8625 -8625 -8625 21 -8625 -8625 -8625 -8625 -8625 -8625 -8625 -8625 -8625 -8625
20 2 2 2 2 2 2 2 2 -8625 -8625 -8625 -8625 -8625 -8625 -8625 -8625 -8625 -8625 -8625 -8625 -8625 -8625 -8625 -8625 -8625 -8625 -8625 -8625 -8625 -8625 -8625 -8625 -8625 -8625 -8625 -8625 -8625 -8625 -8625 -8625 -8625 -8625 -8625 -8625 -8625 -8625 -8625 -8625 -8625 -8625 -8625 -8625 -8625 -8625 -8625 -8625 -8625 -8625 -8625 -8625 -8625 -8625 -8625 -8625 -8625 -8625 -8625 -8625 -8625 -8625 -8625 -8625 -8625 21 -8625 -8625 -8625 -8625 -8625 -8625 -8625 -8625 -8625
20 2 2 2 2 2 2 2 -8625 -8625 -8625 -8625 -8625 -8625 -8625 -8625 -8625 -8625 -8625 -8625 -8625 -8625 -8625 -8625 -8625 -8625 -8625 -8625 -8625 -8625 -8625 -8625 -8625 -8625 -8625 -8625 -8625 -8625 -8625 -8625 -8625 -8625 -8625 -8625 -8625 -8625 -8625 -8625 -8625 -8625 -8625 -8625 -8625 -8625 -8625 -8625 -8625 -8625 -8625 -8625 -8625 -8625 -8625 -8625 -8625 -8625 -8625 -8625 -8625 -8625 -8625 -8625 -8625 -8625 21 -8625 -8625 -8625 -8625 -8625 -8625 -8625 -8625
20 2 2 2 2 2 2 -8625 -8625 -8625 -8625 -8625 -8625 -8625 -8625 -8625 -8625 -8625 -8625 -8625 -8625 -8625 -8625 -8625 -8625 -8625 -8625 -8625 -8625 -8625 -8625 -8625 -8625 -8625 -8625 -8625 -8625 -8625 -8625 -8625 -8625 -8625 -8625 -8625 -8625 -8625 -8625 -8625 -8625 -8625 -8625 -8625 -8625 -8625 -8625 -8625 -8625 -8625 -8625 -8625 -8625 -8625 -8625 -8625 -8625 -8625 -8625 -8625 -8625 -8625 -8625 -8625 -8625 -8625 21 -8625 -8625 -8625 -8625 -8625 -8625 -8625
20 2 2 2 2 2 -8625 -8625 -8625 -8625 -8625 -8625 -8625 -8625 -8625 -8625 -8625 -8625 -8625 -8625 -8625 -8625 -8625 -8625 -8625 -8625 -8625 -8625 -8625 -8625 -8625 -8625 -8625 -8625 -8625 -8625 -8625 -8625 -8625 -8625 -8625 -8625 -8625 -8625 -8625 -8625 -8625 -8625 -8625 -8625 -8625 -8625 -8625 -8625 -8625 -8625 -8625 -8625 -8625 -8625 -8625 -8625 -8625 -8625 -8625 -8625 -8625 -8625 -8625 -8625 -8625 -8625 -8625 -8625 21 -8625 -8625 -8625 -8625 -8625 -8625
20 2 2 2 2 -8625 -8625 -8625 -8625 -8625 -8625 -8625 -8625 -8625 -8625 -8625 -8625 -8625 -8625 -8625 -8625 -8625 -8625 -8625 -8625 -8625 -8625 -8625 -8625 -8625 -8625 -8625 -8625 -8625 -8625 -8625 -8625 -8625 -8625 -8625 -8625 -8625 -8625 -8625 -8625 -8625 -8625 -8625 -8625 -8625 -8625 -8625 -8625 -8625 -8625 -8625 -8625 -8625 -8625 -8625 -8625 -8625 -8625 -8625 -8625 -8625 -8625 -8625 -8625 -8625 -8625 -8625 -8625 -8625 21 -8625 -8625 -8625 -8625 -8625
20 2 2 2 -8625 -8625 -8625 -8625 -8625 -8625 -8625 -8625 -8625 -8625 -8625 -8625 -8625 -8625 -8625 -8625 -8625 -8625 -8625 -8625 -8625 -8625 -8625 -8625 -8625 -8625 -8625 -8625 -8625 -8625 -8625 -8625 -8625 -8625 -8625 -8625 -8625 -8625 -8625 -8625 -8625 -8625 -8625 -8625 -8625 -8625 -8625 -8625 -8625 -8625 -8625 -8625 -8625 -8625 -8625 -8625 -8625 -8625 -8625 -8625 -8625 -8625 -8625 -8625 -8625 -8625 -8625 -8625 -8625 -8625 21 -8625 -8625 -8625 -8625
20 2 2 -8625 -8625 -8625 -8625 -8625 -8625 -8625 -8625 -8625 -8625 -8625 -8625 -8625 -8625 -8625 -8625 -8625 -8625 -8625 -8625 -8625 -8625 -8625 -8625 -8625 -8625 -8625 -8625 -8625 -8625 -8625 -8625 -8625 -8625 -8625 -8625 -8625 -8625 -8625 -8625 -8625 -8625 -8625 -8625 -8625 -8625 -8625 -8625 -8625 -8625 -8625 -8625 -8625 -8625 -8625 -8625 -8625 -8625 -8625 -8625 -8625 -8625 -8625 -8625 -8625 -8625 -8625 -8625 -8625 -8625 -8625 21 -8625 -8625 -8625
20 2 -8625 -8625 -8625 -8625 -8625 -8625 -8625 -8625 -8625 -8625 -8625 -8625 -8625 -8625 -8625 -8625 -8625 -8625 -8625 -8625 -8625 -8625 -8625 -8625 -8625 -8625 -8625 -8625 -8625 -8625 -8625 -8625 -8625 -8625 -8625 -8625 -8625 -8625 -8625 -8625 -8625 -8625 -8625 -8625 -8625 -8625 -8625 -8625 -8625 -8625 -8625 -8625 -8625 -8625 -8625 -8625 -8625 -8625 -8625 -8625 -8625 -8625 -8625 -8625 -8625 -8625 -8625 -8625 -8625 -8625 -8625 -8625 21 -8625 -8625
20 -8625 -8625 -8625 -8625 -8625 -8625 -8625 -8625 -8625 -8625 -8625 -8625 -8625 -8625 -8625 -8625 -8625 -8625 -8625 -8625 -8625 -8625 -8625 -8625 -8625 -8625 -8625 -8625 -8625 -8625 -8625 -8625 -8625 -8625 -8625 -8625 -8625 -8625 -8625 -8625 -8625 -8625 -8625 -8625 -8625 -8625 -8625 -8625 -8625 -8625 -8625 -8625 -8625 -8625 -8625 -8625 -8625 -8625 -8625 -8625 -8625 -8625 -8625 -8625 -8625 -8625 -8625 -8625 -8625 -8625 -8625 -8625 -8625 21 -8625
-8625 -8625 -8625 -8625 -8625 -8625 -8625 -8625 -8625 -8625 -8625 -8625 -8625 -8625 -8625 -8625 -8625 -8625 -8625 -8625 -8625 -8625 -8625 -8625 -8625 -8625 -8625 -8625 -8625 -8625 -8625 -8625 -8625 -8625 -8625 -8625 -8625 -8625 -8625 -8625 -8625 -8625 -8625 -8625 -8625 -8625 -8625 -8625 -8625 -8625 -8625 -8625 -8625 -8625 -8625 -8625 -8625 -8625 -8625 -8625 -8625 -8625 -8625 -8625 -8625 -8625 -8625 -8625 -8625 -8625 -8625 -8625 -8625 -8625 21
-8625 -8625 -8625 -8625 -8625 -8625 -8625 -8625 -8625 -8625 -8625 -8625 -8625 -8625 -8625 -8625 -8625 -8625 -8625 -8625 -8625 -8625 -8625 -8625 -8625 -8625 -8625 -8625 -8625 -8625 -8625 -8625 -8625 -8625 -8625 -8625 -8625 -8625 -8625 -8625 -8625 -8625 -8625 -8625 -8625 -8625 -8625 -8625 -8625 -8625 -8625 -8625 -8625 -8625 -8625 -8625 -8625 -8625 -8625 -8625 -8625 -8625 -8625 -8625 -8625 -8625 -8625 -8625 -8625 -8625 -8625 -8625 -8625 -8625
-8625 -8625 -8625 -8625 -8625 -8625 -8625 -8625 -8625 -8625 -8625 -8625 -8625 -8625 -8625 -8625 -8625 -8625 -8625 -8625 -8625 -8625 -8625 -8625 -8625 -8625 -8625 -8625 -8625 -8625 -8625 -8625 -8625 -8625 -8625 -8625 -8625 -8625 -8625 -8625 -8625 -8625 -8625 -8625 -8625 -8625 -8625 -8625 -8625 -8625 -8625 -8625 -8625 -8625 -8625 -8625 -8625 -8625 -8625 -8625 -8625 -8625 -8625 -8625 -8625 -8625 -8625 -8625 -8625 -8625 -8625 -8625 -8625
-8625 -8625 -8625 -8625 -8625 -8625 -8625 -8625 -8625 -8625 -8625 -8625 -8625 -8625 -8625 -8625 -8625 -8625 -8625 -8625 -8625 -8625 -8625 -8625 -8625 -8625 -8625 -8625 -8625 -8625 -8625 -8625 -8625 -8625 -8625 -8625 -8625 -8625 -8625 -8625 -8625 -8625 -8625 -8625 -8625 -8625 -8625 -8625 -8625 -8625 -8625 -8625 -8625 -8625 -8625 -8625 -8625 -8625 -8625 -8625 -8625 -8625 -8625 -8625 -8625 -8625 -8625 -8625 -8625 -8625 -8625 -8625
-8625 -8625 -8625 -8625 -8625 -8625 -8625 -8625 -8625 -8625 -8625 -8625 -8625 -8625 -8625 -8625 -8625 -8625 -8625 -8625 -8625 -8625 -8625 -8625 -8625 -8625 -8625 -8625 -8625 -8625 -8625 -8625 -8625 -8625 -8625 -8625 -8625 -8625 -8625 -8625 -8625 -8625 -8625 -8625 -8625 -8625 -8625 -8625 -8625 -8625 -8625 -8625 -8625 -8625 -8625 -8625 -8625 -8625 -8625 -8625 -8625 -8625 -8625 -8625 -8625 -8625 -8625 -8625 -8625 -8625 -8625
-8625 -8625 -8625 -8625 -8625 -8625 -8625 -8625 -8625 -8625 -8625 -8625 -8625 -8625 -8625 -8625 -8625 -8625 -8625 -8625 -8625 -8625 -8625 -8625 -8625 -8625 -8625 -8625 -8625 -8625 -8625 -8625 -8625 -8625 -8625 -8625 -8625 -8625 -8625 -8625 -8625 -8625 -8625 -8625 -8625 -8625 -8625 -8625 -8625 -8625 -8625 -8625 -8625 -8625 -8625 -8625 -8625 -8625 -8625 -8625 -8625 -8625 -8625 -8625 -8625 -8625 -8625 -8625 -8625 -8625
-8625 -8625 -8625 -8625 -8625 -8625 -8625 -8625 -8625 -8625 -8625 -8625 -8625 -8625 -8625 -8625 -8625 -8625 -8625 -8625 -8625 -8625 -8625 -8625 -8625 -8625 -8625 -8625 -8625 -8625 -8625 -8625 -8625 -8625 -8625 -8625 -8625 -8625 -8625 -8625 -8625 -8625 -8625 -8625 -8625 -8625 -8625 -8625 -8625 -8625 -8625 -8625 -8625 -8625 -8625 -8625 -8625 -8625 -8625 -8625 -8625 -8625 -8625 -8625 -8625 -8625 -8625 -8625 -8625
-8625 -8625 -8625 -8625 -8625 -8625 -8625 -8625 -8625 -8625 -8625 -8625 -8625 -8625 -8625 -8625 -8625 -8625 -8625 -8625 -8625 -8625 -8625 -8625 -8625 -8625 -8625 -8625 -8625 -8625 -8625 -8625 -8625 -8625 -8625 -8625 -8625 -8625 -8625 -8625 -8625 -8625 -8625 -8625 -8625 -8625 -8625 -8625 -8625 -8625 -8625 -8625 -8625 -8625 -8625 -8625 -8625 -8625 -8625 -8625 -8625 -8625 -8625 -8625 -8625 -8625 -8625 -8625
-8625 -8625 -8625 -8625 -8625 -8625 -8625 -8625 -8625 -8625 -8625 -8625 -8625 -8625 -8625 -8625 -8625 -8625 -8625 -8625 -8625 -8625 -8625 -8625 -8625 -8625 -8625 -8625 -8625 -8625 -8625 -8625 -8625 -8625 -8625 -8625 -8625 -8625 -8625 -8625 -8625 -8625 -8625 -8625 -8625 -8625 -8625 -8625 -8625 -8625 -8625 -8625 -8625 -8625 -8625 -8625 -8625 -8625 -8625 -8625 -8625 -8625 -8625 -8625 -8625 -8625 -8625
-8625 -8625 -8625 -8625 -8625 -8625 -8625 -8625 -8625 -8625 -8625 -8625 -8625 -8625 -8625 -8625 -8625 -8625 -8625 -8625 -8625 -8625 -8625 -8625 -8625 -8625 -8625 -8625 -8625 -8625 -8625 -8625 -8625 -8625 -8625 -8625 -8625 -8625 -8625 -8625 -8625 -8625 -8625 -8625 -8625 -8625 -8625 -8625 -8625 -8625 -8625 -8625 -8625 -8625 -8625 -8625 -8625 -8625 -8625 -8625 -8625 -8625 -8625 -8625 -8625 -8625
-8625 -8625 -8625 -8625 -8625 -8625 -8625 -8625 -8625 -8625 -8625 -8625 -8625 -8625 -8625 -8625 -8625 -8625 -8625 -8625 -8625 -8625 -8625 -8625 -8625 -8625 -8625 -8625 -8625 -8625 -8625 -8625 -8625 -8625 -8625 -8625 -8625 -8625 -8625 -8625 -8625 -8625 -8625 -8625 -8625 -8625 -8625 -8625 -8625 -8625 -8625 -8625 -8625 -8625 -8625 -8625 -8625 -8625 -8625 -8625 -8625 -8625 -8625 -8625 -8625
-8625 -8625 -8625 -8625 -8625 -8625 -8625 -8625 -8625 -8625 -8625 -8625 -8625 -8625 -8625 -8625 -8625 -8625 -8625 -8625 -8625 -8625 -8625 -8625 -8625 -8625 -8625 -8625 -8625 -8625 -8625 -8625 -8625 -8625 -8625 -8625 -8625 -8625 -8625 -8625 -8625 -8625 -8625 -8625 -8625 -8625 -8625 -8625 -8625 -8625 -8625 -8625 -8625 -8625 -8625 -8625 -8625 -8625 -8625 -8625 -8625 -8625 -8625 -8625
-8625 -8625 -8625 -8625 -8625 -8625 -8625 -8625 -8625 -8625 -8625 -8625 -8625 -8625 -8625 -8625 -8625 -8625 -8625 -8625 -8625 -8625 -8625 -8625 -8625 -8625 -8625 -8625 -8625 -8625 -8625 -8625 -8625 -8625 -8625 -8625 -8625 -8625 -8625 -8625 -8625 -8625 -8625 -8625 -8625 -8625 -8625 -8625 -8625 -8625 -8625 -8625 -8625 -8625 -8625 -8625 -8625 -8625 -8625 -8625 -8625 -8625 -8625
-8625 -8625 -8625 -8625 -8625 -8625 -8625 -8625 -8625 -8625 -8625 -8625 -8625 -8625 -8625 -8625 -8625 -8625 -8625 -8625 -8625 -8625 -8625 -8625 -8625 -8625 -8625 -8625 -8625 -8625 -8625 -8625 -8625 -8625 -8625 -8625 -8625 -8625 -8625 -8625 -8625 -8625 -8625 -8625 -8625 -8625 -8625 -8625 -8625 -8625 -8625 -8625 -8625 -8625 -8625 -8625 -8625 -8625 -8625 -8625 -8625 -8625
-8625 -8625 -8625 -8625 -8625 -8625 -8625 -8625 -8625 -8625 -8625 -8625 -8625 -8625 -8625 -8625 -8625 -8625 -8625 -8625 -8625 -8625 -8625 -8625 -8625 -8625 -8625 -8625 -8625 -8625 -8625 -8625 -8625 -8625 -8625 -8625 -8625 -8625 -8625 -8625 -8625 -8625 -8625 -8625 -8625 -8625 -8625 -8625 -8625 -8625 -8625 -8625 -8625 -8625 -8625 -8625 -8625 -8625 -8625 -8625 -8625
-8625 -8625 -8625 -8625 -8625 -8625 -8625 -8625 -8625 -8625 -8625 -8625 -8625 -8625 -8625 -8625 -8625 -8625 -8625 -8625 -8625 -8625 -8625 -8625 -8625 -8625 -8625 -8625 -8625 -8625 -8625 -8625 -8625 -8625 -8625 -8625 -8625 -8625 -8625 -8625 -8625 -8625 -8625 -8625 -8625 -8625 -8625 -8625 -8625 -8625 -8625 -8625 -8625 -8625 -8625 -8625 -8625 -8625 -8625 -8625
-8625 -8625 -8625 -8625 -8625 -8625 -8625 -8625 -8625 -8625 -8625 -8625 -8625 -8625 -8625 -8625 -8625 -8625 -8625 -8625 -8625 -8625 -8625 -8625 -8625 -8625 -8625 -8625 -8625 -8625 -8625 -8625 -8625 -8625 -8625 -8625 -8625 -8625 -8625 -8625 -8625 -8625 -8625 -8625 -8625 -8625 -8625 -8625 -8625 -8625 -8625 -8625 -8625 -8625 -8625 -8625 -8625 -8625 -8625
-8625 -8625 -8625 -8625 -8625 -8625 -8625 -8625 -8625 -8625 -8625 -8625 -8625 -8625 -8625 -8625 -8625 -8625 -8625 -8625 -8625 -8625 -8625 -8625 -8625 -8625 -8625 -8625 -8625 -8625 -8625 -8625 -8625 -8625 -8625 -8625 -8625 -8625 -8625 -8625 -8625 -8625 -8625 -8625 -8625 -8625 -8625 -8625 -8625 -8625 -8625 -8625 -8625 -8625 -8625 -8625 -8625 -8625
-8625 -8625 -8625 -8625 -8625 -8625 -8625 -8625 -8625 -8625 -8625 -8625 -8625 -8625 -8625 -8625 -8625 -8625 -8625 -8625 -8625 -8625 -8625 -8625 -8625 -8625 -8625 -8625 -8625 -8625 -8625 -8625 -8625 -8625 -8625 -8625 -8625 -8625 -8625 -8625 -8625 -8625 -8625 -8625 -8625 -8625 -8625 -8625 -8625 -8625 -8625 -8625 -8625 -8625 -8625 -8625 -8625
-8625 -8625 -8625 -8625 -8625 -8625 -8625 -8625 -8625 -8625 -8625 -8625 -8625 -8625 -8625 -8625 -8625 -8625 -8625 -8625 -8625 -8625 -8625 -8625 -8625 -8625 -8625 -8625 -8625 -8625 -8625 -8625 -8625 -8625 -8625 -8625 -8625 -8625 -8625 -8625 -8625 -8625 -8625 -8625 -8625 -8625 -8625 -8625 -8625 -8625 -8625 -8625 -8625 -8625 -8625 -8625
-8625 -8625 -8625 -8625 -8625 -8625 -8625 -8625 -8625 -8625 -8625 -8625 -8625 -8625 -8625 -8625 -8625 -8625 -8625 -8625 -8625 -8625 -8625 -8625 -8625 -8625 -8625 -8625 -8625 -8625 -8625 -8625 -8625 -8625 -8625 -8625 -8625 -8625 -8625 -8625 -8625 -8625 -8625 -8625 -8625 -8625 -8625 -8625 -8625 -8625 -8625 -8625 -8625 -8625 -8625
-8625 -8625 -8625 -8625 -8625 -8625 -8625 -8625 -8625 -8625 -8625 -8625 -8625 -8625 -8625 -8625 -8625 -8625 -8625 -8625 -8625 -8625 -8625 -8625 -8625 -8625 -8625 -8625 -8625 -8625 -8625 -8625 -8625 -8625 -8625 -8625 -8625 -8625 -8625 -8625 -8625 -8625 -8625 -8625 -8625 -8625 -8625 -8625 -8625 -8625 -8625 -8625 -8625 -8625
-8625 -8625 -8625 -8625 -8625 -8625 -8625 -8625 -8625 -8625 -8625 -8625 -8625 -8625 -8625 -8625 -8625 -8625 -8625 -8625 -8625 -8625 -8625 -8625 -8625 -8625 -8625 -8625 -8625 -8625 -8625 -8625 -8625 -8625 -8625 -8625 -8625 -8625 -8625 -8625 -8625 -8625 -8625 -8625 -8625 -8625 -8625 -8625 -8625 -8625 -8625 -8625 -8625
-8625 -8625 -8625 -8625 -8625 -8625 -8625 -8625 -8625 -8625 -8625 -8625 -8625 -8625 -8625 -8625 -8625 -8625 -8625 -8625 -8625 -8625 -8625 -8625 -8625 -8625 -8625 -8625 -8625 -8625 -8625 -8625 -8625 -8625 -8625 -8625 -8625 -8625 -8625 -8625 -8625 -8625 -8625 -8625 -8625 -8625 -8625 -8625 -8625 -8625 -8625 -8625
-8625 -8625 -8625 -8625 -8625 -8625 -8625 -8625 -8625 -8625 -8625 -8625 -8625 -8625 -8625 -8625 -8625 -8625 -8625 -8625 -8625 -8625 -8625 -8625 -8625 -8625 -8625 -8625 -8625 -8625 -8625 -8625 -8625 -8625 -8625 -8625 -8625 -8625 -8625 -8625 -8625 -8625 -8625 -8625 -8625 -8625 -8625 -8625 -8625 -8625 -8625
-8625 -8625 -8625 -8625 -8625 -8625 -8625 -8625 -8625 -8625 -8625 -8625 -8625 -8625 -8625 -8625 -8625 -8625 -8625 -8625 -8625 -8625 -8625 -8625 -8625 -8625 -8625 -8625 -8625 -8625 -8625 -8625 -8625 -8625 -8625 -8625 -8625 -8625 -8625 -8625 -8625 -8625 -8625 -8625 -8625 -8625 -8625 -8625 -8625 -8625
-8625 -8625 -8625 -8625 -8625 -8625 -8625 -8625 -8625 -8625 -8625 -8625 -8625 -8625 -8625 -8625 -8625 -8625 -8625 -8625 -8625 -8625 -8625 -8625 -8625 -8625 -8625 -8625 -8625 -8625 -8625 -8625 -8625 -8625 -8625 -8625 -8625 -8625 -8625 -8625 -8625 -8625 -8625 -8625 -8625 -8625 -8625 -8625 -8625
-8625 -8625 -8625 -8625 -8625 -8625 -8625 -8625 -8625 -8625 -8625 -8625 -8625 -8625 -8625 -8625 -8625 -8625 -8625 -8625 -8625 -8625 -8625 -8625 -8625 -8625 -8625 -8625 -8625 -8625 -8625 -8625 -8625 -8625 -8625 -8625 -8625 -8625 -8625 -8625 -8625 -8625 -8625 -8625 -8625 -8625 -8625 -8625
-8625 -8625 -8625 -8625 -8625 -8625 -8625 -8625 -8625 -8625 -8625 -8625 -8625 -8625 -8625 -8625 -8625 -8625 -8625 -8625 -8625 -8625 -8625 -8625 -8625 -8625 -8625 -8625 -8625 -8625 -8625 -8625 -8625 -8625 -8625 -8625 -8625 -8625 -8625 -8625 -8625 -8625 -8625 -8625 -8625 -8625 -8625
-8625 -8625 -8625 -8625 -8625 -8625 -8625 -8625 -8625 -8625 -8625 -8625 -8625 -8625 -8625 -8625 -8625 -8625 -8625 -8625 -8625 -8625 -8625 -8625 -8625 -8625 -8625 -8625 -8625 -8625 -8625 -8625 -8625 -8625 -8625 -8625 -8625 -8625 -8625 -8625 -8625 -8625 -8625 -8625 -8625 -8625
-8625 -8625 -8625 -8625 -8625 -8625 -8625 -8625 -8625 -8625 -8625 -8625 -8625 -8625 -8625 -8625 -8625 -8625 -8625 -8625 -8625 -8625 -8625 -8625 -8625 -8625 -8625 -8625 -8625 -8625 -8625 -8625 -8625 -8625 -8625 -8625 -8625 -8625 -8625 -8625 -8625 -8625 -8625 -8625 -8625
-8625 -8625 -8625 -8625 -8625 -8625 -8625 -8625 -8625 -8625 -8625 -8625 -8625 -8625 -8625 -8625 -8625 -8625 -8625 -8625 -8625 -8625 -8625 -8625 -8625 -8625 -8625 -8625 -8625 -8625 -8625 -8625 -8625 -8625 -8625 -8625 -8625 -8625 -8625 -8625 -8625 -8625 -8625 -8625
-8625 -8625 -8625 -8625 -8625 -8625 -8625 -8625 -8625 -8625 -8625 -8625 -8625 -8625 -8625 -8625 -8625 -8625 -8625 -8625 -8625 -8625 -8625 -8625 -8625 -8625 -8625 -8625 -8625 -8625 -8625 -8625 -8625 -8625 -8625 -8625 -8625 -8625 -8625 -8625 -8625 -8625 -8625
-8625 -8625 -8625 -8625 -8625 -8625 -8625 -8625 -8625 -8625 -8625 -8625 -8625 -8625 -8625 -8625 -8625 -8625 -8625 -8625 -8625 -8625 -8625 -8625 -8625 -8625 -8625 -8625 -8625 -8625 -8625 -8625 -8625 -8625 -8625 -8625 -8625 -8625 -8625 -8625 -8625 -8625
-8625 -8625 -8625 -8625 -8625 -8625 -8625 -8625 -8625 -8625 -8625 -8625 -8625 -8625 -8625 -8625 -8625 -8625 -8625 -8625 -8625 -8625 -8625 -8625 -8625 -8625 -8625 -8625 -8625 -8625 -8625 -8625 -8625 -8625 -8625 -8625 -8625 -8625 -8625 -8625 -8625
-8625 -8625 -8625 -8625 -8625 -8625 -8625 -8625 -8625 -8625 -8625 -8625 -8625 -8625 -8625 -8625 -8625 -8625 -8625 -8625 -8625 -8625 -8625 -8625 -8625 -8625 -8625 -8625 -8625 -8625 -8625 -8625 -8625 -8625 -8625 -8625 -8625 -8625 -8625 -8625
-8625 -8625 -8625 -8625 -8625 -8625 -8625 -8625 -8625 -8625 -8625 -8625 -8625 -8625 -8625 -8625 -8625 -8625 -8625 -8625 -8625 -8625 -8625 -8625 -8625 -8625 -8625 -8625 -8625 -8625 -8625 -8625 -8625 -8625 -8625 -8625 -8625 -8625 -8625
-8625 -8625 -8625 -8625 -8625 -8625 -8625 -8625 -8625 -8625 -8625 -8625 -8625 -8625 -8625 -8625 -8625 -8625 -8625 -8625 -8625 -8625 -8625 -8625 -8625 -8625 -8625 -8625 -8625 -8625 -8625 -8625 -8625 -8625 -8625 -8625 -8625 -8625
-8625 -8625 -8625 -8625 -8625 -8625 -8625 -8625 -8625 -8625 -8625 -8625 -8625 -8625 -8625 -8625 -8625 -8625 -8625 -8625 -8625 -8625 -8625 -8625 -8625 -8625 -8625 -8625 -8625 -8625 -8625 -8625 -8625 -8625 -8625 -8625 -8625
-8625 -8625 -8625 -8625 -8625 -8625 -8625 -8625 -8625 -8625 -8625 -8625 -8625 -8625 -8625 -8625 -8625 -8625 -8625 -8625 -8625 -8625 -8625 -8625 -8625 -8625 -8625 -8625 -8625 -8625 -8625 -8625 -8625 -8625 -8625 -8625
-8625 -8625 -8625 -8625 -8625 -8625 -8625 -8625 -8625 -8625 -8625 -8625 -8625 -8625 -8625 -8625 -8625 -8625 -8625 -8625 -8625 -8625 -8625 -8625 -8625 -8625 -8625 -8625 -8625 -8625 -8625 -8625 -8625 -8625 -8625
-8625 -8625 -8625 -8625 -8625 -8625 -8625 -8625 -8625 -8625 -8625 -8625 -8625 -8625 -8625 -8625 -8625 -8625 -8625 -8625 -8625 -8625 -8625 -8625 -8625 -8625 -8625 -8625 -8625 -8625 -8625 -8625 -8625 -8625
-8625 -8625 -8625 -8625 -8625 -8625 -8625 -8625 -8625 -8625 -8625 -8625 -8625 -8625 -8625 -8625 -8625 -8625 -8625 -8625 -8625 -8625 -8625 -8625 -8625 -8625 -8625 -8625 -8625 -8625 -8625 -8625 -8625
-8625 -8625 -8625 -8625 -8625 -8625 -8625 -8625 -8625 -8625 -8625 -8625 -8625 -8625 -8625 -8625 -8625 -8625 -8625 -8625 -8625 -8625 -8625 -8625 -8625 -8625 -8625 -8625 -8625 -8625 -8625 -8625
-8625 -8625 -8625 -8625 -8625 -8625 -8625 -8625 -8625 -8625 -8625 -8625 -8625 -8625 -8625 -8625 -8625 -8625 -8625 -8625 -8625 -8625 -8625 -8625 -8625 -8625 -8625 -8625 -8625 -8625 -8625
-8625 -8625 -8625 -8625 -8625 -8625 -8625 -8625 -8625 -8625 -8625 -8625 -8625 -8625 -8625 -8625 -8625 -8625 -8625 -8625 -8625 -8625 -8625 -8625 -8625 -8625 -8625 -8625 -8625 -8625
-8625 -8625 -8625 -8625 -8625 -8625 -8625 -8625 -8625 -8625 -8625 -8625 -8625 -8625 -8625 -8625 -8625 -8625 -8625 -8625 -8625 -8625 -8625 -8625 -8625 -8625 -8625 -8625 -8625
-8625 -8625 -8625 -8625 -8625 -8625 -8625 -8625 -8625 -8625 -8625 -8625 -8625 -8625 -8625 -8625 -8625 -8625 -8625 -8625 -8625 -8625 -8625 -8625 -8625 -8625 -8625 -8625
-8625 -8625 -8625 -8625 -8625 -8625 -8625 -8625 -8625 -8625 -8625 -8625 -8625 -8625 -8625 -8625 -8625 -8625 -8625 -8625 -8625 -8625 -8625 -8625 -8625 -8625 -8625
-8625 -8625 -8625 -8625 -8625 -8625 -8625 -8625 -8625 -8625 -8625 -8625 -8625 -8625 -8625 -8625 -8625 -8625 -8625 -8625 -8625 -8625 -8625 -8625 -8625 -8625
-8625 -8625 -8625 -8625 -8625 -8625 -8625 -8625 -8625 -8625 -8625 -8625 -8625 -8625 -8625 -8625 -8625 -8625 -8625 -8625 -8625 -8625 -8625 -8625 -8625
-8625 -8625 -8625 -8625 -8625 -8625 -8625 -8625 -8625 -8625 -8625 -8625 -8625 -8625 -8625 -8625 -8625 -8625 -8625 -8625 -8625 -8625 -8625 -8625
-8625 -8625 -8625 -8625 -8625 -8625 -8625 -8625 -8625 -8625 -8625 -8625 -8625 -8625 -8625 -8625 -8625 -8625 -8625 -8625 -8625 -8625 -8625
-8625 -8625 -8625 -8625 -8625 -8625 -8625 -8625 -8625 -8625 -8625 -8625 -8625 -8625 -8625 -8625 -8625 -8625 -8625 -8625 -8625 -8625
-8625 -8625 -8625 -8625 -8625 -8625 -8625 -8625 -8625 -8625 -8625 -8625 -8625 -8625 -8625 -8625 -8625 -8625 -8625 -8625 -8625
-8625 -8625 -8625 -8625 -8625 -8625 -8625 -8625 -8625 -8625 -8625 -8625 -8625 -8625 -8625 -8625 -8625 -8625 -8625 -8625
-8625 -8625 -8625 -8625 -8625 -8625 -8625 -8625 -8625 -8625 -8625 -8625 -8625 -8625 -8625 -8625 -8625 -8625 -8625
-8625 -8625 -8625 -8625 -8625 -8625 -8625 -8625 -8625 -8625 -8625 -8625 -8625 -8625 -8625 -8625 -8625 -8625
-8625 -8625 -8625 -8625 -8625 -8625 -8625 -8625 -8625 -8625 -8625 -8625 -8625 -8625 -8625 -8625 -8625
-8625 -8625 -8625 -8625 -8625 -8625 -8625 -8625 -8625 -8625 -8625 -8625 -8625 -8625 -8625 -8625
-8625 -8625 -8625 -8625 -8625 -8625 -8625 -8625 -8625 -8625 -8625 -8625 -8625 -8625 -8625
-8625 -8625 -8625 -8625 -8625 -8625 -8625 -8625 -8625 -8625 -8625 -8625 -8625 -8625
-8625 -8625 -8625 -8625 -8625 -8625 -8625 -8625 -8625 -8625 -8625 -8625 -8625
-8625 -8625 -8625 -8625 -8625 -8625 -8625 -8625 -8625 -8625 -8625 -8625
-8625 -8625 -8625 -8625 -8625 -8625 -8625 -8625 -8625 -8625 -8625
-8625 -8625 -8625 -8625 -8625 -8625 -8625 -8625 -8625 -8625
-8625 -8625 -8625 -8625 -8625 -8625 -8625 -8625 -8625
-8625 -8625 -8625 -8625 -8625 -8625 -8625 -8625
-8625 -8625 -8625 -8625 -8625 -8625 -8625
-8625 -8625 -8625 -8625 -8625 -8625
-8625 -8625 -8625 -8625 -8625
-8625 -8625 -8625 -8625
-8625 -8625 -8625
-8625 -8625
-8625
