150
3 2 2 2 2 2 2 2 2 2 2 2 2 2 2 2 2 2 2 2 2 2 2 2 2 2 2 2 2 2 2 2 2 2 2 2 2 2 2 2 2 2 2 2 2 2 2 2 2 2 2 2 2 2 2 2 2 2 2 2 2 2 2 2 2 2 2 2 2 2 2 2 2 3 4 -6075 -6075 -6075 -6075 -6075 -6075 -6075 -6075 -6075 -6075 -6075 -6075 -6075 -6075 -6075 -6075 -6075 -6075 -6075 -6075 -6075 -6075 -6075 -6075 -6075 -6075 -6075 -6075 -6075 -6075 -6075 -6075 -6075 -6075 -6075 -6075 -6075 -6075 -6075 -6075 -6075 -6075 -6075 -6075 -6075 -6075 -6075 -6075 -6075 -6075 -6075 -6075 -6075 -6075 -6075 -6075 -6075 -6075 -6075 -6075 -6075 -6075 -6075 -6075 -6075 -6075 -6075 -6075 -6075 -6075 -6075 -6075 -6075 -6075
3 2 2 2 2 2 2 2 2 2 2 2 2 2 2 2 2 2 2 2 2 2 2 2 2 2 2 2 2 2 2 2 2 2 2 2 2 2 2 2 2 2 2 2 2 2 2 2 2 2 2 2 2 2 2 2 2 2 2 2 2 2 2 2 2 2 2 2 2 2 2 2 2 -6075 4 -6075 -6075 -6075 -6075 -6075 -6075 -6075 -6075 -6075 -6075 -6075 -6075 -6075 -6075 -6075 -6075 -6075 -6075 -6075 -6075 -6075 -6075 -6075 -6075 -6075 -6075 -6075 -6075 -6075 -6075 -6075 -6075 -6075 -6075 -6075 -6075 -6075 -6075 -6075 -6075 -6075 -6075 -6075 -6075 -6075 -6075 -6075 -6075 -6075 -6075 -6075 -6075 -6075 -6075 -6075 -6075 -6075 -6075 -6075 -6075 -6075 -6075 -6075 -6075 -6075 -6075 -6075 -6075 -6075 -6075 -6075 -6075 -6075
3 2 2 2 2 2 2 2 2 2 2 2 2 2 2 2 2 2 2 2 2 2 2 2 2 2 2 2 2 2 2 2 2 2 2 2 2 2 2 2 2 2 2 2 2 2 2 2 2 2 2 2 2 2 2 2 2 2 2 2 2 2 2 2 2 2 2 2 2 2 2 2 -6075 -6075 4 -6075 -6075 -6075 -6075 -6075 -6075 -6075 -6075 -6075 -6075 -6075 -6075 -6075 -6075 -6075 -6075 -6075 -6075 -6075 -6075 -6075 -6075 -6075 -6075 -6075 -6075 -6075 -6075 -6075 -6075 -6075 -6075 -6075 -6075 -6075 -6075 -6075 -6075 -6075 -6075 -6075 -6075 -6075 -6075 -6075 -6075 -6075 -6075 -6075 -6075 -6075 -6075 -6075 -6075 -6075 -6075 -6075 -6075 -6075 -6075 -6075 -6075 -6075 -6075 -6075 -6075 -6075 -6075 -6075 -6075 -6075 -6075
3 2 2 2 2 2 2 2 2 2 2 2 2 2 2 2 2 2 2 2 2 2 2 2 2 2 2 2 2 2 2 2 2 2 2 2 2 2 2 2 2 2 2 2 2 2 2 2 2 2 2 2 2 2 2 2 2 2 2 2 2 2 2 2 2 2 2 2 2 2 2 -6075 -6075 -6075 4 -6075 -6075 -6075 -6075 -6075 -6075 -6075 -6075 -6075 -6075 -6075 -6075 -6075 -6075 -6075 -6075 -6075 -6075 -6075 -6075 -6075 -6075 -6075 -6075 -6075 -6075 -6075 -6075 -6075 -6075 -6075 -6075 -6075 -6075 -6075 -6075 -6075 -6075 -6075 -6075 -6075 -6075 -6075 -6075 -6075 -6075 -6075 -6075 -6075 -6075 -6075 -6075 -6075 -6075 -6075 -6075 -6075 -6075 -6075 -6075 -6075 -6075 -6075 -6075 -6075 -6075 -6075 -6075 -6075 -6075 -6075
3 2 2 2 2 2 2 2 2 2 2 2 2 2 2 2 2 2 2 2 2 2 2 2 2 2 2 2 2 2 2 2 2 2 2 2 2 2 2 2 2 2 2 2 2 2 2 2 2 2 2 2 2 2 2 2 2 2 2 2 2 2 2 2 2 2 2 2 2 2 -6075 -6075 -6075 -6075 4 -6075 -6075 -6075 -6075 -6075 -6075 -6075 -6075 -6075 -6075 -6075 -6075 -6075 -6075 -6075 -6075 -6075 -6075 -6075 -6075 -6075 -6075 -6075 -6075 -6075 -6075 -6075 -6075 -6075 -6075 -6075 -6075 -6075 -6075 -6075 -6075 -6075 -6075 -6075 -6075 -6075 -6075 -6075 -6075 -6075 -6075 -6075 -6075 -6075 -6075 -6075 -6075 -6075 -6075 -6075 -6075 -6075 -6075 -6075 -6075 -6075 -6075 -6075 -6075 -6075 -6075 -6075 -6075 -6075 -6075
3 2 2 2 2 2 2 2 2 2 2 2 2 2 2 2 2 2 2 2 2 2 2 2 2 2 2 2 2 2 2 2 2 2 2 2 2 2 2 2 2 2 2 2 2 2 2 2 2 2 2 2 2 2 2 2 2 2 2 2 2 2 2 2 2 2 2 2 2 -6075 -6075 -6075 -6075 -6075 4 -6075 -6075 -6075 -6075 -6075 -6075 -6075 -6075 -6075 -6075 -6075 -6075 -6075 -6075 -6075 -6075 -6075 -6075 -6075 -6075 -6075 -6075 -6075 -6075 -6075 -6075 -6075 -6075 -6075 -6075 -6075 -6075 -6075 -6075 -6075 -6075 -6075 -6075 -6075 -6075 -6075 -6075 -6075 -6075 -6075 -6075 -6075 -6075 -6075 -6075 -6075 -6075 -6075 -6075 -6075 -6075 -6075 -6075 -6075 -6075 -6075 -6075 -6075 -6075 -6075 -6075 -6075 -6075 -6075
3 2 2 2 2 2 2 2 2 2 2 2 2 2 2 2 2 2 2 2 2 2 2 2 2 2 2 2 2 2 2 2 2 2 2 2 2 2 2 2 2 2 2 2 2 2 2 2 2 2 2 2 2 2 2 2 2 2 2 2 2 2 2 2 2 2 2 2 -6075 -6075 -6075 -6075 -6075 -6075 4 -6075 -6075 -6075 -6075 -6075 -6075 -6075 -6075 -6075 -6075 -6075 -6075 -6075 -6075 -6075 -6075 -6075 -6075 -6075 -6075 -6075 -6075 -6075 -6075 -6075 -6075 -6075 -6075 -6075 -6075 -6075 -6075 -6075 -6075 -6075 -6075 -6075 -6075 -6075 -6075 -6075 -6075 -6075 -6075 -6075 -6075 -6075 -6075 -6075 -6075 -6075 -6075 -6075 -6075 -6075 -6075 -6075 -6075 -6075 -6075 -6075 -6075 -6075 -6075 -6075 -6075 -6075 -6075
3 2 2 2 2 2 2 2 2 2 2 2 2 2 2 2 2 2 2 2 2 2 2 2 2 2 2 2 2 2 2 2 2 2 2 2 2 2 2 2 2 2 2 2 2 2 2 2 2 2 2 2 2 2 2 2 2 2 2 2 2 2 2 2 2 2 2 -6075 -6075 -6075 -6075 -6075 -6075 -6075 4 -6075 -6075 -6075 -6075 -6075 -6075 -6075 -6075 -6075 -6075 -6075 -6075 -6075 -6075 -6075 -6075 -6075 -6075 -6075 -6075 -6075 -6075 -6075 -6075 -6075 -6075 -6075 -6075 -6075 -6075 -6075 -6075 -6075 -6075 -6075 -6075 -6075 -6075 -6075 -6075 -6075 -6075 -6075 -6075 -6075 -6075 -6075 -6075 -6075 -6075 -6075 -6075 -6075 -6075 -6075 -6075 -6075 -6075 -6075 -6075 -6075 -6075 -6075 -6075 -6075 -6075 -6075
3 2 2 2 2 2 2 2 2 2 2 2 2 2 2 2 2 2 2 2 2 2 2 2 2 2 2 2 2 2 2 2 2 2 2 2 2 2 2 2 2 2 2 2 2 2 2 2 2 2 2 2 2 2 2 2 2 2 2 2 2 2 2 2 2 2 -6075 -6075 -6075 -6075 -6075 -6075 -6075 -6075 4 -6075 -6075 -6075 -6075 -6075 -6075 -6075 -6075 -6075 -6075 -6075 -6075 -6075 -6075 -6075 -6075 -6075 -6075 -6075 -6075 -6075 -6075 -6075 -6075 -6075 -6075 -6075 -6075 -6075 -6075 -6075 -6075 -6075 -6075 -6075 -6075 -6075 -6075 -6075 -6075 -6075 -6075 -6075 -6075 -6075 -6075 -6075 -6075 -6075 -6075 -6075 -6075 -6075 -6075 -6075 -6075 -6075 -6075 -6075 -6075 -6075 -6075 -6075 -6075 -6075 -6075
3 2 2 2 2 2 2 2 2 2 2 2 2 2 2 2 2 2 2 2 2 2 2 2 2 2 2 2 2 2 2 2 2 2 2 2 2 2 2 2 2 2 2 2 2 2 2 2 2 2 2 2 2 2 2 2 2 2 2 2 2 2 2 2 2 -6075 -6075 -6075 -6075 -6075 -6075 -6075 -6075 -6075 4 -6075 -6075 -6075 -6075 -6075 -6075 -6075 -6075 -6075 -6075 -6075 -6075 -6075 -6075 -6075 -6075 -6075 -6075 -6075 -6075 -6075 -6075 -6075 -6075 -6075 -6075 -6075 -6075 -6075 -6075 -6075 -6075 -6075 -6075 -6075 -6075 -6075 -6075 -6075 -6075 -6075 -6075 -6075 -6075 -6075 -6075 -6075 -6075 -6075 -6075 -6075 -6075 -6075 -6075 -6075 -6075 -6075 -6075 -6075 -6075 -6075 -6075 -6075 -6075 -6075
3 2 2 2 2 2 2 2 2 2 2 2 2 2 2 2 2 2 2 2 2 2 2 2 2 2 2 2 2 2 2 2 2 2 2 2 2 2 2 2 2 2 2 2 2 2 2 2 2 2 2 2 2 2 2 2 2 2 2 2 2 2 2 2 -6075 -6075 -6075 -6075 -6075 -6075 -6075 -6075 -6075 -6075 4 -6075 -6075 -6075 -6075 -6075 -6075 -6075 -6075 -6075 -6075 -6075 -6075 -6075 -6075 -6075 -6075 -6075 -6075 -6075 -6075 -6075 -6075 -6075 -6075 -6075 -6075 -6075 -6075 -6075 -6075 -6075 -6075 -6075 -6075 -6075 -6075 -6075 -6075 -6075 -6075 -6075 -6075 -6075 -6075 -6075 -6075 -6075 -6075 -6075 -6075 -6075 -6075 -6075 -6075 -6075 -6075 -6075 -6075 -6075 -6075 -6075 -6075 -6075 -6075
3 2 2 2 2 2 2 2 2 2 2 2 2 2 2 2 2 2 2 2 2 2 2 2 2 2 2 2 2 2 2 2 2 2 2 2 2 2 2 2 2 2 2 2 2 2 2 2 2 2 2 2 2 2 2 2 2 2 2 2 2 2 2 -6075 -6075 -6075 -6075 -6075 -6075 -6075 -6075 -6075 -6075 -6075 4 -6075 -6075 -6075 -6075 -6075 -6075 -6075 -6075 -6075 -6075 -6075 -6075 -6075 -6075 -6075 -6075 -6075 -6075 -6075 -6075 -6075 -6075 -6075 -6075 -6075 -6075 -6075 -6075 -6075 -6075 -6075 -6075 -6075 -6075 -6075 -6075 -6075 -6075 -6075 -6075 -6075 -6075 -6075 -6075 -6075 -6075 -6075 -6075 -6075 -6075 -6075 -6075 -6075 -6075 -6075 -6075 -6075 -6075 -6075 -6075 -6075 -6075 -6075
3 2 2 2 2 2 2 2 2 2 2 2 2 2 2 2 2 2 2 2 2 2 2 2 2 2 2 2 2 2 2 2 2 2 2 2 2 2 2 2 2 2 2 2 2 2 2 2 2 2 2 2 2 2 2 2 2 2 2 2 2 2 -6075 -6075 -6075 -6075 -6075 -6075 -6075 -6075 -6075 -6075 -6075 -6075 4 -6075 -6075 -6075 -6075 -6075 -6075 -6075 -6075 -6075 -6075 -6075 -6075 -6075 -6075 -6075 -6075 -6075 -6075 -6075 -6075 -6075 -6075 -6075 -6075 -6075 -6075 -6075 -6075 -6075 -6075 -6075 -6075 -6075 -6075 -6075 -6075 -6075 -6075 -6075 -6075 -6075 -6075 -6075 -6075 -6075 -6075 -6075 -6075 -6075 -6075 -6075 -6075 -6075 -6075 -6075 -6075 -6075 -6075 -6075 -6075 -6075 -6075
3 2 2 2 2 2 2 2 2 2 2 2 2 2 2 2 2 2 2 2 2 2 2 2 2 2 2 2 2 2 2 2 2 2 2 2 2 2 2 2 2 2 2 2 2 2 2 2 2 2 2 2 2 2 2 2 2 2 2 2 2 -6075 -6075 -6075 -6075 -6075 -6075 -6075 -6075 -6075 -6075 -6075 -6075 -6075 4 -6075 -6075 -6075 -6075 -6075 -6075 -6075 -6075 -6075 -6075 -6075 -6075 -6075 -6075 -6075 -6075 -6075 -6075 -6075 -6075 -6075 -6075 -6075 -6075 -6075 -6075 -6075 -6075 -6075 -6075 -6075 -6075 -6075 -6075 -6075 -6075 -6075 -6075 -6075 -6075 -6075 -6075 -6075 -6075 -6075 -6075 -6075 -6075 -6075 -6075 -6075 -6075 -6075 -6075 -6075 -6075 -6075 -6075 -6075 -6075 -6075
3 2 2 2 2 2 2 2 2 2 2 2 2 2 2 2 2 2 2 2 2 2 2 2 2 2 2 2 2 2 2 2 2 2 2 2 2 2 2 2 2 2 2 2 2 2 2 2 2 2 2 2 2 2 2 2 2 2 2 2 -6075 -6075 -6075 -6075 -6075 -6075 -6075 -6075 -6075 -6075 -6075 -6075 -6075 -6075 4 -6075 -6075 -6075 -6075 -6075 -6075 -6075 -6075 -6075 -6075 -6075 -6075 -6075 -6075 -6075 -6075 -6075 -6075 -6075 -6075 -6075 -6075 -6075 -6075 -6075 -6075 -6075 -6075 -6075 -6075 -6075 -6075 -6075 -6075 -6075 -6075 -6075 -6075 -6075 -6075 -6075 -6075 -6075 -6075 -6075 -6075 -6075 -6075 -6075 -6075 -6075 -6075 -6075 -6075 -6075 -6075 -6075 -6075 -6075 -6075
3 2 2 2 2 2 2 2 2 2 2 2 2 2 2 2 2 2 2 2 2 2 2 2 2 2 2 2 2 2 2 2 2 2 2 2 2 2 2 2 2 2 2 2 2 2 2 2 2 2 2 2 2 2 2 2 2 2 2 -6075 -6075 -6075 -6075 -6075 -6075 -6075 -6075 -6075 -6075 -6075 -6075 -6075 -6075 -6075 4 -6075 -6075 -6075 -6075 -6075 -6075 -6075 -6075 -6075 -6075 -6075 -6075 -6075 -6075 -6075 -6075 -6075 -6075 -6075 -6075 -6075 -6075 -6075 -6075 -6075 -6075 -6075 -6075 -6075 -6075 -6075 -6075 -6075 -6075 -6075 -6075 -6075 -6075 -6075 -6075 -6075 -6075 -6075 -6075 -6075 -6075 -6075 -6075 -6075 -6075 -6075 -6075 -6075 -6075 -6075 -6075 -6075 -6075 -6075
3 2 2 2 2 2 2 2 2 2 2 2 2 2 2 2 2 2 2 2 2 2 2 2 2 2 2 2 2 2 2 2 2 2 2 2 2 2 2 2 2 2 2 2 2 2 2 2 2 2 2 2 2 2 2 2 2 2 -6075 -6075 -6075 -6075 -6075 -6075 -6075 -6075 -6075 -6075 -6075 -6075 -6075 -6075 -6075 -6075 4 -6075 -6075 -6075 -6075 -6075 -6075 -6075 -6075 -6075 -6075 -6075 -6075 -6075 -6075 -6075 -6075 -6075 -6075 -6075 -6075 -6075 -6075 -6075 -6075 -6075 -6075 -6075 -6075 -6075 -6075 -6075 -6075 -6075 -6075 -6075 -6075 -6075 -6075 -6075 -6075 -6075 -6075 -6075 -6075 -6075 -6075 -6075 -6075 -6075 -6075 -6075 -6075 -6075 -6075 -6075 -6075 -6075 -6075
3 2 2 2 2 2 2 2 2 2 2 2 2 2 2 2 2 2 2 2 2 2 2 2 2 2 2 2 2 2 2 2 2 2 2 2 2 2 2 2 2 2 2 2 2 2 2 2 2 2 2 2 2 2 2 2 2 -6075 -6075 -6075 -6075 -6075 -6075 -6075 -6075 -6075 -6075 -6075 -6075 -6075 -6075 -6075 -6075 -6075 4 -6075 -6075 -6075 -6075 -6075 -6075 -6075 -6075 -6075 -6075 -6075 -6075 -6075 -6075 -6075 -6075 -6075 -6075 -6075 -6075 -6075 -6075 -6075 -6075 -6075 -6075 -6075 -6075 -6075 -6075 -6075 -6075 -6075 -6075 -6075 -6075 -6075 -6075 -6075 -6075 -6075 -6075 -6075 -6075 -6075 -6075 -6075 -6075 -6075 -6075 -6075 -6075 -6075 -6075 -6075 -6075 -6075
3 2 2 2 2 2 2 2 2 2 2 2 2 2 2 2 2 2 2 2 2 2 2 2 2 2 2 2 2 2 2 2 2 2 2 2 2 2 2 2 2 2 2 2 2 2 2 2 2 2 2 2 2 2 2 2 -6075 -6075 -6075 -6075 -6075 -6075 -6075 -6075 -6075 -6075 -6075 -6075 -6075 -6075 -6075 -6075 -6075 -6075 4 -6075 -6075 -6075 -6075 -6075 -6075 -6075 -6075 -6075 -6075 -6075 -6075 -6075 -6075 -6075 -6075 -6075 -6075 -6075 -6075 -6075 -6075 -6075 -6075 -6075 -6075 -6075 -6075 -6075 -6075 -6075 -6075 -6075 -6075 -6075 -6075 -6075 -6075 -6075 -6075 -6075 -6075 -6075 -6075 -6075 -6075 -6075 -6075 -6075 -6075 -6075 -6075 -6075 -6075 -6075 -6075
3 2 2 2 2 2 2 2 2 2 2 2 2 2 2 2 2 2 2 2 2 2 2 2 2 2 2 2 2 2 2 2 2 2 2 2 2 2 2 2 2 2 2 2 2 2 2 2 2 2 2 2 2 2 2 -6075 -6075 -6075 -6075 -6075 -6075 -6075 -6075 -6075 -6075 -6075 -6075 -6075 -6075 -6075 -6075 -6075 -6075 -6075 4 -6075 -6075 -6075 -6075 -6075 -6075 -6075 -6075 -6075 -6075 -6075 -6075 -6075 -6075 -6075 -6075 -6075 -6075 -6075 -6075 -6075 -6075 -6075 -6075 -6075 -6075 -6075 -6075 -6075 -6075 -6075 -6075 -6075 -6075 -6075 -6075 -6075 -6075 -6075 -6075 -6075 -6075 -6075 -6075 -6075 -6075 -6075 -6075 -6075 -6075 -6075 -6075 -6075 -6075 -6075
3 2 2 2 2 2 2 2 2 2 2 2 2 2 2 2 2 2 2 2 2 2 2 2 2 2 2 2 2 2 2 2 2 2 2 2 2 2 2 2 2 2 2 2 2 2 2 2 2 2 2 2 2 2 -6075 -6075 -6075 -6075 -6075 -6075 -6075 -6075 -6075 -6075 -6075 -6075 -6075 -6075 -6075 -6075 -6075 -6075 -6075 -6075 4 -6075 -6075 -6075 -6075 -6075 -6075 -6075 -6075 -6075 -6075 -6075 -6075 -6075 -6075 -6075 -6075 -6075 -6075 -6075 -6075 -6075 -6075 -6075 -6075 -6075 -6075 -6075 -6075 -6075 -6075 -6075 -6075 -6075 -6075 -6075 -6075 -6075 -6075 -6075 -6075 -6075 -6075 -6075 -6075 -6075 -6075 -6075 -6075 -6075 -6075 -6075 -6075 -6075 -6075
3 2 2 2 2 2 2 2 2 2 2 2 2 2 2 2 2 2 2 2 2 2 2 2 2 2 2 2 2 2 2 2 2 2 2 2 2 2 2 2 2 2 2 2 2 2 2 2 2 2 2 2 2 -6075 -6075 -6075 -6075 -6075 -6075 -6075 -6075 -6075 -6075 -6075 -6075 -6075 -6075 -6075 -6075 -6075 -6075 -6075 -6075 -6075 4 -6075 -6075 -6075 -6075 -6075 -6075 -6075 -6075 -6075 -6075 -6075 -6075 -6075 -6075 -6075 -6075 -6075 -6075 -6075 -6075 -6075 -6075 -6075 -6075 -6075 -6075 -6075 -6075 -6075 -6075 -6075 -6075 -6075 -6075 -6075 -6075 -6075 -6075 -6075 -6075 -6075 -6075 -6075 -6075 -6075 -6075 -6075 -6075 -6075 -6075 -6075 -6075 -6075
3 2 2 2 2 2 2 2 2 2 2 2 2 2 2 2 2 2 2 2 2 2 2 2 2 2 2 2 2 2 2 2 2 2 2 2 2 2 2 2 2 2 2 2 2 2 2 2 2 2 2 2 -6075 -6075 -6075 -6075 -6075 -6075 -6075 -6075 -6075 -6075 -6075 -6075 -6075 -6075 -6075 -6075 -6075 -6075 -6075 -6075 -6075 -6075 4 -6075 -6075 -6075 -6075 -6075 -6075 -6075 -6075 -6075 -6075 -6075 -6075 -6075 -6075 -6075 -6075 -6075 -6075 -6075 -6075 -6075 -6075 -6075 -6075 -6075 -6075 -6075 -6075 -6075 -6075 -6075 -6075 -6075 -6075 -6075 -6075 -6075 -6075 -6075 -6075 -6075 -6075 -6075 -6075 -6075 -6075 -6075 -6075 -6075 -6075 -6075 -6075
3 2 2 2 2 2 2 2 2 2 2 2 2 2 2 2 2 2 2 2 2 2 2 2 2 2 2 2 2 2 2 2 2 2 2 2 2 2 2 2 2 2 2 2 2 2 2 2 2 2 2 -6075 -6075 -6075 -6075 -6075 -6075 -6075 -6075 -6075 -6075 -6075 -6075 -6075 -6075 -6075 -6075 -6075 -6075 -6075 -6075 -6075 -6075 -6075 4 -6075 -6075 -6075 -6075 -6075 -6075 -6075 -6075 -6075 -6075 -6075 -6075 -6075 -6075 -6075 -6075 -6075 -6075 -6075 -6075 -6075 -6075 -6075 -6075 -6075 -6075 -6075 -6075 -6075 -6075 -6075 -6075 -6075 -6075 -6075 -6075 -6075 -6075 -6075 -6075 -6075 -6075 -6075 -6075 -6075 -6075 -6075 -6075 -6075 -6075 -6075
3 2 2 2 2 2 2 2 2 2 2 2 2 2 2 2 2 2 2 2 2 2 2 2 2 2 2 2 2 2 2 2 2 2 2 2 2 2 2 2 2 2 2 2 2 2 2 2 2 2 -6075 -6075 -6075 -6075 -6075 -6075 -6075 -6075 -6075 -6075 -6075 -6075 -6075 -6075 -6075 -6075 -6075 -6075 -6075 -6075 -6075 -6075 -6075 -6075 4 -6075 -6075 -6075 -6075 -6075 -6075 -6075 -6075 -6075 -6075 -6075 -6075 -6075 -6075 -6075 -6075 -6075 -6075 -6075 -6075 -6075 -6075 -6075 -6075 -6075 -6075 -6075 -6075 -6075 -6075 -6075 -6075 -6075 -6075 -6075 -6075 -6075 -6075 -6075 -6075 -6075 -6075 -6075 -6075 -6075 -6075 -6075 -6075 -6075 -6075
3 2 2 2 2 2 2 2 2 2 2 2 2 2 2 2 2 2 2 2 2 2 2 2 2 2 2 2 2 2 2 2 2 2 2 2 2 2 2 2 2 2 2 2 2 2 2 2 2 -6075 -6075 -6075 -6075 -6075 -6075 -6075 -6075 -6075 -6075 -6075 -6075 -6075 -6075 -6075 -6075 -6075 -6075 -6075 -6075 -6075 -6075 -6075 -6075 -6075 4 -6075 -6075 -6075 -6075 -6075 -6075 -6075 -6075 -6075 -6075 -6075 -6075 -6075 -6075 -6075 -6075 -6075 -6075 -6075 -6075 -6075 -6075 -6075 -6075 -6075 -6075 -6075 -6075 -6075 -6075 -6075 -6075 -6075 -6075 -6075 -6075 -6075 -6075 -6075 -6075 -6075 -6075 -6075 -6075 -6075 -6075 -6075 -6075 -6075
3 2 2 2 2 2 2 2 2 2 2 2 2 2 2 2 2 2 2 2 2 2 2 2 2 2 2 2 2 2 2 2 2 2 2 2 2 2 2 2 2 2 2 2 2 2 2 2 -6075 -6075 -6075 -6075 -6075 -6075 -6075 -6075 -6075 -6075 -6075 -6075 -6075 -6075 -6075 -6075 -6075 -6075 -6075 -6075 -6075 -6075 -6075 -6075 -6075 -6075 4 -6075 -6075 -6075 -6075 -6075 -6075 -6075 -6075 -6075 -6075 -6075 -6075 -6075 -6075 -6075 -6075 -6075 -6075 -6075 -6075 -6075 -6075 -6075 -6075 -6075 -6075 -6075 -6075 -6075 -6075 -6075 -6075 -6075 -6075 -6075 -6075 -6075 -6075 -6075 -6075 -6075 -6075 -6075 -6075 -6075 -6075 -6075 -6075
3 2 2 2 2 2 2 2 2 2 2 2 2 2 2 2 2 2 2 2 2 2 2 2 2 2 2 2 2 2 2 2 2 2 2 2 2 2 2 2 2 2 2 2 2 2 2 -6075 -6075 -6075 -6075 -6075 -6075 -6075 -6075 -6075 -6075 -6075 -6075 -6075 -6075 -6075 -6075 -6075 -6075 -6075 -6075 -6075 -6075 -6075 -6075 -6075 -6075 -6075 4 -6075 -6075 -6075 -6075 -6075 -6075 -6075 -6075 -6075 -6075 -6075 -6075 -6075 -6075 -6075 -6075 -6075 -6075 -6075 -6075 -6075 -6075 -6075 -6075 -6075 -6075 -6075 -6075 -6075 -6075 -6075 -6075 -6075 -6075 -6075 -6075 -6075 -6075 -6075 -6075 -6075 -6075 -6075 -6075 -6075 -6075 -6075
3 2 2 2 2 2 2 2 2 2 2 2 2 2 2 2 2 2 2 2 2 2 2 2 2 2 2 2 2 2 2 2 2 2 2 2 2 2 2 2 2 2 2 2 2 2 -6075 -6075 -6075 -6075 -6075 -6075 -6075 -6075 -6075 -6075 -6075 -6075 -6075 -6075 -6075 -6075 -6075 -6075 -6075 -6075 -6075 -6075 -6075 -6075 -6075 -6075 -6075 -6075 4 -6075 -6075 -6075 -6075 -6075 -6075 -6075 -6075 -6075 -6075 -6075 -6075 -6075 -6075 -6075 -6075 -6075 -6075 -6075 -6075 -6075 -6075 -6075 -6075 -6075 -6075 -6075 -6075 -6075 -6075 -6075 -6075 -6075 -6075 -6075 -6075 -6075 -6075 -6075 -6075 -6075 -6075 -6075 -6075 -6075 -6075
3 2 2 2 2 2 2 2 2 2 2 2 2 2 2 2 2 2 2 2 2 2 2 2 2 2 2 2 2 2 2 2 2 2 2 2 2 2 2 2 2 2 2 2 2 -6075 -6075 -6075 -6075 -6075 -6075 -6075 -6075 -6075 -6075 -6075 -6075 -6075 -6075 -6075 -6075 -6075 -6075 -6075 -6075 -6075 -6075 -6075 -6075 -6075 -6075 -6075 -6075 -6075 4 -6075 -6075 -6075 -6075 -6075 -6075 -6075 -6075 -6075 -6075 -6075 -6075 -6075 -6075 -6075 -6075 -6075 -6075 -6075 -6075 -6075 -6075 -6075 -6075 -6075 -6075 -6075 -6075 -6075 -6075 -6075 -6075 -6075 -6075 -6075 -6075 -6075 -6075 -6075 -6075 -6075 -6075 -6075 -6075 -6075
3 2 2 2 2 2 2 2 2 2 2 2 2 2 2 2 2 2 2 2 2 2 2 2 2 2 2 2 2 2 2 2 2 2 2 2 2 2 2 2 2 2 2 2 -6075 -6075 -6075 -6075 -6075 -6075 -6075 -6075 -6075 -6075 -6075 -6075 -6075 -6075 -6075 -6075 -6075 -6075 -6075 -6075 -6075 -6075 -6075 -6075 -6075 -6075 -6075 -6075 -6075 -6075 4 -6075 -6075 -6075 -6075 -6075 -6075 -6075 -6075 -6075 -6075 -6075 -6075 -6075 -6075 -6075 -6075 -6075 -6075 -6075 -6075 -6075 -6075 -6075 -6075 -6075 -6075 -6075 -6075 -6075 -6075 -6075 -6075 -6075 -6075 -6075 -6075 -6075 -6075 -6075 -6075 -6075 -6075 -6075 -6075
3 2 2 2 2 2 2 2 2 2 2 2 2 2 2 2 2 2 2 2 2 2 2 2 2 2 2 2 2 2 2 2 2 2 2 2 2 2 2 2 2 2 2 -6075 -6075 -6075 -6075 -6075 -6075 -6075 -6075 -6075 -6075 -6075 -6075 -6075 -6075 -6075 -6075 -6075 -6075 -6075 -6075 -6075 -6075 -6075 -6075 -6075 -6075 -6075 -6075 -6075 -6075 -6075 4 -6075 -6075 -6075 -6075 -6075 -6075 -6075 -6075 -6075 -6075 -6075 -6075 -6075 -6075 -6075 -6075 -6075 -6075 -6075 -6075 -6075 -6075 -6075 -6075 -6075 -6075 -6075 -6075 -6075 -6075 -6075 -6075 -6075 -6075 -6075 -6075 -6075 -6075 -6075 -6075 -6075 -6075 -6075
3 2 2 2 2 2 2 2 2 2 2 2 2 2 2 2 2 2 2 2 2 2 2 2 2 2 2 2 2 2 2 2 2 2 2 2 2 2 2 2 2 2 -6075 -6075 -6075 -6075 -6075 -6075 -6075 -6075 -6075 -6075 -6075 -6075 -6075 -6075 -6075 -6075 -6075 -6075 -6075 -6075 -6075 -6075 -6075 -6075 -6075 -6075 -6075 -6075 -6075 -6075 -6075 -6075 4 -6075 -6075 -6075 -6075 -6075 -6075 -6075 -6075 -6075 -6075 -6075 -6075 -6075 -6075 -6075 -6075 -6075 -6075 -6075 -6075 -6075 -6075 -6075 -6075 -6075 -6075 -6075 -6075 -6075 -6075 -6075 -6075 -6075 -6075 -6075 -6075 -6075 -6075 -6075 -6075 -6075 -6075
3 2 2 2 2 2 2 2 2 2 2 2 2 2 2 2 2 2 2 2 2 2 2 2 2 2 2 2 2 2 2 2 2 2 2 2 2 2 2 2 2 -6075 -6075 -6075 -6075 -6075 -6075 -6075 -6075 -6075 -6075 -6075 -6075 -6075 -6075 -6075 -6075 -6075 -6075 -6075 -6075 -6075 -6075 -6075 -6075 -6075 -6075 -6075 -6075 -6075 -6075 -6075 -6075 -6075 4 -6075 -6075 -6075 -6075 -6075 -6075 -6075 -6075 -6075 -6075 -6075 -6075 -6075 -6075 -6075 -6075 -6075 -6075 -6075 -6075 -6075 -6075 -6075 -6075 -6075 -6075 -6075 -6075 -6075 -6075 -6075 -6075 -6075 -6075 -6075 -6075 -6075 -6075 -6075 -6075 -6075
3 2 2 2 2 2 2 2 2 2 2 2 2 2 2 2 2 2 2 2 2 2 2 2 2 2 2 2 2 2 2 2 2 2 2 2 2 2 2 2 -6075 -6075 -6075 -6075 -6075 -6075 -6075 -6075 -6075 -6075 -6075 -6075 -6075 -6075 -6075 -6075 -6075 -6075 -6075 -6075 -6075 -6075 -6075 -6075 -6075 -6075 -6075 -6075 -6075 -6075 -6075 -6075 -6075 -6075 4 -6075 -6075 -6075 -6075 -6075 -6075 -6075 -6075 -6075 -6075 -6075 -6075 -6075 -6075 -6075 -6075 -6075 -6075 -6075 -6075 -6075 -6075 -6075 -6075 -6075 -6075 -6075 -6075 -6075 -6075 -6075 -6075 -6075 -6075 -6075 -6075 -6075 -6075 -6075 -6075
3 2 2 2 2 2 2 2 2 2 2 2 2 2 2 2 2 2 2 2 2 2 2 2 2 2 2 2 2 2 2 2 2 2 2 2 2 2 2 -6075 -6075 -6075 -6075 -6075 -6075 -6075 -6075 -6075 -6075 -6075 -6075 -6075 -6075 -6075 -6075 -6075 -6075 -6075 -6075 -6075 -6075 -6075 -6075 -6075 -6075 -6075 -6075 -6075 -6075 -6075 -6075 -6075 -6075 -6075 4 -6075 -6075 -6075 -6075 -6075 -6075 -6075 -6075 -6075 -6075 -6075 -6075 -6075 -6075 -6075 -6075 -6075 -6075 -6075 -6075 -6075 -6075 -6075 -6075 -6075 -6075 -6075 -6075 -6075 -6075 -6075 -6075 -6075 -6075 -6075 -6075 -6075 -6075 -6075
3 2 2 2 2 2 2 2 2 2 2 2 2 2 2 2 2 2 2 2 2 2 2 2 2 2 2 2 2 2 2 2 2 2 2 2 2 2 -6075 -6075 -6075 -6075 -6075 -6075 -6075 -6075 -6075 -6075 -6075 -6075 -6075 -6075 -6075 -6075 -6075 -6075 -6075 -6075 -6075 -6075 -6075 -6075 -6075 -6075 -6075 -6075 -6075 -6075 -6075 -6075 -6075 -6075 -6075 -6075 4 -6075 -6075 -6075 -6075 -6075 -6075 -6075 -6075 -6075 -6075 -6075 -6075 -6075 -6075 -6075 -6075 -6075 -6075 -6075 -6075 -6075 -6075 -6075 -6075 -6075 -6075 -6075 -6075 -6075 -6075 -6075 -6075 -6075 -6075 -6075 -6075 -6075 -6075
3 2 2 2 2 2 2 2 2 2 2 2 2 2 2 2 2 2 2 2 2 2 2 2 2 2 2 2 2 2 2 2 2 2 2 2 2 -6075 -6075 -6075 -6075 -6075 -6075 -6075 -6075 -6075 -6075 -6075 -6075 -6075 -6075 -6075 -6075 -6075 -6075 -6075 -6075 -6075 -6075 -6075 -6075 -6075 -6075 -6075 -6075 -6075 -6075 -6075 -6075 -6075 -6075 -6075 -6075 -6075 4 -6075 -6075 -6075 -6075 -6075 -6075 -6075 -6075 -6075 -6075 -6075 -6075 -6075 -6075 -6075 -6075 -6075 -6075 -6075 -6075 -6075 -6075 -6075 -6075 -6075 -6075 -6075 -6075 -6075 -6075 -6075 -6075 -6075 -6075 -6075 -6075 -6075
3 2 2 2 2 2 2 2 2 2 2 2 2 2 2 2 2 2 2 2 2 2 2 2 2 2 2 2 2 2 2 2 2 2 2 2 -6075 -6075 -6075 -6075 -6075 -6075 -6075 -6075 -6075 -6075 -6075 -6075 -6075 -6075 -6075 -6075 -6075 -6075 -6075 -6075 -6075 -6075 -6075 -6075 -6075 -6075 -6075 -6075 -6075 -6075 -6075 -6075 -6075 -6075 -6075 -6075 -6075 -6075 4 -6075 -6075 -6075 -6075 -6075 -6075 -6075 -6075 -6075 -6075 -6075 -6075 -6075 -6075 -6075 -6075 -6075 -6075 -6075 -6075 -6075 -6075 -6075 -6075 -6075 -6075 -6075 -6075 -6075 -6075 -6075 -6075 -6075 -6075 -6075 -6075
3 2 2 2 2 2 2 2 2 2 2 2 2 2 2 2 2 2 2 2 2 2 2 2 2 2 2 2 2 2 2 2 2 2 2 -6075 -6075 -6075 -6075 -6075 -6075 -6075 -6075 -6075 -6075 -6075 -6075 -6075 -6075 -6075 -6075 -6075 -6075 -6075 -6075 -6075 -6075 -6075 -6075 -6075 -6075 -6075 -6075 -6075 -6075 -6075 -6075 -6075 -6075 -6075 -6075 -6075 -6075 -6075 4 -6075 -6075 -6075 -6075 -6075 -6075 -6075 -6075 -6075 -6075 -6075 -6075 -6075 -6075 -6075 -6075 -6075 -6075 -6075 -6075 -6075 -6075 -6075 -6075 -6075 -6075 -6075 -6075 -6075 -6075 -6075 -6075 -6075 -6075 -6075
3 2 2 2 2 2 2 2 2 2 2 2 2 2 2 2 2 2 2 2 2 2 2 2 2 2 2 2 2 2 2 2 2 2 -6075 -6075 -6075 -6075 -6075 -6075 -6075 -6075 -6075 -6075 -6075 -6075 -6075 -6075 -6075 -6075 -6075 -6075 -6075 -6075 -6075 -6075 -6075 -6075 -6075 -6075 -6075 -6075 -6075 -6075 -6075 -6075 -6075 -6075 -6075 -6075 -6075 -6075 -6075 -6075 4 -6075 -6075 -6075 -6075 -6075 -6075 -6075 -6075 -6075 -6075 -6075 -6075 -6075 -6075 -6075 -6075 -6075 -6075 -6075 -6075 -6075 -6075 -6075 -6075 -6075 -6075 -6075 -6075 -6075 -6075 -6075 -6075 -6075 -6075
3 2 2 2 2 2 2 2 2 2 2 2 2 2 2 2 2 2 2 2 2 2 2 2 2 2 2 2 2 2 2 2 2 -6075 -6075 -6075 -6075 -6075 -6075 -6075 -6075 -6075 -6075 -6075 -6075 -6075 -6075 -6075 -6075 -6075 -6075 -6075 -6075 -6075 -6075 -6075 -6075 -6075 -6075 -6075 -6075 -6075 -6075 -6075 -6075 -6075 -6075 -6075 -6075 -6075 -6075 -6075 -6075 -6075 4 -6075 -6075 -6075 -6075 -6075 -6075 -6075 -6075 -6075 -6075 -6075 -6075 -6075 -6075 -6075 -6075 -6075 -6075 -6075 -6075 -6075 -6075 -6075 -6075 -6075 -6075 -6075 -6075 -6075 -6075 -6075 -6075 -6075
3 2 2 2 2 2 2 2 2 2 2 2 2 2 2 2 2 2 2 2 2 2 2 2 2 2 2 2 2 2 2 2 -6075 -6075 -6075 -6075 -6075 -6075 -6075 -6075 -6075 -6075 -6075 -6075 -6075 -6075 -6075 -6075 -6075 -6075 -6075 -6075 -6075 -6075 -6075 -6075 -6075 -6075 -6075 -6075 -6075 -6075 -6075 -6075 -6075 -6075 -6075 -6075 -6075 -6075 -6075 -6075 -6075 -6075 4 -6075 -6075 -6075 -6075 -6075 -6075 -6075 -6075 -6075 -6075 -6075 -6075 -6075 -6075 -6075 -6075 -6075 -6075 -6075 -6075 -6075 -6075 -6075 -6075 -6075 -6075 -6075 -6075 -6075 -6075 -6075 -6075
3 2 2 2 2 2 2 2 2 2 2 2 2 2 2 2 2 2 2 2 2 2 2 2 2 2 2 2 2 2 2 -6075 -6075 -6075 -6075 -6075 -6075 -6075 -6075 -6075 -6075 -6075 -6075 -6075 -6075 -6075 -6075 -6075 -6075 -6075 -6075 -6075 -6075 -6075 -6075 -6075 -6075 -6075 -6075 -6075 -6075 -6075 -6075 -6075 -6075 -6075 -6075 -6075 -6075 -6075 -6075 -6075 -6075 -6075 4 -6075 -6075 -6075 -6075 -6075 -6075 -6075 -6075 -6075 -6075 -6075 -6075 -6075 -6075 -6075 -6075 -6075 -6075 -6075 -6075 -6075 -6075 -6075 -6075 -6075 -6075 -6075 -6075 -6075 -6075 -6075
3 2 2 2 2 2 2 2 2 2 2 2 2 2 2 2 2 2 2 2 2 2 2 2 2 2 2 2 2 2 -6075 -6075 -6075 -6075 -6075 -6075 -6075 -6075 -6075 -6075 -6075 -6075 -6075 -6075 -6075 -6075 -6075 -6075 -6075 -6075 -6075 -6075 -6075 -6075 -6075 -6075 -6075 -6075 -6075 -6075 -6075 -6075 -6075 -6075 -6075 -6075 -6075 -6075 -6075 -6075 -6075 -6075 -6075 -6075 4 -6075 -6075 -6075 -6075 -6075 -6075 -6075 -6075 -6075 -6075 -6075 -6075 -6075 -6075 -6075 -6075 -6075 -6075 -6075 -6075 -6075 -6075 -6075 -6075 -6075 -6075 -6075 -6075 -6075 -6075
3 2 2 2 2 2 2 2 2 2 2 2 2 2 2 2 2 2 2 2 2 2 2 2 2 2 2 2 2 -6075 -6075 -6075 -6075 -6075 -6075 -6075 -6075 -6075 -6075 -6075 -6075 -6075 -6075 -6075 -6075 -6075 -6075 -6075 -6075 -6075 -6075 -6075 -6075 -6075 -6075 -6075 -6075 -6075 -6075 -6075 -6075 -6075 -6075 -6075 -6075 -6075 -6075 -6075 -6075 -6075 -6075 -6075 -6075 -6075 4 -6075 -6075 -6075 -6075 -6075 -6075 -6075 -6075 -6075 -6075 -6075 -6075 -6075 -6075 -6075 -6075 -6075 -6075 -6075 -6075 -6075 -6075 -6075 -6075 -6075 -6075 -6075 -6075 -6075
3 2 2 2 2 2 2 2 2 2 2 2 2 2 2 2 2 2 2 2 2 2 2 2 2 2 2 2 -6075 -6075 -6075 -6075 -6075 -6075 -6075 -6075 -6075 -6075 -6075 -6075 -6075 -6075 -6075 -6075 -6075 -6075 -6075 -6075 -6075 -6075 -6075 -6075 -6075 -6075 -6075 -6075 -6075 -6075 -6075 -6075 -6075 -6075 -6075 -6075 -6075 -6075 -6075 -6075 -6075 -6075 -6075 -6075 -6075 -6075 4 -6075 -6075 -6075 -6075 -6075 -6075 -6075 -6075 -6075 -6075 -6075 -6075 -6075 -6075 -6075 -6075 -6075 -6075 -6075 -6075 -6075 -6075 -6075 -6075 -6075 -6075 -6075 -6075
3 2 2 2 2 2 2 2 2 2 2 2 2 2 2 2 2 2 2 2 2 2 2 2 2 2 2 -6075 -6075 -6075 -6075 -6075 -6075 -6075 -6075 -6075 -6075 -6075 -6075 -6075 -6075 -6075 -6075 -6075 -6075 -6075 -6075 -6075 -6075 -6075 -6075 -6075 -6075 -6075 -6075 -6075 -6075 -6075 -6075 -6075 -6075 -6075 -6075 -6075 -6075 -6075 -6075 -6075 -6075 -6075 -6075 -6075 -6075 -6075 4 -6075 -6075 -6075 -6075 -6075 -6075 -6075 -6075 -6075 -6075 -6075 -6075 -6075 -6075 -6075 -6075 -6075 -6075 -6075 -6075 -6075 -6075 -6075 -6075 -6075 -6075 -6075
3 2 2 2 2 2 2 2 2 2 2 2 2 2 2 2 2 2 2 2 2 2 2 2 2 2 -6075 -6075 -6075 -6075 -6075 -6075 -6075 -6075 -6075 -6075 -6075 -6075 -6075 -6075 -6075 -6075 -6075 -6075 -6075 -6075 -6075 -6075 -6075 -6075 -6075 -6075 -6075 -6075 -6075 -6075 -6075 -6075 -6075 -6075 -6075 -6075 -6075 -6075 -6075 -6075 -6075 -6075 -6075 -6075 -6075 -6075 -6075 -6075 4 -6075 -6075 -6075 -6075 -6075 -6075 -6075 -6075 -6075 -6075 -6075 -6075 -6075 -6075 -6075 -6075 -6075 -6075 -6075 -6075 -6075 -6075 -6075 -6075 -6075 -6075
3 2 2 2 2 2 2 2 2 2 2 2 2 2 2 2 2 2 2 2 2 2 2 2 2 -6075 -6075 -6075 -6075 -6075 -6075 -6075 -6075 -6075 -6075 -6075 -6075 -6075 -6075 -6075 -6075 -6075 -6075 -6075 -6075 -6075 -6075 -6075 -6075 -6075 -6075 -6075 -6075 -6075 -6075 -6075 -6075 -6075 -6075 -6075 -6075 -6075 -6075 -6075 -6075 -6075 -6075 -6075 -6075 -6075 -6075 -6075 -6075 -6075 4 -6075 -6075 -6075 -6075 -6075 -6075 -6075 -6075 -6075 -6075 -6075 -6075 -6075 -6075 -6075 -6075 -6075 -6075 -6075 -6075 -6075 -6075 -6075 -6075 -6075
3 2 2 2 2 2 2 2 2 2 2 2 2 2 2 2 2 2 2 2 2 2 2 2 -6075 -6075 -6075 -6075 -6075 -6075 -6075 -6075 -6075 -6075 -6075 -6075 -6075 -6075 -6075 -6075 -6075 -6075 -6075 -6075 -6075 -6075 -6075 -6075 -6075 -6075 -6075 -6075 -6075 -6075 -6075 -6075 -6075 -6075 -6075 -6075 -6075 -6075 -6075 -6075 -6075 -6075 -6075 -6075 -6075 -6075 -6075 -6075 -6075 -6075 4 -6075 -6075 -6075 -6075 -6075 -6075 -6075 -6075 -6075 -6075 -6075 -6075 -6075 -6075 -6075 -6075 -6075 -6075 -6075 -6075 -6075 -6075 -6075 -6075
3 2 2 2 2 2 2 2 2 2 2 2 2 2 2 2 2 2 2 2 2 2 2 -6075 -6075 -6075 -6075 -6075 -6075 -6075 -6075 -6075 -6075 -6075 -6075 -6075 -6075 -6075 -6075 -6075 -6075 -6075 -6075 -6075 -6075 -6075 -6075 -6075 -6075 -6075 -6075 -6075 -6075 -6075 -6075 -6075 -6075 -6075 -6075 -6075 -6075 -6075 -6075 -6075 -6075 -6075 -6075 -6075 -6075 -6075 -6075 -6075 -6075 -6075 4 -6075 -6075 -6075 -6075 -6075 -6075 -6075 -6075 -6075 -6075 -6075 -6075 -6075 -6075 -6075 -6075 -6075 -6075 -6075 -6075 -6075 -6075 -6075
3 2 2 2 2 2 2 2 2 2 2 2 2 2 2 2 2 2 2 2 2 2 -6075 -6075 -6075 -6075 -6075 -6075 -6075 -6075 -6075 -6075 -6075 -6075 -6075 -6075 -6075 -6075 -6075 -6075 -6075 -6075 -6075 -6075 -6075 -6075 -6075 -6075 -6075 -6075 -6075 -6075 -6075 -6075 -6075 -6075 -6075 -6075 -6075 -6075 -6075 -6075 -6075 -6075 -6075 -6075 -6075 -6075 -6075 -6075 -6075 -6075 -6075 -6075 4 -6075 -6075 -6075 -6075 -6075 -6075 -6075 -6075 -6075 -6075 -6075 -6075 -6075 -6075 -6075 -6075 -6075 -6075 -6075 -6075 -6075 -6075
3 2 2 2 2 2 2 2 2 2 2 2 2 2 2 2 2 2 2 2 2 -6075 -6075 -6075 -6075 -6075 -6075 -6075 -6075 -6075 -6075 -6075 -6075 -6075 -6075 -6075 -6075 -6075 -6075 -6075 -6075 -6075 -6075 -6075 -6075 -6075 -6075 -6075 -6075 -6075 -6075 -6075 -6075 -6075 -6075 -6075 -6075 -6075 -6075 -6075 -6075 -6075 -6075 -6075 -6075 -6075 -6075 -6075 -6075 -6075 -6075 -6075 -6075 -6075 4 -6075 -6075 -6075 -6075 -6075 -6075 -6075 -6075 -6075 -6075 -6075 -6075 -6075 -6075 -6075 -6075 -6075 -6075 -6075 -6075 -6075
3 2 2 2 2 2 2 2 2 2 2 2 2 2 2 2 2 2 2 2 -6075 -6075 -6075 -6075 -6075 -6075 -6075 -6075 -6075 -6075 -6075 -6075 -6075 -6075 -6075 -6075 -6075 -6075 -6075 -6075 -6075 -6075 -6075 -6075 -6075 -6075 -6075 -6075 -6075 -6075 -6075 -6075 -6075 -6075 -6075 -6075 -6075 -6075 -6075 -6075 -6075 -6075 -6075 -6075 -6075 -6075 -6075 -6075 -6075 -6075 -6075 -6075 -6075 -6075 4 -6075 -6075 -6075 -6075 -6075 -6075 -6075 -6075 -6075 -6075 -6075 -6075 -6075 -6075 -6075 -6075 -6075 -6075 -6075 -6075
3 2 2 2 2 2 2 2 2 2 2 2 2 2 2 2 2 2 2 -6075 -6075 -6075 -6075 -6075 -6075 -6075 -6075 -6075 -6075 -6075 -6075 -6075 -6075 -6075 -6075 -6075 -6075 -6075 -6075 -6075 -6075 -6075 -6075 -6075 -6075 -6075 -6075 -6075 -6075 -6075 -6075 -6075 -6075 -6075 -6075 -6075 -6075 -6075 -6075 -6075 -6075 -6075 -6075 -6075 -6075 -6075 -6075 -6075 -6075 -6075 -6075 -6075 -6075 -6075 4 -6075 -6075 -6075 -6075 -6075 -6075 -6075 -6075 -6075 -6075 -6075 -6075 -6075 -6075 -6075 -6075 -6075 -6075 -6075
3 2 2 2 2 2 2 2 2 2 2 2 2 2 2 2 2 2 -6075 -6075 -6075 -6075 -6075 -6075 -6075 -6075 -6075 -6075 -6075 -6075 -6075 -6075 -6075 -6075 -6075 -6075 -6075 -6075 -6075 -6075 -6075 -6075 -6075 -6075 -6075 -6075 -6075 -6075 -6075 -6075 -6075 -6075 -6075 -6075 -6075 -6075 -6075 -6075 -6075 -6075 -6075 -6075 -6075 -6075 -6075 -6075 -6075 -6075 -6075 -6075 -6075 -6075 -6075 -6075 4 -6075 -6075 -6075 -6075 -6075 -6075 -6075 -6075 -6075 -6075 -6075 -6075 -6075 -6075 -6075 -6075 -6075 -6075
3 2 2 2 2 2 2 2 2 2 2 2 2 2 2 2 2 -6075 -6075 -6075 -6075 -6075 -6075 -6075 -6075 -6075 -6075 -6075 -6075 -6075 -6075 -6075 -6075 -6075 -6075 -6075 -6075 -6075 -6075 -6075 -6075 -6075 -6075 -6075 -6075 -6075 -6075 -6075 -6075 -6075 -6075 -6075 -6075 -6075 -6075 -6075 -6075 -6075 -6075 -6075 -6075 -6075 -6075 -6075 -6075 -6075 -6075 -6075 -6075 -6075 -6075 -6075 -6075 -6075 4 -6075 -6075 -6075 -6075 -6075 -6075 -6075 -6075 -6075 -6075 -6075 -6075 -6075 -6075 -6075 -6075 -6075
3 2 2 2 2 2 2 2 2 2 2 2 2 2 2 2 -6075 -6075 -6075 -6075 -6075 -6075 -6075 -6075 -6075 -6075 -6075 -6075 -6075 -6075 -6075 -6075 -6075 -6075 -6075 -6075 -6075 -6075 -6075 -6075 -6075 -6075 -6075 -6075 -6075 -6075 -6075 -6075 -6075 -6075 -6075 -6075 -6075 -6075 -6075 -6075 -6075 -6075 -6075 -6075 -6075 -6075 -6075 -6075 -6075 -6075 -6075 -6075 -6075 -6075 -6075 -6075 -6075 -6075 4 -6075 -6075 -6075 -6075 -6075 -6075 -6075 -6075 -6075 -6075 -6075 -6075 -6075 -6075 -6075 -6075
3 2 2 2 2 2 2 2 2 2 2 2 2 2 2 -6075 -6075 -6075 -6075 -6075 -6075 -6075 -6075 -6075 -6075 -6075 -6075 -6075 -6075 -6075 -6075 -6075 -6075 -6075 -6075 -6075 -6075 -6075 -6075 -6075 -6075 -6075 -6075 -6075 -6075 -6075 -6075 -6075 -6075 -6075 -6075 -6075 -6075 -6075 -6075 -6075 -6075 -6075 -6075 -6075 -6075 -6075 -6075 -6075 -6075 -6075 -6075 -6075 -6075 -6075 -6075 -6075 -6075 -6075 4 -6075 -6075 -6075 -6075 -6075 -6075 -6075 -6075 -6075 -6075 -6075 -6075 -6075 -6075 -6075
3 2 2 2 2 2 2 2 2 2 2 2 2 2 -6075 -6075 -6075 -6075 -6075 -6075 -6075 -6075 -6075 -6075 -6075 -6075 -6075 -6075 -6075 -6075 -6075 -6075 -6075 -6075 -6075 -6075 -6075 -6075 -6075 -6075 -6075 -6075 -6075 -6075 -6075 -6075 -6075 -6075 -6075 -6075 -6075 -6075 -6075 -6075 -6075 -6075 -6075 -6075 -6075 -6075 -6075 -6075 -6075 -6075 -6075 -6075 -6075 -6075 -6075 -6075 -6075 -6075 -6075 -6075 4 -6075 -6075 -6075 -6075 -6075 -6075 -6075 -6075 -6075 -6075 -6075 -6075 -6075 -6075
3 2 2 2 2 2 2 2 2 2 2 2 2 -6075 -6075 -6075 -6075 -6075 -6075 -6075 -6075 -6075 -6075 -6075 -6075 -6075 -6075 -6075 -6075 -6075 -6075 -6075 -6075 -6075 -6075 -6075 -6075 -6075 -6075 -6075 -6075 -6075 -6075 -6075 -6075 -6075 -6075 -6075 -6075 -6075 -6075 -6075 -6075 -6075 -6075 -6075 -6075 -6075 -6075 -6075 -6075 -6075 -6075 -6075 -6075 -6075 -6075 -6075 -6075 -6075 -6075 -6075 -6075 -6075 4 -6075 -6075 -6075 -6075 -6075 -6075 -6075 -6075 -6075 -6075 -6075 -6075 -6075
3 2 2 2 2 2 2 2 2 2 2 2 -6075 -6075 -6075 -6075 -6075 -6075 -6075 -6075 -6075 -6075 -6075 -6075 -6075 -6075 -6075 -6075 -6075 -6075 -6075 -6075 -6075 -6075 -6075 -6075 -6075 -6075 -6075 -6075 -6075 -6075 -6075 -6075 -6075 -6075 -6075 -6075 -6075 -6075 -6075 -6075 -6075 -6075 -6075 -6075 -6075 -6075 -6075 -6075 -6075 -6075 -6075 -6075 -6075 -6075 -6075 -6075 -6075 -6075 -6075 -6075 -6075 -6075 4 -6075 -6075 -6075 -6075 -6075 -6075 -6075 -6075 -6075 -6075 -6075 -6075
3 2 2 2 2 2 2 2 2 2 2 -6075 -6075 -6075 -6075 -6075 -6075 -6075 -6075 -6075 -6075 -6075 -6075 -6075 -6075 -6075 -6075 -6075 -6075 -6075 -6075 -6075 -6075 -6075 -6075 -6075 -6075 -6075 -6075 -6075 -6075 -6075 -6075 -6075 -6075 -6075 -6075 -6075 -6075 -6075 -6075 -6075 -6075 -6075 -6075 -6075 -6075 -6075 -6075 -6075 -6075 -6075 -6075 -6075 -6075 -6075 -6075 -6075 -6075 -6075 -6075 -6075 -6075 -6075 4 -6075 -6075 -6075 -6075 -6075 -6075 -6075 -6075 -6075 -6075 -6075
3 2 2 2 2 2 2 2 2 2 -6075 -6075 -6075 -6075 -6075 -6075 -6075 -6075 -6075 -6075 -6075 -6075 -6075 -6075 -6075 -6075 -6075 -6075 -6075 -6075 -6075 -6075 -6075 -6075 -6075 -6075 -6075 -6075 -6075 -6075 -6075 -6075 -6075 -6075 -6075 -6075 -6075 -6075 -6075 -6075 -6075 -6075 -6075 -6075 -6075 -6075 -6075 -6075 -6075 -6075 -6075 -6075 -6075 -6075 -6075 -6075 -6075 -6075 -6075 -6075 -6075 -6075 -6075 -6075 4 -6075 -6075 -6075 -6075 -6075 -6075 -6075 -6075 -6075 -6075
3 2 2 2 2 2 2 2 2 -6075 -6075 -6075 -6075 -6075 -6075 -6075 -6075 -6075 -6075 -6075 -6075 -6075 -6075 -6075 -6075 -6075 -6075 -6075 -6075 -6075 -6075 -6075 -6075 -6075 -6075 -6075 -6075 -6075 -6075 -6075 -6075 -6075 -6075 -6075 -6075 -6075 -6075 -6075 -6075 -6075 -6075 -6075 -6075 -6075 -6075 -6075 -6075 -6075 -6075 -6075 -6075 -6075 -6075 -6075 -6075 -6075 -6075 -6075 -6075 -6075 -6075 -6075 -6075 -6075 4 -6075 -6075 -6075 -6075 -6075 -6075 -6075 -6075 -6075
3 2 2 2 2 2 2 2 -6075 -6075 -6075 -6075 -6075 -6075 -6075 -6075 -6075 -6075 -6075 -6075 -6075 -6075 -6075 -6075 -6075 -6075 -6075 -6075 -6075 -6075 -6075 -6075 -6075 -6075 -6075 -6075 -6075 -6075 -6075 -6075 -6075 -6075 -6075 -6075 -6075 -6075 -6075 -6075 -6075 -6075 -6075 -6075 -6075 -6075 -6075 -6075 -6075 -6075 -6075 -6075 -6075 -6075 -6075 -6075 -6075 -6075 -6075 -6075 -6075 -6075 -6075 -6075 -6075 -6075 4 -6075 -6075 -6075 -6075 -6075 -6075 -6075 -6075
3 2 2 2 2 2 2 -6075 -6075 -6075 -6075 -6075 -6075 -6075 -6075 -6075 -6075 -6075 -6075 -6075 -6075 -6075 -6075 -6075 -6075 -6075 -6075 -6075 -6075 -6075 -6075 -6075 -6075 -6075 -6075 -6075 -6075 -6075 -6075 -6075 -6075 -6075 -6075 -6075 -6075 -6075 -6075 -6075 -6075 -6075 -6075 -6075 -6075 -6075 -6075 -6075 -6075 -6075 -6075 -6075 -6075 -6075 -6075 -6075 -6075 -6075 -6075 -6075 -6075 -6075 -6075 -6075 -6075 -6075 4 -6075 -6075 -6075 -6075 -6075 -6075 -6075
3 2 2 2 2 2 -6075 -6075 -6075 -6075 -6075 -6075 -6075 -6075 -6075 -6075 -6075 -6075 -6075 -6075 -6075 -6075 -6075 -6075 -6075 -6075 -6075 -6075 -6075 -6075 -6075 -6075 -6075 -6075 -6075 -6075 -6075 -6075 -6075 -6075 -6075 -6075 -6075 -6075 -6075 -6075 -6075 -6075 -6075 -6075 -6075 -6075 -6075 -6075 -6075 -6075 -6075 -6075 -6075 -6075 -6075 -6075 -6075 -6075 -6075 -6075 -6075 -6075 -6075 -6075 -6075 -6075 -6075 -6075 4 -6075 -6075 -6075 -6075 -6075 -6075
3 2 2 2 2 -6075 -6075 -6075 -6075 -6075 -6075 -6075 -6075 -6075 -6075 -6075 -6075 -6075 -6075 -6075 -6075 -6075 -6075 -6075 -6075 -6075 -6075 -6075 -6075 -6075 -6075 -6075 -6075 -6075 -6075 -6075 -6075 -6075 -6075 -6075 -6075 -6075 -6075 -6075 -6075 -6075 -6075 -6075 -6075 -6075 -6075 -6075 -6075 -6075 -6075 -6075 -6075 -6075 -6075 -6075 -6075 -6075 -6075 -6075 -6075 -6075 -6075 -6075 -6075 -6075 -6075 -6075 -6075 -6075 4 -6075 -6075 -6075 -6075 -6075
3 2 2 2 -6075 -6075 -6075 -6075 -6075 -6075 -6075 -6075 -6075 -6075 -6075 -6075 -6075 -6075 -6075 -6075 -6075 -6075 -6075 -6075 -6075 -6075 -6075 -6075 -6075 -6075 -6075 -6075 -6075 -6075 -6075 -6075 -6075 -6075 -6075 -6075 -6075 -6075 -6075 -6075 -6075 -6075 -6075 -6075 -6075 -6075 -6075 -6075 -6075 -6075 -6075 -6075 -6075 -6075 -6075 -6075 -6075 -6075 -6075 -6075 -6075 -6075 -6075 -6075 -6075 -6075 -6075 -6075 -6075 -6075 4 -6075 -6075 -6075 -6075
3 2 2 -6075 -6075 -6075 -6075 -6075 -6075 -6075 -6075 -6075 -6075 -6075 -6075 -6075 -6075 -6075 -6075 -6075 -6075 -6075 -6075 -6075 -6075 -6075 -6075 -6075 -6075 -6075 -6075 -6075 -6075 -6075 -6075 -6075 -6075 -6075 -6075 -6075 -6075 -6075 -6075 -6075 -6075 -6075 -6075 -6075 -6075 -6075 -6075 -6075 -6075 -6075 -6075 -6075 -6075 -6075 -6075 -6075 -6075 -6075 -6075 -6075 -6075 -6075 -6075 -6075 -6075 -6075 -6075 -6075 -6075 -6075 4 -6075 -6075 -6075
3 2 -6075 -6075 -6075 -6075 -6075 -6075 -6075 -6075 -6075 -6075 -6075 -6075 -6075 -6075 -6075 -6075 -6075 -6075 -6075 -6075 -6075 -6075 -6075 -6075 -6075 -6075 -6075 -6075 -6075 -6075 -6075 -6075 -6075 -6075 -6075 -6075 -6075 -6075 -6075 -6075 -6075 -6075 -6075 -6075 -6075 -6075 -6075 -6075 -6075 -6075 -6075 -6075 -6075 -6075 -6075 -6075 -6075 -6075 -6075 -6075 -6075 -6075 -6075 -6075 -6075 -6075 -6075 -6075 -6075 -6075 -6075 -6075 4 -6075 -6075
3 -6075 -6075 -6075 -6075 -6075 -6075 -6075 -6075 -6075 -6075 -6075 -6075 -6075 -6075 -6075 -6075 -6075 -6075 -6075 -6075 -6075 -6075 -6075 -6075 -6075 -6075 -6075 -6075 -6075 -6075 -6075 -6075 -6075 -6075 -6075 -6075 -6075 -6075 -6075 -6075 -6075 -6075 -6075 -6075 -6075 -6075 -6075 -6075 -6075 -6075 -6075 -6075 -6075 -6075 -6075 -6075 -6075 -6075 -6075 -6075 -6075 -6075 -6075 -6075 -6075 -6075 -6075 -6075 -6075 -6075 -6075 -6075 -6075 4 -6075
-6075 -6075 -6075 -6075 -6075 -6075 -6075 -6075 -6075 -6075 -6075 -6075 -6075 -6075 -6075 -6075 -6075 -6075 -6075 -6075 -6075 -6075 -6075 -6075 -6075 -6075 -6075 -6075 -6075 -6075 -6075 -6075 -6075 -6075 -6075 -6075 -6075 -6075 -6075 -6075 -6075 -6075 -6075 -6075 -6075 -6075 -6075 -6075 -6075 -6075 -6075 -6075 -6075 -6075 -6075 -6075 -6075 -6075 -6075 -6075 -6075 -6075 -6075 -6075 -6075 -6075 -6075 -6075 -6075 -6075 -6075 -6075 -6075 -6075 4
-6075 -6075 -6075 -6075 -6075 -6075 -6075 -6075 -6075 -6075 -6075 -6075 -6075 -6075 -6075 -6075 -6075 -6075 -6075 -6075 -6075 -6075 -6075 -6075 -6075 -6075 -6075 -6075 -6075 -6075 -6075 -6075 -6075 -6075 -6075 -6075 -6075 -6075 -6075 -6075 -6075 -6075 -6075 -6075 -6075 -6075 -6075 -6075 -6075 -6075 -6075 -6075 -6075 -6075 -6075 -6075 -6075 -6075 -6075 -6075 -6075 -6075 -6075 -6075 -6075 -6075 -6075 -6075 -6075 -6075 -6075 -6075 -6075 -6075
-6075 -6075 -6075 -6075 -6075 -6075 -6075 -6075 -6075 -6075 -6075 -6075 -6075 -6075 -6075 -6075 -6075 -6075 -6075 -6075 -6075 -6075 -6075 -6075 -6075 -6075 -6075 -6075 -6075 -6075 -6075 -6075 -6075 -6075 -6075 -6075 -6075 -6075 -6075 -6075 -6075 -6075 -6075 -6075 -6075 -6075 -6075 -6075 -6075 -6075 -6075 -6075 -6075 -6075 -6075 -6075 -6075 -6075 -6075 -6075 -6075 -6075 -6075 -6075 -6075 -6075 -6075 -6075 -6075 -6075 -6075 -6075 -6075
-6075 -6075 -6075 -6075 -6075 -6075 -6075 -6075 -6075 -6075 -6075 -6075 -6075 -6075 -6075 -6075 -6075 -6075 -6075 -6075 -6075 -6075 -6075 -6075 -6075 -6075 -6075 -6075 -6075 -6075 -6075 -6075 -6075 -6075 -6075 -6075 -6075 -6075 -6075 -6075 -6075 -6075 -6075 -6075 -6075 -6075 -6075 -6075 -6075 -6075 -6075 -6075 -6075 -6075 -6075 -6075 -6075 -6075 -6075 -6075 -6075 -6075 -6075 -6075 -6075 -6075 -6075 -6075 -6075 -6075 -6075 -6075
-6075 -6075 -6075 -6075 -6075 -6075 -6075 -6075 -6075 -6075 -6075 -6075 -6075 -6075 -6075 -6075 -6075 -6075 -6075 -6075 -6075 -6075 -6075 -6075 -6075 -6075 -6075 -6075 -6075 -6075 -6075 -6075 -6075 -6075 -6075 -6075 -6075 -6075 -6075 -6075 -6075 -6075 -6075 -6075 -6075 -6075 -6075 -6075 -6075 -6075 -6075 -6075 -6075 -6075 -6075 -6075 -6075 -6075 -6075 -6075 -6075 -6075 -6075 -6075 -6075 -6075 -6075 -6075 -6075 -6075 -6075
-6075 -6075 -6075 -6075 -6075 -6075 -6075 -6075 -6075 -6075 -6075 -6075 -6075 -6075 -6075 -6075 -6075 -6075 -6075 -6075 -6075 -6075 -6075 -6075 -6075 -6075 -6075 -6075 -6075 -6075 -6075 -6075 -6075 -6075 -6075 -6075 -6075 -6075 -6075 -6075 -6075 -6075 -6075 -6075 -6075 -6075 -6075 -6075 -6075 -6075 -6075 -6075 -6075 -6075 -6075 -6075 -6075 -6075 -6075 -6075 -6075 -6075 -6075 -6075 -6075 -6075 -6075 -6075 -6075 -6075
-6075 -6075 -6075 -6075 -6075 -6075 -6075 -6075 -6075 -6075 -6075 -6075 -6075 -6075 -6075 -6075 -6075 -6075 -6075 -6075 -6075 -6075 -6075 -6075 -6075 -6075 -6075 -6075 -6075 -6075 -6075 -6075 -6075 -6075 -6075 -6075 -6075 -6075 -6075 -6075 -6075 -6075 -6075 -6075 -6075 -6075 -6075 -6075 -6075 -6075 -6075 -6075 -6075 -6075 -6075 -6075 -6075 -6075 -6075 -6075 -6075 -6075 -6075 -6075 -6075 -6075 -6075 -6075 -6075
-6075 -6075 -6075 -6075 -6075 -6075 -6075 -6075 -6075 -6075 -6075 -6075 -6075 -6075 -6075 -6075 -6075 -6075 -6075 -6075 -6075 -6075 -6075 -6075 -6075 -6075 -6075 -6075 -6075 -6075 -6075 -6075 -6075 -6075 -6075 -6075 -6075 -6075 -6075 -6075 -6075 -6075 -6075 -6075 -6075 -6075 -6075 -6075 -6075 -6075 -6075 -6075 -6075 -6075 -6075 -6075 -6075 -6075 -6075 -6075 -6075 -6075 -6075 -6075 -6075 -6075 -6075 -6075
-6075 -6075 -6075 -6075 -6075 -6075 -6075 -6075 -6075 -6075 -6075 -6075 -6075 -6075 -6075 -6075 -6075 -6075 -6075 -6075 -6075 -6075 -6075 -6075 -6075 -6075 -6075 -6075 -6075 -6075 -6075 -6075 -6075 -6075 -6075 -6075 -6075 -6075 -6075 -6075 -6075 -6075 -6075 -6075 -6075 -6075 -6075 -6075 -6075 -6075 -6075 -6075 -6075 -6075 -6075 -6075 -6075 -6075 -6075 -6075 -6075 -6075 -6075 -6075 -6075 -6075 -6075
-6075 -6075 -6075 -6075 -6075 -6075 -6075 -6075 -6075 -6075 -6075 -6075 -6075 -6075 -6075 -6075 -6075 -6075 -6075 -6075 -6075 -6075 -6075 -6075 -6075 -6075 -6075 -6075 -6075 -6075 -6075 -6075 -6075 -6075 -6075 -6075 -6075 -6075 -6075 -6075 -6075 -6075 -6075 -6075 -6075 -6075 -6075 -6075 -6075 -6075 -6075 -6075 -6075 -6075 -6075 -6075 -6075 -6075 -6075 -6075 -6075 -6075 -6075 -6075 -6075 -6075
-6075 -6075 -6075 -6075 -6075 -6075 -6075 -6075 -6075 -6075 -6075 -6075 -6075 -6075 -6075 -6075 -6075 -6075 -6075 -6075 -6075 -6075 -6075 -6075 -6075 -6075 -6075 -6075 -6075 -6075 -6075 -6075 -6075 -6075 -6075 -6075 -6075 -6075 -6075 -6075 -6075 -6075 -6075 -6075 -6075 -6075 -6075 -6075 -6075 -6075 -6075 -6075 -6075 -6075 -6075 -6075 -6075 -6075 -6075 -6075 -6075 -6075 -6075 -6075 -6075
-6075 -6075 -6075 -6075 -6075 -6075 -6075 -6075 -6075 -6075 -6075 -6075 -6075 -6075 -6075 -6075 -6075 -6075 -6075 -6075 -6075 -6075 -6075 -6075 -6075 -6075 -6075 -6075 -6075 -6075 -6075 -6075 -6075 -6075 -6075 -6075 -6075 -6075 -6075 -6075 -6075 -6075 -6075 -6075 -6075 -6075 -6075 -6075 -6075 -6075 -6075 -6075 -6075 -6075 -6075 -6075 -6075 -6075 -6075 -6075 -6075 -6075 -6075 -6075
-6075 -6075 -6075 -6075 -6075 -6075 -6075 -6075 -6075 -6075 -6075 -6075 -6075 -6075 -6075 -6075 -6075 -6075 -6075 -6075 -6075 -6075 -6075 -6075 -6075 -6075 -6075 -6075 -6075 -6075 -6075 -6075 -6075 -6075 -6075 -6075 -6075 -6075 -6075 -6075 -6075 -6075 -6075 -6075 -6075 -6075 -6075 -6075 -6075 -6075 -6075 -6075 -6075 -6075 -6075 -6075 -6075 -6075 -6075 -6075 -6075 -6075 -6075
-6075 -6075 -6075 -6075 -6075 -6075 -6075 -6075 -6075 -6075 -6075 -6075 -6075 -6075 -6075 -6075 -6075 -6075 -6075 -6075 -6075 -6075 -6075 -6075 -6075 -6075 -6075 -6075 -6075 -6075 -6075 -6075 -6075 -6075 -6075 -6075 -6075 -6075 -6075 -6075 -6075 -6075 -6075 -6075 -6075 -6075 -6075 -6075 -6075 -6075 -6075 -6075 -6075 -6075 -6075 -6075 -6075 -6075 -6075 -6075 -6075 -6075
-6075 -6075 -6075 -6075 -6075 -6075 -6075 -6075 -6075 -6075 -6075 -6075 -6075 -6075 -6075 -6075 -6075 -6075 -6075 -6075 -6075 -6075 -6075 -6075 -6075 -6075 -6075 -6075 -6075 -6075 -6075 -6075 -6075 -6075 -6075 -6075 -6075 -6075 -6075 -6075 -6075 -6075 -6075 -6075 -6075 -6075 -6075 -6075 -6075 -6075 -6075 -6075 -6075 -6075 -6075 -6075 -6075 -6075 -6075 -6075 -6075
-6075 -6075 -6075 -6075 -6075 -6075 -6075 -6075 -6075 -6075 -6075 -6075 -6075 -6075 -6075 -6075 -6075 -6075 -6075 -6075 -6075 -6075 -6075 -6075 -6075 -6075 -6075 -6075 -6075 -6075 -6075 -6075 -6075 -6075 -6075 -6075 -6075 -6075 -6075 -6075 -6075 -6075 -6075 -6075 -6075 -6075 -6075 -6075 -6075 -6075 -6075 -6075 -6075 -6075 -6075 -6075 -6075 -6075 -6075 -6075
-6075 -6075 -6075 -6075 -6075 -6075 -6075 -6075 -6075 -6075 -6075 -6075 -6075 -6075 -6075 -6075 -6075 -6075 -6075 -6075 -6075 -6075 -6075 -6075 -6075 -6075 -6075 -6075 -6075 -6075 -6075 -6075 -6075 -6075 -6075 -6075 -6075 -6075 -6075 -6075 -6075 -6075 -6075 -6075 -6075 -6075 -6075 -6075 -6075 -6075 -6075 -6075 -6075 -6075 -6075 -6075 -6075 -6075 -6075
-6075 -6075 -6075 -6075 -6075 -6075 -6075 -6075 -6075 -6075 -6075 -6075 -6075 -6075 -6075 -6075 -6075 -6075 -6075 -6075 -6075 -6075 -6075 -6075 -6075 -6075 -6075 -6075 -6075 -6075 -6075 -6075 -6075 -6075 -6075 -6075 -6075 -6075 -6075 -6075 -6075 -6075 -6075 -6075 -6075 -6075 -6075 -6075 -6075 -6075 -6075 -6075 -6075 -6075 -6075 -6075 -6075 -6075
-6075 -6075 -6075 -6075 -6075 -6075 -6075 -6075 -6075 -6075 -6075 -6075 -6075 -6075 -6075 -6075 -6075 -6075 -6075 -6075 -6075 -6075 -6075 -6075 -6075 -6075 -6075 -6075 -6075 -6075 -6075 -6075 -6075 -6075 -6075 -6075 -6075 -6075 -6075 -6075 -6075 -6075 -6075 -6075 -6075 -6075 -6075 -6075 -6075 -6075 -6075 -6075 -6075 -6075 -6075 -6075 -6075
-6075 -6075 -6075 -6075 -6075 -6075 -6075 -6075 -6075 -6075 -6075 -6075 -6075 -6075 -6075 -6075 -6075 -6075 -6075 -6075 -6075 -6075 -6075 -6075 -6075 -6075 -6075 -6075 -6075 -6075 -6075 -6075 -6075 -6075 -6075 -6075 -6075 -6075 -6075 -6075 -6075 -6075 -6075 -6075 -6075 -6075 -6075 -6075 -6075 -6075 -6075 -6075 -6075 -6075 -6075 -6075
-6075 -6075 -6075 -6075 -6075 -6075 -6075 -6075 -6075 -6075 -6075 -6075 -6075 -6075 -6075 -6075 -6075 -6075 -6075 -6075 -6075 -6075 -6075 -6075 -6075 -6075 -6075 -6075 -6075 -6075 -6075 -6075 -6075 -6075 -6075 -6075 -6075 -6075 -6075 -6075 -6075 -6075 -6075 -6075 -6075 -6075 -6075 -6075 -6075 -6075 -6075 -6075 -6075 -6075 -6075
-6075 -6075 -6075 -6075 -6075 -6075 -6075 -6075 -6075 -6075 -6075 -6075 -6075 -6075 -6075 -6075 -6075 -6075 -6075 -6075 -6075 -6075 -6075 -6075 -6075 -6075 -6075 -6075 -6075 -6075 -6075 -6075 -6075 -6075 -6075 -6075 -6075 -6075 -6075 -6075 -6075 -6075 -6075 -6075 -6075 -6075 -6075 -6075 -6075 -6075 -6075 -6075 -6075 -6075
-6075 -6075 -6075 -6075 -6075 -6075 -6075 -6075 -6075 -6075 -6075 -6075 -6075 -6075 -6075 -6075 -6075 -6075 -6075 -6075 -6075 -6075 -6075 -6075 -6075 -6075 -6075 -6075 -6075 -6075 -6075 -6075 -6075 -6075 -6075 -6075 -6075 -6075 -6075 -6075 -6075 -6075 -6075 -6075 -6075 -6075 -6075 -6075 -6075 -6075 -6075 -6075 -6075
-6075 -6075 -6075 -6075 -6075 -6075 -6075 -6075 -6075 -6075 -6075 -6075 -6075 -6075 -6075 -6075 -6075 -6075 -6075 -6075 -6075 -6075 -6075 -6075 -6075 -6075 -6075 -6075 -6075 -6075 -6075 -6075 -6075 -6075 -6075 -6075 -6075 -6075 -6075 -6075 -6075 -6075 -6075 -6075 -6075 -6075 -6075 -6075 -6075 -6075 -6075 -6075
-6075 -6075 -6075 -6075 -6075 -6075 -6075 -6075 -6075 -6075 -6075 -6075 -6075 -6075 -6075 -6075 -6075 -6075 -6075 -6075 -6075 -6075 -6075 -6075 -6075 -6075 -6075 -6075 -6075 -6075 -6075 -6075 -6075 -6075 -6075 -6075 -6075 -6075 -6075 -6075 -6075 -6075 -6075 -6075 -6075 -6075 -6075 -6075 -6075 -6075 -6075
-6075 -6075 -6075 -6075 -6075 -6075 -6075 -6075 -6075 -6075 -6075 -6075 -6075 -6075 -6075 -6075 -6075 -6075 -6075 -6075 -6075 -6075 -6075 -6075 -6075 -6075 -6075 -6075 -6075 -6075 -6075 -6075 -6075 -6075 -6075 -6075 -6075 -6075 -6075 -6075 -6075 -6075 -6075 -6075 -6075 -6075 -6075 -6075 -6075 -6075
-6075 -6075 -6075 -6075 -6075 -6075 -6075 -6075 -6075 -6075 -6075 -6075 -6075 -6075 -6075 -6075 -6075 -6075 -6075 -6075 -6075 -6075 -6075 -6075 -6075 -6075 -6075 -6075 -6075 -6075 -6075 -6075 -6075 -6075 -6075 -6075 -6075 -6075 -6075 -6075 -6075 -6075 -6075 -6075 -6075 -6075 -6075 -6075 -6075
-6075 -6075 -6075 -6075 -6075 -6075 -6075 -6075 -6075 -6075 -6075 -6075 -6075 -6075 -6075 -6075 -6075 -6075 -6075 -6075 -6075 -6075 -6075 -6075 -6075 -6075 -6075 -6075 -6075 -6075 -6075 -6075 -6075 -6075 -6075 -6075 -6075 -6075 -6075 -6075 -6075 -6075 -6075 -6075 -6075 -6075 -6075 -6075
-6075 -6075 -6075 -6075 -6075 -6075 -6075 -6075 -6075 -6075 -6075 -6075 -6075 -6075 -6075 -6075 -6075 -6075 -6075 -6075 -6075 -6075 -6075 -6075 -6075 -6075 -6075 -6075 -6075 -6075 -6075 -6075 -6075 -6075 -6075 -6075 -6075 -6075 -6075 -6075 -6075 -6075 -6075 -6075 -6075 -6075 -6075
-6075 -6075 -6075 -6075 -6075 -6075 -6075 -6075 -6075 -6075 -6075 -6075 -6075 -6075 -6075 -6075 -6075 -6075 -6075 -6075 -6075 -6075 -6075 -6075 -6075 -6075 -6075 -6075 -6075 -6075 -6075 -6075 -6075 -6075 -6075 -6075 -6075 -6075 -6075 -6075 -6075 -6075 -6075 -6075 -6075 -6075
-6075 -6075 -6075 -6075 -6075 -6075 -6075 -6075 -6075 -6075 -6075 -6075 -6075 -6075 -6075 -6075 -6075 -6075 -6075 -6075 -6075 -6075 -6075 -6075 -6075 -6075 -6075 -6075 -6075 -6075 -6075 -6075 -6075 -6075 -6075 -6075 -6075 -6075 -6075 -6075 -6075 -6075 -6075 -6075 -6075
-6075 -6075 -6075 -6075 -6075 -6075 -6075 -6075 -6075 -6075 -6075 -6075 -6075 -6075 -6075 -6075 -6075 -6075 -6075 -6075 -6075 -6075 -6075 -6075 -6075 -6075 -6075 -6075 -6075 -6075 -6075 -6075 -6075 -6075 -6075 -6075 -6075 -6075 -6075 -6075 -6075 -6075 -6075 -6075
-6075 -6075 -6075 -6075 -6075 -6075 -6075 -6075 -6075 -6075 -6075 -6075 -6075 -6075 -6075 -6075 -6075 -6075 -6075 -6075 -6075 -6075 -6075 -6075 -6075 -6075 -6075 -6075 -6075 -6075 -6075 -6075 -6075 -6075 -6075 -6075 -6075 -6075 -6075 -6075 -6075 -6075 -6075
-6075 -6075 -6075 -6075 -6075 -6075 -6075 -6075 -6075 -6075 -6075 -6075 -6075 -6075 -6075 -6075 -6075 -6075 -6075 -6075 -6075 -6075 -6075 -6075 -6075 -6075 -6075 -6075 -6075 -6075 -6075 -6075 -6075 -6075 -6075 -6075 -6075 -6075 -6075 -6075 -6075 -6075
-6075 -6075 -6075 -6075 -6075 -6075 -6075 -6075 -6075 -6075 -6075 -6075 -6075 -6075 -6075 -6075 -6075 -6075 -6075 -6075 -6075 -6075 -6075 -6075 -6075 -6075 -6075 -6075 -6075 -6075 -6075 -6075 -6075 -6075 -6075 -6075 -6075 -6075 -6075 -6075 -6075
-6075 -6075 -6075 -6075 -6075 -6075 -6075 -6075 -6075 -6075 -6075 -6075 -6075 -6075 -6075 -6075 -6075 -6075 -6075 -6075 -6075 -6075 -6075 -6075 -6075 -6075 -6075 -6075 -6075 -6075 -6075 -6075 -6075 -6075 -6075 -6075 -6075 -6075 -6075 -6075
-6075 -6075 -6075 -6075 -6075 -6075 -6075 -6075 -6075 -6075 -6075 -6075 -6075 -6075 -6075 -6075 -6075 -6075 -6075 -6075 -6075 -6075 -6075 -6075 -6075 -6075 -6075 -6075 -6075 -6075 -6075 -6075 -6075 -6075 -6075 -6075 -6075 -6075 -6075
-6075 -6075 -6075 -6075 -6075 -6075 -6075 -6075 -6075 -6075 -6075 -6075 -6075 -6075 -6075 -6075 -6075 -6075 -6075 -6075 -6075 -6075 -6075 -6075 -6075 -6075 -6075 -6075 -6075 -6075 -6075 -6075 -6075 -6075 -6075 -6075 -6075 -6075
-6075 -6075 -6075 -6075 -6075 -6075 -6075 -6075 -6075 -6075 -6075 -6075 -6075 -6075 -6075 -6075 -6075 -6075 -6075 -6075 -6075 -6075 -6075 -6075 -6075 -6075 -6075 -6075 -6075 -6075 -6075 -6075 -6075 -6075 -6075 -6075 -6075
-6075 -6075 -6075 -6075 -6075 -6075 -6075 -6075 -6075 -6075 -6075 -6075 -6075 -6075 -6075 -6075 -6075 -6075 -6075 -6075 -6075 -6075 -6075 -6075 -6075 -6075 -6075 -6075 -6075 -6075 -6075 -6075 -6075 -6075 -6075 -6075
-6075 -6075 -6075 -6075 -6075 -6075 -6075 -6075 -6075 -6075 -6075 -6075 -6075 -6075 -6075 -6075 -6075 -6075 -6075 -6075 -6075 -6075 -6075 -6075 -6075 -6075 -6075 -6075 -6075 -6075 -6075 -6075 -6075 -6075 -6075
-6075 -6075 -6075 -6075 -6075 -6075 -6075 -6075 -6075 -6075 -6075 -6075 -6075 -6075 -6075 -6075 -6075 -6075 -6075 -6075 -6075 -6075 -6075 -6075 -6075 -6075 -6075 -6075 -6075 -6075 -6075 -6075 -6075 -6075
-6075 -6075 -6075 -6075 -6075 -6075 -6075 -6075 -6075 -6075 -6075 -6075 -6075 -6075 -6075 -6075 -6075 -6075 -6075 -6075 -6075 -6075 -6075 -6075 -6075 -6075 -6075 -6075 -6075 -6075 -6075 -6075 -6075
-6075 -6075 -6075 -6075 -6075 -6075 -6075 -6075 -6075 -6075 -6075 -6075 -6075 -6075 -6075 -6075 -6075 -6075 -6075 -6075 -6075 -6075 -6075 -6075 -6075 -6075 -6075 -6075 -6075 -6075 -6075 -6075
-6075 -6075 -6075 -6075 -6075 -6075 -6075 -6075 -6075 -6075 -6075 -6075 -6075 -6075 -6075 -6075 -6075 -6075 -6075 -6075 -6075 -6075 -6075 -6075 -6075 -6075 -6075 -6075 -6075 -6075 -6075
-6075 -6075 -6075 -6075 -6075 -6075 -6075 -6075 -6075 -6075 -6075 -6075 -6075 -6075 -6075 -6075 -6075 -6075 -6075 -6075 -6075 -6075 -6075 -6075 -6075 -6075 -6075 -6075 -6075 -6075
-6075 -6075 -6075 -6075 -6075 -6075 -6075 -6075 -6075 -6075 -6075 -6075 -6075 -6075 -6075 -6075 -6075 -6075 -6075 -6075 -6075 -6075 -6075 -6075 -6075 -6075 -6075 -6075 -6075
-6075 -6075 -6075 -6075 -6075 -6075 -6075 -6075 -6075 -6075 -6075 -6075 -6075 -6075 -6075 -6075 -6075 -6075 -6075 -6075 -6075 -6075 -6075 -6075 -6075 -6075 -6075 -6075
-6075 -6075 -6075 -6075 -6075 -6075 -6075 -6075 -6075 -6075 -6075 -6075 -6075 -6075 -6075 -6075 -6075 -6075 -6075 -6075 -6075 -6075 -6075 -6075 -6075 -6075 -6075
-6075 -6075 -6075 -6075 -6075 -6075 -6075 -6075 -6075 -6075 -6075 -6075 -6075 -6075 -6075 -6075 -6075 -6075 -6075 -6075 -6075 -6075 -6075 -6075 -6075 -6075
-6075 -6075 -6075 -6075 -6075 -6075 -6075 -6075 -6075 -6075 -6075 -6075 -6075 -6075 -6075 -6075 -6075 -6075 -6075 -6075 -6075 -6075 -6075 -6075 -6075
-6075 -6075 -6075 -6075 -6075 -6075 -6075 -6075 -6075 -6075 -6075 -6075 -6075 -6075 -6075 -6075 -6075 -6075 -6075 -6075 -6075 -6075 -6075 -6075
-6075 -6075 -6075 -6075 -6075 -6075 -6075 -6075 -6075 -6075 -6075 -6075 -6075 -6075 -6075 -6075 -6075 -6075 -6075 -6075 -6075 -6075 -6075
-6075 -6075 -6075 -6075 -6075 -6075 -6075 -6075 -6075 -6075 -6075 -6075 -6075 -6075 -6075 -6075 -6075 -6075 -6075 -6075 -6075 -6075
-6075 -6075 -6075 -6075 -6075 -6075 -6075 -6075 -6075 -6075 -6075 -6075 -6075 -6075 -6075 -6075 -6075 -6075 -6075 -6075 -6075
-6075 -6075 -6075 -6075 -6075 -6075 -6075 -6075 -6075 -6075 -6075 -6075 -6075 -6075 -6075 -6075 -6075 -6075 -6075 -6075
-6075 -6075 -6075 -6075 -6075 -6075 -6075 -6075 -6075 -6075 -6075 -6075 -6075 -6075 -6075 -6075 -6075 -6075 -6075
-6075 -6075 -6075 -6075 -6075 -6075 -6075 -6075 -6075 -6075 -6075 -6075 -6075 -6075 -6075 -6075 -6075 -6075
-6075 -6075 -6075 -6075 -6075 -6075 -6075 -6075 -6075 -6075 -6075 -6075 -6075 -6075 -6075 -6075 -6075
-6075 -6075 -6075 -6075 -6075 -6075 -6075 -6075 -6075 -6075 -6075 -6075 -6075 -6075 -6075 -6075
-6075 -6075 -6075 -6075 -6075 -6075 -6075 -6075 -6075 -6075 -6075 -6075 -6075 -6075 -6075
-6075 -6075 -6075 -6075 -6075 -6075 -6075 -6075 -6075 -6075 -6075 -6075 -6075 -6075
-6075 -6075 -6075 -6075 -6075 -6075 -6075 -6075 -6075 -6075 -6075 -6075 -6075
-6075 -6075 -6075 -6075 -6075 -6075 -6075 -6075 -6075 -6075 -6075 -6075
-6075 -6075 -6075 -6075 -6075 -6075 -6075 -6075 -6075 -6075 -6075
-6075 -6075 -6075 -6075 -6075 -6075 -6075 -6075 -6075 -6075
-6075 -6075 -6075 -6075 -6075 -6075 -6075 -6075 -6075
-6075 -6075 -6075 -6075 -6075 -6075 -6075 -6075
-6075 -6075 -6075 -6075 -6075 -6075 -6075
-6075 -6075 -6075 -6075 -6075 -6075
-6075 -6075 -6075 -6075 -6075
-6075 -6075 -6075 -6075
-6075 -6075 -6075
-6075 -6075
-6075
