100
76 1 92 -9999 43 91 90 12 92 72 32 -9999 69 98 29 38 68 36 23 84 25 41 -9999 -9999 -9999 85 65 49 -9999 59 49 99 62 94 37 38 3 37 78 56 71 91 68 84 99 92 21 50 4 41 47 100 -9999 88 23 49 12 69 15 54 -9999 39 18 54 76 81 72 -9999 85 33 55 43 -9999 38 33 -9999 75 9 20 10 14 94 81 43 51 31 69 37 -9999 -9999 82 76 -9999 7 14 12 20 0 56
10 1 99 32 96 65 -9999 28 39 61 83 16 22 93 2 64 43 10 -9999 30 79 17 51 36 90 62 72 92 58 -9999 84 -9999 -9999 18 33 11 63 87 5 66 15 54 71 49 48 75 37 94 65 88 92 55 68 9 82 -9999 -9999 21 87 78 33 36 -9999 32 23 76 -9999 27 65 -9999 20 52 -9999 29 16 31 30 -9999 -9999 7 76 7 5 3 80 -9999 24 -9999 -9999 -9999 98 65 -9999 52 55 25 65 -9999
71 86 15 -9999 83 -9999 3 -9999 -9999 -9999 55 77 60 48 -9999 4 -9999 -9999 79 95 9 17 78 60 94 7 -9999 -9999 86 55 60 47 39 88 10 39 43 47 -9999 25 -9999 99 23 19 86 100 60 -9999 -9999 99 3 72 99 61 68 79 51 97 21 70 99 99 76 66 51 2 12 69 13 54 43 69 85 10 46 -9999 82 -9999 60 54 27 28 65 38 -9999 17 12 38 55 93 76 82 63 52 3 28 -9999
13 22 19 -9999 62 10 28 88 33 -9999 -9999 -9999 52 97 27 41 96 32 6 85 -9999 61 69 81 72 -9999 -9999 -9999 -9999 69 17 69 90 97 94 57 62 83 6 4 62 59 68 69 87 52 10 -9999 66 -9999 81 41 -9999 88 58 79 47 61 -9999 -9999 4 81 29 75 41 73 -9999 50 12 52 41 58 32 82 61 2 -9999 92 72 76 13 60 -9999 -9999 62 86 66 51 -9999 42 86 86 27 82 -9999 24
46 -9999 -9999 78 19 35 4 32 -9999 81 4 4 41 93 94 4 -9999 -9999 -9999 81 60 61 4 40 61 -9999 87 58 97 18 51 57 46 15 30 -9999 24 25 95 66 76 -9999 33 49 28 15 74 15 29 36 31 36 11 66 68 85 58 48 63 -9999 100 32 82 -9999 79 22 82 44 15 35 54 -9999 2 50 -9999 12 34 -9999 56 -9999 91 80 99 6 46 85 -9999 -9999 54 65 62 -9999 55 87 21
19 91 35 83 89 42 59 -9999 58 0 80 -9999 -9999 53 2 13 -9999 71 10 -9999 -9999 9 -9999 67 48 87 -9999 44 63 14 6 36 50 45 67 40 5 28 7 76 90 82 34 26 65 -9999 -9999 35 85 64 13 35 4 41 80 31 -9999 37 20 79 56 58 -9999 13 49 90 91 12 62 24 97 43 39 57 19 0 91 45 58 85 73 10 -9999 -9999 -9999 3 14 79 66 17 74 50 22 -9999
80 16 34 51 90 18 8 54 31 47 27 69 45 -9999 24 28 59 7 -9999 91 42 35 53 4 58 -9999 -9999 16 57 -9999 23 57 70 -9999 -9999 -9999 65 35 19 -9999 81 88 7 46 31 6 56 91 -9999 -9999 -9999 87 72 74 54 85 67 22 17 5 95 9 57 75 14 52 30 40 95 -9999 29 35 60 50 5 70 96 -9999 78 13 20 69 75 77 16 95 38 -9999 -9999 53 5 22 65
-9999 59 33 72 72 47 100 4 28 59 82 62 58 44 61 35 83 -9999 75 91 89 30 90 22 10 36 51 94 7 43 65 14 17 -9999 88 68 80 34 49 18 48 47 91 13 91 20 81 3 27 58 25 32 -9999 41 80 12 39 -9999 96 20 18 56 65 63 -9999 4 52 65 14 75 12 98 -9999 71 96 -9999 55 64 61 73 -9999 61 -9999 99 31 68 -9999 -9999 72 64 62 61
-9999 20 50 58 -9999 70 28 -9999 51 97 47 -9999 -9999 -9999 93 34 58 43 -9999 96 38 75 54 32 7 59 89 40 74 -9999 -9999 80 -9999 44 78 41 51 -9999 54 -9999 -9999 91 26 3 89 -9999 25 38 20 60 -9999 13 78 29 20 -9999 20 36 50 58 11 94 29 32 65 23 79 67 75 11 97 39 39 21 97 39 79 99 32 25 65 40 -9999 19 23 88 -9999 75 12 -9999 93
71 60 42 85 16 -9999 39 33 31 98 53 96 -9999 29 -9999 88 49 12 -9999 30 -9999 -9999 74 97 10 49 90 38 80 66 33 12 -9999 -9999 70 -9999 23 19 45 5 10 48 45 36 -9999 72 17 72 62 27 -9999 64 47 -9999 77 32 27 81 3 24 -9999 74 -9999 -9999 7 64 88 -9999 20 14 -9999 52 7 49 7 14 62 65 1 4 84 57 83 89 36 17 -9999 34 42 49
-9999 58 62 41 -9999 23 80 69 83 41 52 -9999 51 98 15 66 1 26 -9999 -9999 27 42 27 7 20 13 86 4 16 51 -9999 51 26 59 67 77 46 25 41 49 13 57 85 6 92 -9999 63 15 64 85 48 30 38 46 5 14 47 33 97 71 72 24 26 89 51 9 -9999 63 98 14 40 64 34 94 67 74 68 89 63 -9999 -9999 54 55 71 -9999 30 37 2 32
49 11 68 72 95 24 58 72 88 3 30 42 69 82 24 -9999 41 25 80 57 41 96 11 15 84 45 50 8 95 53 31 63 28 85 -9999 80 68 68 6 60 -9999 -9999 16 1 -9999 19 31 9 -9999 39 53 -9999 99 74 59 61 21 75 81 69 30 44 53 44 60 4 -9999 55 41 12 15 78 77 42 9 58 -9999 61 36 81 56 33 62 35 85 -9999 3 99
96 -9999 -9999 26 61 66 94 32 3 -9999 85 69 12 -9999 -9999 60 65 -9999 56 -9999 1 91 34 74 59 1 26 37 -9999 -9999 -9999 6 90 13 27 50 -9999 0 -9999 26 49 26 90 96 -9999 30 23 48 53 66 -9999 52 83 43 32 -9999 -9999 33 4 93 94 53 44 85 14 -9999 33 13 24 57 72 46 98 52 -9999 97 -9999 73 94 96 -9999 30 70 92 21 81 19
43 36 19 77 61 68 31 20 59 51 96 10 11 -9999 5 38 35 5 50 -9999 92 5 91 -9999 77 86 5 60 23 10 21 68 1 47 63 95 46 -9999 99 40 91 13 85 58 78 29 12 12 70 48 54 55 19 99 81 -9999 34 -9999 7 57 32 65 77 -9999 73 37 98 40 97 23 83 48 15 -9999 -9999 78 33 69 47 94 15 4 5 34 63 16
-9999 55 18 78 75 -9999 11 29 12 -9999 92 82 58 -9999 22 -9999 79 70 -9999 67 3 83 91 26 76 97 65 27 62 97 20 31 -9999 97 -9999 78 100 94 94 17 30 82 2 93 77 -9999 52 45 40 23 63 -9999 -9999 96 -9999 60 8 -9999 59 -9999 89 -9999 80 6 -9999 14 -9999 80 95 76 55 21 19 65 67 -9999 71 12 37 22 46 61 73 2 -9999
-9999 7 100 43 89 44 47 13 52 27 27 59 63 44 27 70 79 12 15 51 98 3 83 26 91 22 57 2 95 21 83 90 36 18 98 14 30 90 -9999 85 42 32 98 78 63 50 3 89 51 42 -9999 65 86 91 50 24 74 36 -9999 40 45 62 64 -9999 83 -9999 95 51 24 62 80 40 8 22 96 27 79 43 18 -9999 64 92 19 -9999
-9999 -9999 16 85 22 -9999 39 45 -9999 31 33 85 32 99 56 82 36 53 92 92 -9999 54 69 34 79 -9999 84 -9999 84 28 6 39 -9999 51 57 42 62 90 36 26 -9999 71 -9999 -9999 40 61 90 78 -9999 62 69 8 39 96 -9999 71 49 30 -9999 -9999 64 7 45 3 14 67 41 70 69 83 -9999 -9999 36 70 81 15 -9999 19 17 70 -9999 48 65
94 16 81 64 -9999 22 20 58 -9999 71 47 23 78 47 64 70 44 -9999 63 53 31 85 -9999 50 78 51 -9999 16 95 67 88 17 34 78 6 67 82 96 40 17 2 24 99 66 71 -9999 66 88 77 36 27 69 92 71 -9999 13 23 13 72 -9999 98 2 29 72 52 -9999 44 61 64 98 -9999 93 31 -9999 90 56 26 19 4 20 12 -9999
4 15 43 -9999 68 23 -9999 64 45 44 51 86 55 77 33 86 48 46 66 92 85 -9999 21 46 44 74 42 40 82 48 39 50 95 -9999 30 12 58 52 -9999 77 47 25 25 -9999 -9999 -9999 -9999 -9999 70 19 89 70 11 45 -9999 -9999 3 13 76 -9999 33 13 81 -9999 -9999 55 55 30 55 4 17 47 85 91 74 72 56 58 18 31 3
29 64 17 19 15 72 3 51 24 61 62 3 64 83 -9999 29 58 -9999 24 76 -9999 97 -9999 41 99 21 15 44 5 -9999 75 -9999 17 63 91 17 60 -9999 24 93 89 27 0 1 84 93 52 -9999 61 3 60 81 31 44 40 73 95 66 23 41 85 76 9 98 85 42 4 85 15 9 98 47 30 -9999 -9999 65 92 4 95 -9999
99 41 94 77 47 100 88 26 72 31 8 59 76 73 33 49 93 -9999 49 57 -9999 56 9 85 58 14 36 78 31 63 47 -9999 90 18 0 -9999 -9999 86 94 97 0 84 1 -9999 8 -9999 2 11 -9999 31 17 0 19 58 -9999 98 7 43 78 19 32 -9999 -9999 90 96 82 50 79 92 50 -9999 -9999 12 20 86 81 94 47 82
-9999 15 52 2 49 78 49 97 19 -9999 -9999 49 36 32 66 87 13 77 27 85 -9999 22 89 42 45 -9999 86 46 45 80 78 45 -9999 34 11 38 31 -9999 -9999 39 97 -9999 21 22 -9999 24 47 7 97 -9999 3 47 73 -9999 -9999 26 72 5 91 32 21 78 8 -9999 77 99 17 20 51 -9999 94 70 -9999 64 63 12 -9999 76
14 -9999 5 86 23 -9999 -9999 91 77 33 -9999 71 41 48 95 6 96 -9999 28 36 21 80 58 -9999 53 66 -9999 21 76 -9999 69 -9999 20 20 55 45 -9999 84 56 70 -9999 72 -9999 88 0 40 54 96 94 59 88 17 54 -9999 -9999 -9999 61 -9999 2 72 35 -9999 -9999 -9999 20 85 64 7 20 55 14 -9999 86 25 -9999 -9999 -9999
-9999 86 -9999 -9999 -9999 -9999 -9999 -9999 29 69 59 88 60 10 -9999 34 16 100 18 5 68 38 -9999 93 5 16 66 -9999 32 78 1 84 78 13 96 35 57 52 -9999 35 -9999 10 93 8 44 24 83 38 65 97 -9999 13 87 48 83 -9999 40 11 -9999 81 23 22 -9999 -9999 -9999 16 28 87 79 -9999 48 -9999 -9999 64 8 -9999
70 82 73 -9999 80 65 38 29 65 21 2 64 83 53 20 -9999 4 60 79 58 6 72 -9999 63 -9999 85 43 15 66 41 22 34 0 78 44 35 78 97 41 10 1 -9999 82 65 -9999 17 -9999 10 67 -9999 2 52 -9999 -9999 -9999 94 83 26 -9999 52 75 13 67 -9999 65 96 84 0 3 69 77 77 63 53 -9999
28 50 31 22 23 47 82 70 -9999 18 49 47 29 86 47 22 -9999 94 51 64 -9999 -9999 48 8 59 80 -9999 20 71 59 11 40 28 84 77 14 -9999 42 28 8 22 66 20 72 -9999 95 51 -9999 -9999 17 -9999 34 27 2 5 66 70 82 -9999 47 8 54 68 37 93 90 77 55 67 87 70 -9999 79 49
26 84 44 39 69 27 86 -9999 -9999 97 88 40 92 89 -9999 -9999 53 91 -9999 56 -9999 67 10 83 7 4 63 90 71 9 90 26 51 53 64 79 34 66 22 37 32 3 76 57 41 38 99 67 32 46 80 -9999 79 21 85 22 26 98 -9999 80 81 67 -9999 15 16 92 54 41 4 48 -9999 83 60
38 10 -9999 55 100 61 64 66 24 39 80 56 86 25 35 41 -9999 74 3 72 9 26 36 2 -9999 53 95 39 38 -9999 58 -9999 41 66 50 87 91 -9999 92 26 44 12 68 -9999 39 18 91 26 -9999 28 81 -9999 87 68 9 4 16 70 16 -9999 22 92 45 -9999 -9999 -9999 14 41 -9999 7 -9999 80
17 56 73 72 75 58 -9999 92 18 79 68 -9999 60 -9999 98 -9999 99 79 72 83 31 40 -9999 29 74 91 22 -9999 -9999 92 -9999 65 43 83 50 56 96 14 85 63 77 97 69 86 90 -9999 -9999 48 -9999 76 75 79 88 60 57 78 89 71 37 51 56 -9999 47 -9999 11 2 99 17 93 17 24
79 71 -9999 -9999 -9999 57 65 52 17 50 60 76 46 -9999 53 -9999 10 71 84 70 4 -9999 25 51 56 -9999 44 41 11 -9999 89 65 75 51 -9999 -9999 8 26 26 -9999 63 16 23 93 33 6 -9999 87 -9999 1 97 7 -9999 -9999 28 -9999 24 27 5 -9999 -9999 15 5 83 70 88 50 19 71 7
96 -9999 59 20 79 50 -9999 51 40 56 74 13 22 45 47 -9999 77 20 98 45 60 81 10 12 22 12 76 85 55 17 90 95 -9999 54 13 -9999 4 -9999 -9999 50 22 99 13 79 -9999 16 80 -9999 -9999 -9999 -9999 48 98 67 -9999 10 -9999 51 82 37 10 52 11 93 37 -9999 25 23 -9999
70 42 92 61 -9999 41 41 15 27 1 91 -9999 -9999 34 83 92 14 -9999 98 -9999 29 21 48 58 7 63 89 75 59 87 24 29 -9999 2 76 -9999 36 4 28 52 88 -9999 89 54 44 -9999 53 39 -9999 -9999 6 28 98 29 47 59 96 89 40 -9999 66 15 12 62 97 -9999 -9999 59
92 -9999 -9999 30 26 46 -9999 60 -9999 64 -9999 81 95 38 12 67 82 -9999 1 14 -9999 43 50 1 -9999 34 18 92 59 53 32 -9999 45 13 77 87 89 5 93 83 87 -9999 27 -9999 37 7 25 4 16 32 53 77 31 12 -9999 -9999 32 82 -9999 9 -9999 27 -9999 51 92 -9999 -9999
-9999 93 89 58 59 -9999 39 47 -9999 -9999 95 26 63 81 25 17 35 -9999 49 57 23 88 -9999 85 91 62 55 95 99 -9999 78 -9999 -9999 70 70 13 56 31 38 76 72 -9999 24 97 2 65 -9999 -9999 23 45 31 17 30 66 -9999 50 92 -9999 89 9 -9999 -9999 -9999 84 16 38
46 15 26 19 16 -9999 86 -9999 55 38 34 82 -9999 42 -9999 13 79 33 6 -9999 67 20 88 10 97 -9999 60 2 15 24 -9999 83 -9999 13 28 40 39 12 87 63 17 53 65 14 -9999 95 75 -9999 -9999 61 35 90 13 29 90 6 -9999 93 15 61 55 47 -9999 43 69
-9999 78 -9999 99 65 78 10 65 21 -9999 61 -9999 -9999 -9999 95 15 49 6 -9999 67 12 28 80 42 26 5 -9999 49 98 64 79 89 68 35 70 4 75 6 -9999 -9999 3 -9999 5 22 22 84 19 38 63 77 51 39 17 18 67 96 52 86 -9999 -9999 -9999 100 44 34
-9999 40 35 76 43 7 22 38 39 61 72 -9999 86 22 -9999 -9999 66 50 -9999 18 8 -9999 18 17 60 31 18 70 62 89 26 19 14 77 33 0 50 88 52 3 -9999 26 89 29 47 62 51 43 17 85 36 28 79 69 -9999 35 77 58 44 48 -9999 8 72
39 4 95 87 -9999 27 71 12 32 18 -9999 -9999 89 -9999 27 82 -9999 62 56 90 2 -9999 -9999 79 59 83 -9999 11 8 36 11 47 49 42 63 88 25 60 77 53 31 27 80 23 81 56 58 52 69 84 27 18 30 30 50 58 90 -9999 -9999 54 100 9
-9999 0 5 91 1 48 83 97 5 94 -9999 74 35 46 46 38 16 -9999 40 34 -9999 68 73 75 -9999 7 64 32 93 14 49 16 -9999 78 23 78 -9999 66 -9999 65 -9999 73 86 44 89 77 75 67 11 59 30 -9999 -9999 41 25 72 21 -9999 -9999 66 -9999
36 7 100 41 -9999 28 -9999 64 25 -9999 26 45 -9999 43 -9999 -9999 -9999 62 -9999 47 -9999 72 85 49 41 28 52 87 -9999 35 6 44 2 21 50 54 20 34 18 -9999 48 99 24 82 88 30 64 52 31 49 23 99 96 30 26 99 60 83 -9999 30
25 89 29 67 11 86 5 -9999 -9999 -9999 -9999 47 63 10 87 0 71 13 30 -9999 2 31 78 -9999 -9999 35 59 82 -9999 -9999 6 6 12 14 -9999 50 94 20 -9999 93 8 15 26 6 91 11 46 -9999 57 64 -9999 64 -9999 73 11 79 30 96 81
98 44 6 -9999 53 16 -9999 32 -9999 51 -9999 28 5 -9999 1 -9999 17 30 -9999 31 81 7 58 96 12 26 96 -9999 46 85 21 -9999 -9999 63 -9999 67 97 34 70 91 -9999 44 67 42 56 20 40 -9999 19 56 -9999 27 6 -9999 45 26 97 25
15 39 42 37 7 44 8 63 27 40 -9999 34 26 55 33 12 1 58 5 99 1 57 85 43 -9999 63 58 100 13 4 81 46 73 6 95 98 4 43 30 58 22 -9999 54 25 -9999 23 34 70 -9999 35 -9999 -9999 36 -9999 26 51 49
18 15 17 43 35 57 99 69 99 82 81 51 62 98 43 -9999 97 33 46 45 78 82 72 56 -9999 85 38 12 78 97 22 81 -9999 72 5 69 20 -9999 79 38 -9999 47 93 52 -9999 47 6 96 37 72 12 46 38 14 70 75
81 47 95 24 61 68 -9999 100 30 18 34 -9999 35 26 58 -9999 -9999 89 78 97 52 55 14 38 15 0 23 3 70 71 15 4 9 81 40 8 71 33 58 1 41 53 58 12 23 7 -9999 7 -9999 25 12 -9999 91 52 24
99 -9999 12 52 -9999 10 58 82 -9999 32 96 -9999 72 67 83 41 32 36 70 -9999 8 72 64 37 -9999 82 76 92 16 17 20 37 9 86 64 36 21 88 84 37 40 71 82 21 -9999 9 57 72 61 -9999 93 98 56 -9999
45 14 -9999 -9999 72 -9999 75 31 74 82 57 59 -9999 80 34 -9999 61 42 68 -9999 37 99 92 -9999 2 -9999 39 12 51 48 87 68 -9999 45 80 8 58 26 25 -9999 38 94 23 67 3 82 -9999 -9999 45 56 -9999 11 19
77 29 73 60 79 13 -9999 20 32 45 10 44 -9999 98 15 73 31 6 85 11 8 66 21 73 -9999 96 21 37 67 -9999 74 86 37 43 70 13 91 -9999 32 37 69 -9999 -9999 75 75 63 42 -9999 20 5 99 27
45 -9999 95 -9999 71 47 46 -9999 19 8 -9999 37 -9999 70 71 -9999 -9999 -9999 84 69 3 29 12 -9999 68 79 9 23 67 52 -9999 79 13 88 4 -9999 -9999 23 25 71 38 -9999 40 23 48 3 17 82 82 94 58
29 -9999 30 96 99 75 -9999 99 36 99 42 -9999 13 -9999 66 92 -9999 83 -9999 24 -9999 48 94 29 66 7 81 -9999 71 61 17 65 -9999 90 19 10 1 -9999 10 21 -9999 89 92 71 54 34 -9999 88 67 26
49 -9999 -9999 16 -9999 35 41 -9999 40 -9999 -9999 1 29 97 73 97 5 62 76 -9999 14 21 -9999 54 57 -9999 -9999 21 -9999 59 87 28 29 55 95 83 -9999 32 95 86 51 -9999 27 -9999 23 38 1 -9999 53
16 49 44 -9999 82 -9999 75 64 84 52 71 100 -9999 68 71 -9999 5 50 55 50 -9999 -9999 90 28 -9999 21 16 27 17 22 35 52 56 81 -9999 80 42 37 37 86 84 61 33 4 80 66 95 43
51 73 90 -9999 95 36 14 98 -9999 45 90 5 71 87 48 97 99 84 36 -9999 68 -9999 80 8 95 77 -9999 61 29 53 -9999 43 76 40 58 54 -9999 60 84 47 78 -9999 -9999 71 67 -9999 -9999
46 -9999 34 67 91 6 12 -9999 78 63 17 63 53 33 -9999 29 52 -9999 -9999 7 23 2 75 7 12 -9999 90 94 -9999 -9999 -9999 12 46 15 5 40 11 95 47 14 69 -9999 95 83 45 -9999
37 39 -9999 14 3 30 99 16 -9999 28 19 -9999 70 -9999 1 32 73 54 -9999 78 23 32 -9999 48 -9999 -9999 -9999 30 6 44 41 -9999 -9999 54 36 40 57 30 46 96 -9999 20 97 11 50
65 -9999 -9999 -9999 -9999 51 26 81 97 -9999 92 33 46 11 -9999 18 95 56 80 42 35 92 -9999 76 87 42 88 25 -9999 84 54 -9999 38 98 72 -9999 18 34 -9999 -9999 -9999 92 8 40
64 77 61 -9999 72 61 78 43 52 42 44 1 55 67 33 -9999 78 64 19 18 79 -9999 66 40 34 39 56 30 98 46 18 53 -9999 26 7 35 10 56 6 50 -9999 92 -9999
34 -9999 64 14 49 97 5 63 51 11 79 52 17 89 33 7 27 81 39 37 97 -9999 79 17 84 -9999 93 63 88 14 -9999 65 14 -9999 27 86 11 71 67 11 6 14
-9999 43 23 62 22 26 -9999 84 -9999 15 -9999 60 34 18 59 86 -9999 -9999 -9999 0 34 75 -9999 27 49 98 56 -9999 54 99 4 83 50 93 65 20 6 87 20 60 31
-9999 20 7 67 -9999 10 85 68 92 83 -9999 21 17 65 27 63 37 -9999 27 30 67 76 31 -9999 46 40 -9999 98 -9999 -9999 -9999 -9999 35 84 9 63 -9999 35 92 28
-9999 30 43 27 94 -9999 78 -9999 99 -9999 -9999 32 51 24 94 7 64 6 58 8 38 4 62 3 -9999 18 92 58 29 99 38 6 11 58 -9999 67 92 47 49
30 28 20 91 36 46 50 31 19 52 80 70 23 34 52 98 83 59 -9999 39 -9999 -9999 54 72 89 41 79 57 8 84 36 35 56 26 73 60 93 -9999
86 25 38 44 16 44 12 45 42 47 -9999 24 17 -9999 94 -9999 74 53 43 18 6 49 34 69 91 46 75 58 -9999 45 -9999 14 -9999 8 56 78 89
18 96 81 83 -9999 -9999 88 38 19 36 58 46 3 62 91 17 23 81 77 20 70 38 64 3 -9999 59 54 -9999 76 6 23 5 83 82 -9999 93
-9999 13 92 92 75 89 19 42 31 79 74 -9999 65 24 81 82 49 87 -9999 91 -9999 0 95 4 45 99 40 -9999 95 3 67 80 82 70 10
-9999 90 74 49 77 63 98 39 13 19 98 -9999 22 19 76 -9999 82 96 72 91 81 -9999 71 73 59 88 72 13 15 5 28 26 5 -9999
-9999 79 75 -9999 95 -9999 81 -9999 90 25 89 -9999 54 25 10 27 41 48 -9999 96 62 80 8 21 92 81 52 41 70 8 16 -9999 -9999
99 -9999 2 9 82 -9999 -9999 -9999 82 5 60 18 88 -9999 3 -9999 4 76 70 87 42 20 90 54 0 65 74 -9999 10 36 16 79
-9999 34 31 18 95 46 18 69 76 19 -9999 35 70 58 43 -9999 99 47 92 -9999 46 82 65 3 42 57 -9999 6 14 76 2
94 47 6 11 1 33 81 61 34 90 -9999 54 65 35 49 79 36 -9999 97 20 98 -9999 49 -9999 89 43 51 82 49 66
83 94 -9999 17 -9999 7 22 3 48 51 15 51 -9999 21 19 7 46 70 69 13 -9999 84 -9999 -9999 43 37 43 -9999 29
12 47 28 -9999 -9999 5 99 66 79 88 29 -9999 22 44 50 19 78 -9999 80 -9999 39 59 71 12 -9999 73 9 15
4 -9999 16 -9999 41 58 55 6 91 32 -9999 79 48 -9999 0 22 26 -9999 -9999 39 21 6 85 89 -9999 93 69
33 2 74 19 89 24 74 -9999 40 48 33 -9999 39 35 33 59 75 12 13 -9999 52 88 43 28 29 -9999
48 4 42 48 12 5 78 -9999 8 -9999 85 47 69 60 41 -9999 -9999 1 93 68 39 4 -9999 43 33
79 -9999 62 46 -9999 39 27 92 88 87 60 9 -9999 98 44 -9999 23 11 100 -9999 8 93 92 19
-9999 89 54 -9999 -9999 92 87 89 60 74 -9999 27 18 83 -9999 68 -9999 82 82 72 79 47 29
-9999 69 97 -9999 61 39 25 78 25 87 16 64 83 0 50 59 14 1 15 -9999 77 79
31 56 34 18 -9999 -9999 78 89 47 -9999 34 10 8 51 54 -9999 -9999 -9999 41 67 87
-9999 -9999 19 83 81 42 64 15 68 58 -9999 65 23 38 48 74 97 1 80 27
35 16 -9999 37 47 -9999 23 89 -9999 55 13 85 89 -9999 68 50 3 78 39
29 45 47 71 40 -9999 84 2 70 12 45 70 71 -9999 -9999 100 19 3
21 -9999 24 -9999 -9999 70 20 97 -9999 8 43 12 29 54 -9999 40 42
17 83 99 34 29 92 -9999 50 72 39 55 83 -9999 58 66 29
92 33 -9999 52 -9999 -9999 47 84 54 90 16 55 -9999 51 13
-9999 9 88 14 -9999 8 -9999 74 76 42 8 34 98 93
66 -9999 60 11 59 50 -9999 7 98 24 8 93 3
1 22 98 75 60 37 36 71 73 23 81 1
4 84 95 64 -9999 50 94 37 7 66 76
-9999 -9999 -9999 17 90 47 52 28 33 37
35 31 37 33 3 -9999 20 88 44
-9999 9 74 13 -9999 -9999 40 20
75 73 33 27 1 -9999 91
91 -9999 34 50 15 31
19 52 16 -9999 -9999
82 38 11 22
89 51 70
19 67
-9999
