100
24 74 3 32 8 7 32 33 29 73 16 4 20 15 47 -9999 15 -9999 99 38 -9999 -9999 -9999 56 -9999 -9999 46 -9999 28 47 20 10 46 -9999 63 -9999 -9999 38 92 62 100 28 -9999 -9999 58 50 82 40 -9999 35 29 90 59 -9999 16 41 57 73 85 52 21 47 -9999 -9999 64 4 20 12 1 17 20 54 22 78 6 64 -9999 82 -9999 -9999 94 -9999 49 -9999 12 -9999 44 -9999 97 84 68 38 51 10 46 16 75 48 68
70 98 76 31 -9999 95 75 -9999 66 37 49 50 39 1 -9999 61 68 80 16 27 46 31 11 -9999 41 54 -9999 -9999 10 68 100 41 66 77 78 17 -9999 -9999 38 -9999 21 -9999 -9999 20 14 99 44 57 82 50 70 56 27 24 31 11 -9999 8 -9999 55 -9999 97 93 85 -9999 80 -9999 68 15 78 -9999 31 44 27 15 83 -9999 53 21 53 47 54 19 28 47 86 -9999 86 -9999 77 7 25 54 82 77 10 2 33
-9999 71 45 11 35 54 65 74 12 94 47 -9999 36 83 26 9 -9999 -9999 14 37 14 32 62 24 -9999 81 65 75 -9999 -9999 68 4 45 -9999 11 4 44 96 94 63 35 -9999 12 7 66 40 -9999 -9999 70 -9999 1 45 13 98 -9999 -9999 28 72 10 21 23 -9999 0 9 16 0 38 -9999 48 -9999 64 50 59 -9999 92 70 -9999 87 23 68 77 90 87 14 59 -9999 -9999 12 20 50 1 77 25 25 27 17 66
78 84 64 30 10 91 91 38 -9999 88 71 51 66 90 28 80 82 38 79 7 3 -9999 93 25 -9999 35 -9999 22 2 62 72 2 50 11 56 69 -9999 82 63 90 70 33 67 47 24 45 71 -9999 90 95 80 14 -9999 9 70 72 90 3 85 2 36 49 86 34 75 91 41 49 98 17 36 47 71 89 43 -9999 56 44 12 40 75 79 97 16 53 88 23 31 49 28 29 42 79 5 93 95
7 46 99 14 -9999 35 40 97 62 57 9 25 -9999 -9999 5 39 84 14 -9999 -9999 -9999 3 32 20 4 37 3 11 77 65 99 52 8 25 -9999 79 43 14 -9999 73 20 37 29 65 42 -9999 64 53 65 70 26 62 58 59 16 45 65 -9999 -9999 -9999 63 -9999 57 89 12 -9999 -9999 89 75 60 73 13 61 9 70 51 27 53 15 39 67 96 51 43 31 32 62 57 4 7 5 37 3 -9999 -9999
58 60 13 -9999 25 83 -9999 -9999 8 76 55 -9999 79 92 91 38 -9999 55 42 71 74 -9999 19 86 -9999 47 59 5 91 98 89 31 78 33 16 43 5 53 5 49 80 -9999 -9999 23 18 55 95 4 -9999 27 28 20 66 77 56 83 61 -9999 34 93 36 39 85 47 21 -9999 98 82 83 65 10 9 80 58 48 17 59 -9999 45 -9999 -9999 30 56 47 0 83 -9999 89 30 66 53 92 31 33
77 79 13 5 57 88 48 52 33 -9999 22 28 96 81 47 34 58 -9999 82 35 -9999 72 47 41 91 55 68 21 88 19 80 87 42 31 26 14 4 -9999 89 76 9 52 78 49 86 63 11 89 30 79 -9999 88 -9999 -9999 15 -9999 65 58 29 11 -9999 18 36 54 81 -9999 79 59 -9999 93 59 27 23 66 47 41 62 70 31 -9999 21 81 2 19 18 1 36 80 -9999 38 32 66 -9999
12 6 89 2 84 -9999 81 31 31 65 7 99 81 23 8 10 96 78 -9999 70 -9999 62 -9999 50 58 1 -9999 26 64 64 22 -9999 81 20 51 69 -9999 89 87 70 -9999 33 87 5 49 26 -9999 -9999 -9999 69 34 -9999 99 10 -9999 99 98 63 83 23 24 92 49 41 94 10 96 62 13 45 79 46 -9999 51 36 11 47 63 28 8 76 -9999 10 -9999 33 86 -9999 79 -9999 66 -9999 -9999
53 94 62 53 8 49 57 11 41 6 -9999 -9999 89 61 21 11 74 16 62 32 88 42 65 41 64 40 75 38 44 94 74 87 50 30 1 91 -9999 -9999 -9999 4 -9999 63 -9999 13 29 29 -9999 71 57 98 81 46 98 26 -9999 74 75 1 -9999 22 -9999 72 8 47 6 -9999 79 50 36 -9999 15 12 44 46 71 -9999 83 52 84 67 20 32 51 11 63 -9999 -9999 84 27 92 -9999
23 87 97 -9999 25 43 -9999 83 81 40 30 -9999 74 75 56 32 55 78 40 44 99 98 97 89 47 30 58 7 32 83 -9999 14 58 14 98 43 0 4 86 -9999 80 -9999 -9999 81 48 5 83 54 -9999 83 48 -9999 83 53 41 44 25 69 -9999 45 50 78 70 -9999 29 77 53 89 93 35 93 99 46 -9999 -9999 42 -9999 41 -9999 97 14 99 -9999 27 46 49 28 52 81 14
27 93 68 -9999 68 71 9 38 -9999 52 13 62 99 11 71 -9999 22 -9999 18 61 51 -9999 55 62 4 66 86 74 36 43 39 90 45 9 27 55 60 38 24 74 10 31 -9999 25 99 61 51 49 10 72 63 38 57 18 17 15 5 53 96 36 23 -9999 75 -9999 25 36 -9999 50 28 91 30 76 94 18 47 98 44 -9999 89 60 72 56 57 34 6 -9999 -9999 70 49
86 76 60 68 -9999 38 -9999 -9999 86 72 -9999 66 21 34 -9999 100 41 83 36 38 57 -9999 80 32 33 18 68 22 11 80 96 92 21 14 39 6 21 6 35 -9999 56 73 30 59 26 -9999 89 58 -9999 43 8 39 96 -9999 75 -9999 69 90 57 40 37 66 46 -9999 45 26 37 90 14 -9999 80 55 78 98 -9999 26 76 63 39 33 -9999 -9999 -9999 8 51 69 54 -9999
2 59 8 29 71 -9999 5 54 21 47 -9999 63 61 20 58 27 80 -9999 29 97 -9999 20 94 26 7 12 -9999 -9999 97 -9999 75 69 98 40 64 52 96 -9999 64 79 32 92 69 74 91 -9999 16 -9999 -9999 59 40 59 -9999 38 -9999 34 6 100 -9999 61 97 86 -9999 36 -9999 44 60 92 6 9 54 82 -9999 23 -9999 11 3 22 54 -9999 41 78 55 16 22 -9999 60
12 -9999 2 17 9 37 12 83 40 -9999 4 -9999 91 -9999 66 69 42 7 85 35 78 34 8 42 45 -9999 28 78 -9999 70 -9999 60 90 23 13 76 13 -9999 -9999 5 18 67 -9999 6 -9999 66 66 77 72 -9999 63 -9999 -9999 -9999 12 -9999 88 33 5 95 56 42 34 5 -9999 55 51 -9999 19 14 94 16 45 26 46 96 -9999 5 91 90 93 -9999 4 85 45 72
57 17 59 29 58 70 13 68 97 -9999 -9999 36 96 9 -9999 44 61 91 72 28 54 69 22 53 67 60 63 92 95 71 89 3 -9999 5 -9999 -9999 -9999 22 63 94 36 62 4 45 47 0 7 74 45 -9999 38 10 -9999 91 57 5 90 22 51 65 47 91 61 68 5 29 29 69 72 3 12 42 -9999 6 63 60 65 59 72 12 79 56 73 48 67
-9999 85 22 24 61 78 -9999 39 46 -9999 82 40 -9999 5 31 31 90 63 89 3 84 41 21 87 33 -9999 46 18 28 97 1 15 90 40 43 44 39 4 82 22 78 91 -9999 -9999 98 -9999 92 40 77 -9999 46 79 66 65 54 27 -9999 60 14 46 12 -9999 7 58 17 84 79 82 33 93 30 64 39 3 40 -9999 -9999 -9999 -9999 61 32 44 -9999 26
49 -9999 94 99 -9999 21 51 81 -9999 95 -9999 53 23 39 22 46 59 89 97 -9999 56 57 24 74 19 45 20 29 -9999 28 63 80 26 62 94 3 45 77 90 13 93 76 -9999 6 -9999 11 -9999 20 21 -9999 -9999 26 6 74 90 98 -9999 66 -9999 33 -9999 39 28 10 91 31 28 27 37 86 62 87 63 71 96 10 89 45 38 98 97 76 -9999
86 51 60 -9999 71 68 9 10 86 80 2 66 41 51 59 48 -9999 49 63 81 33 -9999 93 51 37 3 17 4 81 96 3 65 73 11 -9999 8 65 85 25 -9999 64 -9999 95 10 74 38 94 43 -9999 29 -9999 81 72 -9999 72 79 32 11 -9999 -9999 44 32 86 63 5 89 52 22 36 -9999 77 -9999 64 45 -9999 -9999 -9999 40 77 89 -9999 -9999
15 35 -9999 26 32 -9999 70 -9999 8 36 39 71 69 6 76 79 -9999 96 89 67 -9999 46 -9999 85 13 25 56 3 87 97 -9999 48 -9999 15 54 -9999 -9999 2 31 91 4 20 -9999 54 36 9 83 21 17 -9999 88 71 81 23 -9999 27 -9999 48 34 6 26 37 4 22 52 7 20 32 3 14 97 -9999 54 83 10 58 72 -9999 4 58 22
94 64 96 45 59 49 44 91 2 32 38 68 -9999 9 22 78 48 -9999 -9999 93 6 63 83 18 38 55 -9999 10 -9999 43 14 52 93 61 69 82 34 26 15 37 79 51 25 18 35 40 89 27 42 78 63 68 68 77 22 -9999 57 -9999 52 -9999 85 -9999 9 95 76 30 -9999 19 86 86 65 11 -9999 90 31 88 16 32 75 80
-9999 6 -9999 20 94 92 8 87 19 -9999 80 24 58 -9999 86 19 76 -9999 35 20 12 -9999 89 6 -9999 33 27 60 37 -9999 49 59 -9999 36 16 47 -9999 -9999 23 20 95 -9999 57 94 57 -9999 53 93 -9999 6 0 69 98 32 -9999 25 12 16 -9999 92 76 14 -9999 86 2 78 92 22 60 80 90 60 25 53 61 92 92 6 93
-9999 11 81 57 -9999 -9999 46 36 -9999 55 37 100 29 15 29 -9999 -9999 -9999 51 -9999 83 1 62 74 53 55 92 82 49 -9999 -9999 90 82 78 60 58 79 73 11 15 55 29 26 51 87 68 58 8 55 88 6 6 24 -9999 1 82 27 28 8 -9999 17 77 99 87 90 59 66 53 85 59 97 1 14 74 -9999 -9999 -9999 65
65 40 68 30 49 80 47 43 6 81 97 79 65 -9999 4 99 -9999 74 90 80 64 78 -9999 -9999 54 -9999 50 45 64 0 17 7 97 -9999 41 -9999 74 7 -9999 46 79 10 0 -9999 -9999 15 34 -9999 0 -9999 -9999 72 89 -9999 49 51 -9999 54 9 -9999 91 3 13 97 23 25 20 53 -9999 -9999 35 69 17 40 21 59 4
78 37 -9999 38 89 -9999 28 63 46 41 56 93 76 -9999 -9999 -9999 15 67 59 35 16 31 33 41 -9999 -9999 28 56 60 81 -9999 94 60 46 54 -9999 32 69 63 14 66 26 47 61 -9999 64 84 84 52 69 76 3 14 15 24 18 65 69 94 34 99 50 52 11 -9999 46 79 42 45 37 6 15 98 -9999 36 43
39 1 37 96 54 14 -9999 9 -9999 62 -9999 -9999 61 97 -9999 -9999 -9999 83 -9999 -9999 34 67 52 29 -9999 84 -9999 3 85 38 45 90 -9999 2 -9999 52 97 15 62 -9999 -9999 80 78 35 54 -9999 64 35 -9999 -9999 -9999 87 65 29 24 -9999 -9999 -9999 79 85 -9999 35 46 40 69 7 55 -9999 30 25 9 50 -9999 78 73
75 -9999 35 62 7 35 45 92 69 -9999 -9999 19 46 38 25 -9999 -9999 -9999 79 56 89 3 52 -9999 -9999 85 26 56 48 68 12 -9999 50 44 -9999 -9999 60 86 75 -9999 1 11 52 -9999 71 95 -9999 77 48 65 100 74 -9999 57 50 -9999 -9999 8 33 48 -9999 3 -9999 28 78 54 54 44 8 -9999 -9999 38 21 67
60 73 59 -9999 21 62 12 13 -9999 46 -9999 4 7 29 61 75 -9999 36 35 57 35 -9999 43 15 60 15 -9999 35 93 62 4 34 31 18 22 98 60 8 61 -9999 70 29 81 80 48 90 89 75 11 23 28 -9999 99 63 28 -9999 26 41 88 -9999 80 57 17 62 9 58 38 6 88 76 45 9 48
69 30 58 22 76 58 -9999 -9999 65 75 71 50 29 38 29 56 87 54 -9999 26 10 26 1 98 34 25 80 27 -9999 -9999 40 -9999 47 -9999 76 61 79 51 95 70 33 34 1 23 81 15 17 90 4 89 65 36 61 30 26 85 39 -9999 45 5 -9999 -9999 47 72 90 64 58 37 47 76 -9999 40
29 89 78 70 85 66 12 63 16 63 -9999 19 7 44 78 32 30 8 -9999 1 34 50 -9999 0 64 23 23 76 73 93 94 69 66 -9999 63 55 72 10 -9999 -9999 56 -9999 -9999 21 90 67 49 59 14 26 84 19 15 78 21 9 2 78 20 85 9 77 13 55 58 55 19 15 35 96 -9999
26 -9999 14 -9999 84 3 57 26 51 23 70 2 55 -9999 75 4 -9999 46 16 55 62 25 -9999 81 60 61 -9999 1 90 96 93 -9999 52 -9999 -9999 -9999 90 79 6 44 14 22 98 52 -9999 98 19 28 86 22 97 39 41 65 34 -9999 46 62 43 8 41 57 87 -9999 -9999 53 -9999 46 52 78
12 -9999 85 -9999 23 -9999 19 6 33 43 35 42 45 -9999 -9999 -9999 19 -9999 -9999 17 -9999 -9999 66 40 11 35 12 87 64 92 56 94 82 -9999 44 57 75 54 62 -9999 91 -9999 -9999 92 73 -9999 53 -9999 94 72 52 4 -9999 98 93 68 71 51 51 -9999 75 -9999 29 9 -9999 -9999 -9999 50 -9999
23 6 28 17 54 12 60 96 23 -9999 -9999 70 42 20 46 -9999 -9999 -9999 42 57 13 -9999 84 97 2 79 75 76 7 -9999 -9999 40 -9999 94 12 69 -9999 96 20 74 52 77 63 3 89 43 84 37 3 68 100 11 67 38 52 -9999 27 4 67 27 38 27 20 46 83 22 -9999 20
26 25 16 10 58 35 15 46 6 56 -9999 -9999 32 95 69 46 51 3 13 -9999 75 35 7 59 68 73 -9999 39 99 2 57 50 53 17 28 27 56 -9999 77 86 97 56 59 -9999 26 60 5 59 2 14 24 97 94 35 56 85 -9999 -9999 58 -9999 84 69 41 3 85 78 58
3 -9999 90 64 3 14 53 87 -9999 72 70 44 42 79 -9999 83 -9999 79 71 84 33 -9999 98 54 -9999 15 -9999 13 69 -9999 49 23 2 -9999 37 95 86 10 91 58 91 57 32 10 -9999 -9999 54 46 -9999 41 -9999 10 67 47 42 83 -9999 2 -9999 59 35 11 55 6 4 38
29 52 56 98 37 -9999 94 86 72 30 63 -9999 58 -9999 -9999 -9999 85 15 8 63 60 82 -9999 10 86 84 43 83 -9999 -9999 96 40 -9999 18 33 75 -9999 64 14 81 66 99 -9999 87 11 -9999 -9999 -9999 44 91 83 96 -9999 90 7 94 -9999 -9999 79 20 19 1 1 86 10
95 98 42 92 -9999 37 27 63 37 72 5 7 42 60 76 70 49 72 30 24 -9999 92 9 30 66 16 76 -9999 59 32 49 51 6 95 29 34 5 -9999 -9999 -9999 19 15 55 11 60 41 -9999 -9999 61 60 100 4 44 -9999 13 -9999 26 -9999 -9999 14 7 1 78 -9999
27 -9999 4 2 40 12 79 -9999 3 22 -9999 75 -9999 66 -9999 29 86 11 88 80 41 75 60 0 18 3 -9999 49 54 61 -9999 -9999 82 9 85 45 21 29 -9999 -9999 -9999 9 17 8 44 8 75 72 96 36 93 -9999 -9999 47 46 19 57 81 100 17 8 75 22
51 -9999 96 37 79 83 35 88 23 58 -9999 77 -9999 78 15 91 34 22 48 54 82 7 12 58 9 79 91 64 89 8 13 -9999 3 58 -9999 42 -9999 -9999 -9999 70 -9999 8 61 -9999 -9999 -9999 29 10 35 50 -9999 34 85 43 35 59 14 -9999 -9999 45 82 7
73 -9999 91 57 53 55 43 89 -9999 11 11 95 1 29 19 54 7 23 74 3 58 51 55 79 52 19 65 3 83 38 -9999 90 49 -9999 10 15 31 22 11 26 67 46 -9999 18 42 10 11 4 46 72 -9999 0 82 50 -9999 31 95 3 35 46 35
29 -9999 48 3 13 -9999 40 69 44 5 52 66 -9999 61 36 31 -9999 47 4 92 1 13 11 97 0 66 97 -9999 85 31 19 59 86 91 94 45 -9999 71 -9999 80 29 72 68 70 54 57 96 14 30 10 90 5 16 9 98 60 74 22 51 -9999
37 19 30 -9999 -9999 48 73 -9999 53 81 -9999 13 70 78 91 67 5 24 -9999 53 53 91 48 23 -9999 5 14 -9999 21 -9999 15 97 -9999 41 -9999 48 99 82 31 62 10 35 64 21 79 11 11 87 82 74 88 -9999 55 62 75 -9999 -9999 30 81
32 50 5 -9999 12 15 93 -9999 -9999 -9999 49 54 74 83 13 84 -9999 23 69 31 36 80 25 82 -9999 -9999 34 34 61 -9999 21 51 68 -9999 52 19 28 76 63 7 84 34 79 -9999 65 12 39 48 -9999 29 66 55 1 78 40 30 91 92
4 -9999 57 12 -9999 15 43 62 29 29 91 31 48 18 -9999 79 5 88 19 57 68 93 37 34 16 32 26 51 94 82 100 40 43 15 67 96 85 52 6 24 -9999 -9999 37 33 57 66 12 33 -9999 66 27 56 -9999 38 43 10 64
88 15 91 17 4 87 72 60 33 87 65 -9999 0 9 -9999 -9999 7 -9999 93 26 64 83 68 -9999 26 36 88 31 -9999 9 12 59 -9999 68 97 98 33 78 21 40 41 78 21 66 67 -9999 13 7 51 85 15 -9999 19 1 42 48
32 29 -9999 51 19 -9999 -9999 70 48 25 44 86 66 64 50 45 -9999 51 87 12 -9999 -9999 8 22 45 43 80 75 6 42 5 -9999 -9999 84 66 -9999 68 22 4 -9999 100 15 -9999 98 -9999 85 -9999 56 -9999 -9999 93 22 51 3 6
8 2 7 83 89 68 83 74 -9999 -9999 87 3 85 20 44 26 92 26 -9999 80 -9999 -9999 54 82 32 89 98 27 61 49 -9999 -9999 56 89 65 -9999 -9999 39 7 -9999 28 84 62 14 32 27 37 -9999 58 4 40 51 52 -9999
15 78 51 -9999 13 16 67 2 58 87 62 -9999 99 52 23 -9999 49 72 -9999 36 10 15 81 3 40 59 7 -9999 31 45 50 58 98 66 -9999 60 62 83 78 47 20 79 -9999 -9999 46 1 -9999 13 -9999 77 40 7 45
46 -9999 6 -9999 97 36 -9999 93 16 94 52 -9999 73 58 17 70 71 26 13 72 0 -9999 26 63 40 3 58 11 -9999 76 16 41 -9999 89 18 73 -9999 0 35 97 -9999 22 -9999 -9999 51 91 -9999 -9999 37 27 57 6
-9999 35 32 15 97 61 45 15 91 -9999 27 61 98 98 85 48 -9999 60 -9999 98 16 79 -9999 96 19 1 1 93 -9999 39 93 62 -9999 24 -9999 47 8 58 81 63 18 85 -9999 -9999 60 -9999 -9999 10 -9999 68 18
-9999 18 85 76 83 91 81 19 59 -9999 -9999 75 74 79 15 75 73 75 13 38 3 99 44 11 54 45 -9999 7 14 -9999 -9999 12 -9999 20 -9999 37 41 6 5 94 52 7 9 46 31 97 27 22 47 -9999
-9999 -9999 15 97 63 38 87 65 63 23 36 8 73 43 63 79 1 75 -9999 49 28 66 24 61 23 -9999 23 38 68 48 9 26 -9999 21 8 43 92 -9999 -9999 49 39 -9999 -9999 54 63 -9999 69 -9999 2
16 99 -9999 79 40 51 16 28 -9999 -9999 60 45 -9999 95 -9999 86 32 96 -9999 72 84 55 59 56 -9999 33 36 -9999 29 6 6 38 63 85 17 82 41 96 25 43 39 78 36 86 -9999 1 -9999 1
18 -9999 75 4 -9999 -9999 78 26 49 4 69 4 84 41 -9999 30 68 7 -9999 54 66 18 25 1 52 96 -9999 -9999 -9999 -9999 38 18 18 75 48 35 43 28 -9999 -9999 38 67 58 13 26 -9999 63
88 6 53 78 66 38 15 33 45 49 37 -9999 -9999 -9999 87 48 32 18 28 5 26 -9999 30 18 53 35 76 2 24 83 66 34 37 83 20 2 79 32 81 62 7 4 -9999 60 85 68
54 90 84 68 76 1 64 90 63 -9999 31 -9999 78 93 0 83 43 38 71 81 13 82 55 91 50 20 26 9 7 33 64 8 47 98 41 -9999 11 94 66 96 18 66 -9999 60 17
97 51 22 1 14 -9999 -9999 -9999 13 82 59 58 60 16 97 88 -9999 42 81 -9999 -9999 54 68 90 -9999 87 24 89 41 99 -9999 26 17 19 10 -9999 -9999 86 99 75 36 22 90 -9999
60 73 21 9 -9999 -9999 -9999 53 15 95 -9999 40 -9999 39 44 73 8 29 -9999 -9999 4 81 35 -9999 29 42 54 39 85 90 59 82 60 71 97 73 51 10 33 -9999 47 49 91
29 62 89 12 -9999 47 62 60 44 40 23 89 -9999 10 61 51 76 11 50 3 96 49 9 20 75 -9999 8 96 21 36 70 25 54 67 -9999 28 54 71 95 34 38 56
38 21 66 -9999 77 -9999 27 27 59 9 -9999 96 19 -9999 24 32 81 -9999 0 -9999 93 22 -9999 80 -9999 63 62 88 -9999 37 6 42 -9999 -9999 88 73 53 -9999 73 52 -9999
31 9 6 -9999 20 20 10 71 79 7 78 71 26 27 76 50 -9999 33 -9999 50 -9999 3 54 43 38 -9999 67 71 98 32 77 82 90 -9999 9 55 88 25 7 -9999
58 50 81 72 99 99 88 10 94 42 73 -9999 83 90 54 60 45 77 -9999 -9999 4 63 50 10 -9999 -9999 75 34 10 -9999 9 59 29 -9999 -9999 9 96 91 53
76 15 55 11 20 49 2 39 -9999 24 74 100 85 49 38 -9999 81 74 9 49 5 51 -9999 27 9 92 47 55 86 71 18 -9999 -9999 54 98 99 96 39
67 -9999 21 12 14 -9999 20 1 -9999 66 58 53 71 36 26 49 -9999 100 42 90 18 -9999 24 24 85 76 53 -9999 65 5 -9999 54 10 26 15 95 11
98 71 63 44 46 20 14 27 50 63 92 31 58 62 22 10 76 8 4 6 65 68 92 77 86 47 16 -9999 80 -9999 -9999 47 -9999 -9999 -9999 16
29 63 64 71 -9999 61 -9999 14 81 82 65 67 15 89 70 50 3 -9999 7 -9999 0 83 95 23 1 50 56 87 53 73 -9999 -9999 46 4 68
23 1 55 13 8 -9999 11 94 -9999 -9999 6 86 6 25 -9999 27 68 94 50 99 99 81 -9999 -9999 1 74 26 44 78 29 77 16 -9999 -9999
27 81 27 19 74 65 -9999 29 13 100 -9999 24 53 36 15 -9999 50 3 -9999 91 -9999 -9999 32 90 94 84 -9999 87 99 87 67 7 19
56 49 16 -9999 28 46 -9999 -9999 52 62 58 48 57 32 10 94 33 71 26 43 26 40 5 44 45 82 71 -9999 75 22 -9999 -9999
58 87 -9999 76 -9999 57 -9999 13 55 50 85 37 12 60 -9999 42 -9999 48 88 -9999 -9999 87 -9999 -9999 46 -9999 37 60 58 50 77
-9999 60 39 19 79 69 24 93 59 95 92 64 70 34 36 10 37 96 59 -9999 42 67 24 29 -9999 -9999 -9999 -9999 25 50
65 15 30 28 4 21 -9999 58 -9999 -9999 65 45 72 8 -9999 1 98 -9999 43 -9999 41 87 55 75 37 96 -9999 78 28
75 3 34 89 80 67 76 87 17 90 48 37 77 58 20 78 75 95 59 -9999 49 -9999 37 74 48 96 83 79
72 33 10 -9999 16 22 26 71 98 66 21 -9999 -9999 93 65 56 4 26 -9999 52 45 -9999 47 8 55 28 -9999
83 -9999 84 19 -9999 48 -9999 19 50 6 91 10 -9999 10 28 -9999 -9999 63 47 16 83 -9999 70 15 44 21
12 62 59 94 32 35 93 53 84 88 73 49 74 69 19 52 33 39 -9999 74 77 49 11 24 16
45 13 83 -9999 68 -9999 87 93 48 32 52 42 78 60 -9999 13 9 81 5 68 -9999 -9999 75 37
64 -9999 60 64 67 -9999 80 1 92 77 97 43 84 -9999 19 -9999 10 -9999 79 31 91 54 10
43 -9999 -9999 -9999 84 35 12 85 80 52 58 48 58 -9999 42 -9999 -9999 2 92 37 85 72
86 65 -9999 14 91 11 21 41 10 -9999 -9999 -9999 89 74 19 38 35 64 49 25 2
31 71 -9999 -9999 28 9 34 -9999 80 91 66 60 62 43 48 80 65 31 11 20
28 -9999 1 65 58 6 -9999 56 58 -9999 78 -9999 33 46 49 51 80 6 59
50 62 81 28 81 52 77 88 68 98 -9999 45 -9999 89 29 96 59 57
95 18 96 40 19 23 82 38 2 13 49 22 62 45 14 -9999 17
75 -9999 71 -9999 3 74 95 -9999 -9999 55 -9999 89 37 -9999 13 78
82 -9999 5 62 13 -9999 92 -9999 -9999 17 50 44 19 1 59
1 32 95 88 1 -9999 -9999 48 78 32 39 -9999 41 35
77 94 -9999 70 40 86 83 72 64 -9999 -9999 1 12
3 77 45 -9999 49 51 6 95 47 96 1 -9999
12 76 65 60 64 2 19 66 -9999 8 -9999
51 -9999 92 -9999 -9999 43 3 -9999 85 55
37 -9999 13 11 23 97 58 27 73
32 81 21 28 -9999 2 11 37
81 32 21 70 44 91 -9999
80 11 9 21 29 90
44 -9999 -9999 14 56
3 89 -9999 19
54 23 73
-9999 29
14
