100
68 -9999 -9999 21 -9999 11 90 -9999 27 42 81 13 32 96 61 59 46 23 80 51 4 88 77 -9999 2 57 -9999 19 99 28 -9999 16 82 72 26 -9999 63 63 11 47 40 13 77 32 58 94 42 24 4 27 98 50 58 2 63 79 25 15 75 35 74 9 11 -9999 65 97 93 19 -9999 -9999 77 61 30 86 35 98 29 60 36 48 99 48 49 51 58 -9999 -9999 -9999 -9999 -9999 47 16 55 18 -9999 90 -9999 51 59
55 85 86 67 1 29 75 89 -9999 53 35 53 37 -9999 54 59 -9999 92 20 40 -9999 35 78 -9999 86 99 6 -9999 -9999 13 -9999 55 13 -9999 -9999 2 97 97 9 9 84 40 82 59 59 92 62 52 -9999 28 -9999 36 -9999 25 6 15 -9999 42 77 43 -9999 -9999 66 -9999 47 -9999 63 21 26 -9999 -9999 56 93 66 78 97 34 94 29 11 93 30 68 47 42 31 41 -9999 20 27 75 31 45 68 42 61 49 -9999
63 42 73 77 -9999 -9999 97 -9999 93 59 64 62 37 52 46 2 -9999 2 -9999 34 20 -9999 86 91 72 2 100 5 -9999 -9999 12 81 53 33 10 1 30 -9999 -9999 23 30 5 74 30 56 27 79 36 -9999 45 67 67 94 8 -9999 -9999 43 61 -9999 56 96 45 -9999 83 80 57 91 21 94 81 77 -9999 60 22 35 33 51 58 -9999 15 96 75 52 8 -9999 83 17 55 -9999 15 32 79 93 -9999 21 79 50
57 40 92 -9999 -9999 56 88 13 57 -9999 4 66 -9999 94 24 27 -9999 80 72 -9999 12 50 91 -9999 66 80 49 40 -9999 60 89 10 44 -9999 20 28 94 62 76 71 100 -9999 36 93 -9999 7 4 83 6 76 80 84 59 36 29 17 -9999 23 63 2 96 26 -9999 29 11 -9999 37 82 40 39 -9999 81 47 46 49 74 7 7 88 -9999 86 57 72 90 23 82 2 4 16 12 20 -9999 44 -9999 73 -9999
93 44 74 6 -9999 83 -9999 74 78 5 24 54 -9999 15 66 88 66 32 86 -9999 95 -9999 7 34 3 99 7 75 68 10 97 46 -9999 31 -9999 2 26 63 18 77 52 30 72 36 -9999 72 34 54 22 62 66 68 83 69 43 -9999 80 25 42 54 50 9 86 -9999 74 -9999 56 38 9 57 58 92 5 88 17 8 80 93 4 -9999 -9999 34 48 -9999 13 66 70 21 28 -9999 60 6 27 86 58
19 82 -9999 80 14 2 -9999 -9999 10 57 -9999 74 15 -9999 30 73 39 -9999 75 24 67 39 -9999 45 -9999 58 36 80 -9999 92 33 20 27 99 41 18 4 -9999 94 56 -9999 -9999 -9999 28 87 32 -9999 -9999 62 28 56 -9999 16 1 43 72 -9999 23 31 77 -9999 2 64 89 0 21 4 -9999 8 18 -9999 14 96 51 65 42 7 90 65 42 67 73 98 73 -9999 1 3 -9999 91 15 50 -9999 -9999 57
8 61 61 -9999 69 64 -9999 -9999 18 -9999 -9999 84 92 -9999 -9999 74 41 39 -9999 -9999 20 23 5 87 41 82 6 5 9 76 12 -9999 43 42 -9999 77 74 52 31 65 65 -9999 42 11 63 15 48 70 64 82 39 -9999 95 12 54 -9999 47 9 -9999 29 54 -9999 44 -9999 50 39 86 86 24 -9999 43 33 25 34 1 94 4 54 62 -9999 -9999 -9999 -9999 60 57 -9999 84 -9999 72 -9999 12 13 19
98 14 87 -9999 89 23 6 44 12 37 -9999 -9999 17 -9999 30 -9999 98 69 64 29 -9999 77 14 50 -9999 29 7 34 96 60 28 53 42 3 -9999 17 67 5 99 4 95 -9999 53 47 89 -9999 47 17 -9999 93 -9999 41 78 50 5 6 -9999 49 80 80 21 35 82 -9999 75 88 -9999 6 37 76 -9999 63 -9999 92 -9999 30 43 94 4 36 5 -9999 38 37 18 71 62 44 46 29 32 54
50 87 2 74 24 89 -9999 38 80 61 33 95 48 -9999 -9999 74 57 -9999 19 15 25 -9999 97 22 25 -9999 59 70 -9999 62 91 91 -9999 -9999 44 11 -9999 33 -9999 30 39 95 13 20 -9999 72 7 17 44 60 77 65 18 19 51 42 67 55 24 80 -9999 63 37 97 73 28 71 80 40 40 72 16 45 -9999 78 49 92 -9999 74 12 -9999 18 1 -9999 61 46 25 32 19 69 91
-9999 80 90 60 93 71 7 85 11 72 88 -9999 48 -9999 46 13 15 -9999 -9999 -9999 92 92 35 86 88 40 21 51 34 29 53 75 -9999 54 64 50 -9999 30 5 -9999 -9999 94 98 83 57 64 55 83 98 -9999 6 85 -9999 8 21 -9999 84 30 -9999 49 4 -9999 62 91 57 88 46 52 11 43 42 31 38 52 99 -9999 8 98 -9999 63 -9999 -9999 87 45 4 19 53 1 -9999 47
-9999 71 8 58 12 -9999 90 86 65 46 -9999 56 69 -9999 52 38 82 30 33 27 37 -9999 96 99 31 97 15 -9999 41 5 -9999 90 43 92 15 59 66 100 80 92 15 33 47 6 75 34 36 -9999 15 59 -9999 86 96 -9999 22 -9999 40 -9999 98 -9999 32 19 37 90 53 8 48 23 51 12 36 20 98 23 38 86 21 73 52 91 40 52 72 95 -9999 89 10 17 58
57 48 70 87 93 24 48 99 7 48 91 -9999 73 32 84 -9999 20 -9999 98 -9999 -9999 61 98 96 76 52 31 -9999 30 85 11 -9999 6 69 19 64 15 32 21 85 -9999 100 29 -9999 -9999 -9999 24 72 63 39 87 37 11 -9999 26 22 -9999 100 -9999 12 69 63 34 64 70 49 79 -9999 64 5 -9999 57 48 81 57 87 56 17 67 -9999 98 53 30 29 70 68 86 24
91 93 -9999 48 52 70 95 24 71 54 -9999 35 37 93 71 85 28 91 66 35 85 91 22 54 56 -9999 78 73 2 47 90 95 8 89 -9999 64 27 7 3 3 94 90 -9999 18 75 56 83 2 63 60 57 22 -9999 66 -9999 92 19 93 79 36 79 24 78 81 86 -9999 75 31 92 -9999 -9999 2 7 84 63 -9999 33 22 69 91 76 69 29 99 32 28 78
33 8 35 41 43 94 -9999 -9999 31 46 27 -9999 34 84 14 54 81 98 64 -9999 45 -9999 51 -9999 55 99 84 46 98 -9999 33 89 31 22 62 48 5 17 -9999 26 28 95 -9999 1 70 28 20 43 80 51 -9999 54 93 92 -9999 -9999 89 89 20 91 7 44 53 83 -9999 30 79 79 7 92 99 84 55 39 92 88 17 82 68 -9999 3 4 50 46 90 73
37 39 82 69 98 28 7 -9999 37 81 50 92 36 6 33 27 -9999 -9999 -9999 91 37 75 32 58 30 80 -9999 83 64 49 69 52 96 -9999 22 -9999 -9999 -9999 93 49 98 75 18 -9999 45 67 85 54 34 61 27 11 22 -9999 -9999 14 11 50 31 -9999 83 -9999 65 2 92 81 10 34 20 69 10 52 27 40 21 -9999 11 19 43 56 54 10 71 99 75
80 18 58 14 99 98 88 13 -9999 63 95 81 90 14 18 -9999 17 -9999 22 99 -9999 13 16 99 40 31 40 -9999 37 25 -9999 95 47 61 23 68 1 68 48 46 -9999 37 -9999 58 42 94 42 10 35 85 7 55 1 57 61 89 20 -9999 40 -9999 38 -9999 33 38 46 44 80 12 22 15 93 17 -9999 68 9 22 82 17 50 31 -9999 -9999 2 80
-9999 64 18 98 27 21 -9999 11 40 52 80 30 27 20 91 26 35 -9999 2 14 61 76 66 86 92 27 100 20 90 77 4 93 97 98 81 67 61 93 41 24 -9999 40 27 76 50 16 59 18 93 45 67 81 3 80 75 89 27 77 61 71 12 2 72 80 86 83 76 42 -9999 12 82 63 34 -9999 11 11 41 -9999 16 4 83 2 100
47 52 57 80 3 33 -9999 27 38 56 74 84 -9999 22 -9999 -9999 20 4 13 49 23 -9999 70 14 73 88 37 85 57 29 79 5 18 -9999 67 64 30 83 -9999 -9999 97 91 99 38 8 -9999 25 94 60 18 91 2 4 95 80 -9999 88 89 8 81 56 51 70 62 94 92 -9999 61 87 46 32 -9999 9 5 83 43 96 59 25 52 0 71
47 -9999 48 91 10 22 7 76 88 22 -9999 -9999 44 -9999 26 -9999 18 41 41 44 89 82 94 16 -9999 54 1 69 -9999 75 -9999 -9999 99 64 23 -9999 72 86 45 1 3 10 56 71 -9999 78 -9999 93 27 98 21 100 92 33 78 100 62 66 30 86 1 29 33 33 60 53 -9999 -9999 8 -9999 64 40 92 80 29 86 29 23 67 34 55
-9999 26 1 33 58 19 96 83 -9999 71 26 -9999 -9999 -9999 86 23 19 -9999 23 -9999 -9999 -9999 7 62 94 10 -9999 49 98 41 26 79 15 -9999 -9999 82 16 -9999 58 46 -9999 89 62 65 -9999 95 92 19 -9999 -9999 -9999 -9999 -9999 66 26 50 92 28 46 11 -9999 52 -9999 49 74 65 76 55 95 67 71 23 97 -9999 37 17 -9999 33 -9999 -9999
25 -9999 76 65 83 -9999 92 -9999 18 -9999 13 90 89 85 9 -9999 -9999 53 83 39 11 99 18 -9999 87 71 18 66 60 -9999 30 26 12 33 -9999 77 -9999 96 93 6 61 32 23 27 31 74 54 90 70 99 67 17 -9999 31 74 99 -9999 45 66 -9999 -9999 42 -9999 2 45 -9999 58 47 39 11 94 4 13 61 64 95 21 -9999 -9999
7 -9999 35 76 33 19 24 73 -9999 40 83 -9999 81 98 -9999 51 8 74 89 85 26 59 85 86 95 5 61 29 79 72 73 65 24 82 33 85 25 -9999 68 89 18 75 35 82 86 38 61 18 30 -9999 52 20 59 58 73 78 -9999 32 -9999 5 -9999 1 -9999 -9999 58 14 69 16 92 -9999 67 49 -9999 25 -9999 -9999 80 73
-9999 -9999 -9999 -9999 20 44 31 74 -9999 49 49 20 91 -9999 14 2 42 33 71 12 32 -9999 95 45 71 -9999 -9999 58 58 23 32 -9999 36 88 72 9 41 -9999 -9999 -9999 75 84 52 17 96 6 40 86 86 -9999 28 96 30 1 25 72 -9999 2 59 89 -9999 70 79 43 20 1 62 96 84 10 14 7 -9999 81 -9999 17 -9999
-9999 84 5 33 5 70 -9999 75 -9999 42 -9999 -9999 -9999 -9999 -9999 8 53 71 99 99 2 34 -9999 -9999 85 -9999 48 54 11 37 17 52 5 49 26 24 21 2 59 -9999 55 44 93 57 6 15 -9999 8 89 1 39 59 6 -9999 -9999 27 21 -9999 -9999 1 35 -9999 65 -9999 19 37 0 13 94 59 22 14 -9999 63 -9999 -9999
42 21 71 83 58 14 -9999 40 -9999 11 83 -9999 65 99 -9999 66 69 12 17 47 58 75 41 22 15 36 49 100 11 82 41 -9999 45 66 18 94 91 3 32 -9999 33 69 97 21 -9999 86 -9999 11 77 96 79 68 44 39 77 21 29 99 39 -9999 31 -9999 54 7 34 83 6 99 64 63 6 24 17 -9999 -9999
-9999 73 49 88 63 25 67 -9999 89 9 -9999 -9999 98 63 38 26 70 24 86 22 36 41 23 21 16 21 38 52 2 -9999 67 63 66 17 46 54 -9999 -9999 37 88 40 69 2 42 58 -9999 41 34 70 82 -9999 -9999 83 24 50 67 -9999 46 65 78 26 92 13 -9999 -9999 62 91 31 74 59 13 35 -9999 -9999
-9999 16 -9999 81 94 66 -9999 63 99 11 73 -9999 51 -9999 63 17 84 47 -9999 92 48 26 -9999 51 16 -9999 71 63 68 55 24 12 49 43 67 43 5 28 7 29 35 65 12 70 83 -9999 18 21 14 -9999 69 89 43 -9999 47 8 -9999 85 -9999 92 -9999 22 26 -9999 -9999 62 33 -9999 31 47 56 40 88
-9999 55 40 26 50 52 -9999 51 31 33 96 25 3 3 87 60 11 -9999 19 93 51 -9999 6 74 -9999 65 4 99 52 -9999 36 27 -9999 78 53 20 -9999 98 6 -9999 68 16 24 41 -9999 87 14 9 54 9 62 -9999 -9999 52 88 -9999 -9999 26 -9999 2 5 43 -9999 20 92 -9999 19 97 56 56 25 31
44 57 11 73 3 -9999 -9999 54 76 20 8 50 63 38 99 -9999 57 17 54 96 24 60 76 12 -9999 -9999 93 10 2 -9999 34 69 -9999 50 69 73 84 -9999 66 -9999 84 53 -9999 29 53 69 -9999 27 80 36 89 31 -9999 70 85 12 7 45 -9999 -9999 74 41 61 12 52 82 56 66 83 11 62
99 -9999 87 4 90 31 19 90 22 67 -9999 24 58 66 21 -9999 8 80 37 33 51 13 84 13 92 48 -9999 36 -9999 11 100 64 55 87 69 6 -9999 14 97 0 56 43 37 69 20 78 32 77 57 90 83 -9999 56 15 66 1 75 93 39 97 30 6 -9999 38 -9999 75 -9999 29 30 47
71 47 36 -9999 93 71 30 12 4 -9999 56 24 93 29 83 21 85 1 47 23 66 49 93 62 11 81 100 -9999 41 37 70 44 86 41 4 73 51 15 -9999 81 48 37 33 -9999 67 96 -9999 12 77 31 31 -9999 49 5 48 4 -9999 29 72 4 63 94 23 1 -9999 55 44 51 83
44 13 81 86 11 16 37 40 11 -9999 46 86 -9999 49 36 86 -9999 44 16 55 -9999 -9999 -9999 7 11 56 96 77 23 37 77 -9999 4 -9999 96 76 5 -9999 10 36 26 51 55 99 36 64 56 53 3 57 5 9 82 23 5 -9999 71 -9999 81 -9999 -9999 -9999 35 -9999 10 28 75 54
15 14 50 92 68 89 97 96 -9999 82 30 78 45 54 88 63 62 42 72 100 69 76 42 12 54 26 33 56 72 60 23 53 45 88 -9999 13 91 50 -9999 89 100 -9999 19 2 65 -9999 18 90 44 16 14 -9999 34 -9999 16 -9999 -9999 78 -9999 9 37 10 100 -9999 77 59 89
35 39 -9999 46 5 78 -9999 65 50 -9999 44 93 41 -9999 64 48 -9999 50 6 87 25 31 29 1 47 90 72 -9999 82 -9999 97 -9999 81 92 53 88 3 83 79 94 10 99 29 90 68 16 16 82 63 -9999 17 39 2 75 19 92 36 7 72 44 5 2 36 40 60 50
-9999 26 53 53 69 -9999 72 78 -9999 10 56 53 45 11 80 -9999 -9999 32 59 29 78 43 -9999 88 86 96 62 44 68 -9999 -9999 36 95 -9999 6 -9999 19 -9999 34 99 14 71 57 76 25 45 69 -9999 93 59 44 30 2 82 33 69 16 63 89 -9999 -9999 -9999 68 -9999 50
-9999 88 -9999 57 37 49 90 23 -9999 9 26 -9999 -9999 73 42 -9999 18 7 90 22 65 17 -9999 17 67 33 36 10 -9999 35 63 78 17 32 47 15 55 -9999 21 13 3 -9999 91 6 43 14 8 -9999 69 37 62 98 3 90 55 85 71 91 96 76 65 6 -9999 23
32 86 -9999 26 19 -9999 89 79 -9999 28 69 68 62 5 -9999 34 -9999 -9999 35 16 4 48 -9999 9 45 33 96 71 49 18 -9999 95 19 64 12 17 85 58 46 44 93 -9999 10 85 96 46 82 45 25 20 56 0 26 40 68 95 8 21 10 -9999 88 -9999 50
15 34 76 -9999 30 17 94 62 -9999 17 85 -9999 -9999 24 8 67 14 93 1 20 33 87 7 25 72 62 63 31 83 31 58 99 26 88 88 70 19 55 71 35 39 11 92 2 81 15 14 64 37 18 9 46 65 31 -9999 95 -9999 18 93 73 41 65
69 79 46 38 29 53 43 47 23 -9999 34 21 38 18 97 -9999 -9999 20 18 51 -9999 17 37 -9999 -9999 -9999 95 40 53 49 87 40 -9999 61 91 32 65 77 -9999 58 49 86 -9999 7 8 53 -9999 81 -9999 93 89 16 67 -9999 5 29 29 91 46 -9999 92
19 1 74 -9999 76 3 18 89 -9999 -9999 3 23 35 97 47 34 79 59 97 42 33 94 23 18 39 -9999 95 -9999 94 24 89 -9999 71 44 38 96 68 -9999 -9999 63 27 -9999 -9999 47 3 49 63 19 82 -9999 -9999 -9999 20 68 92 60 19 13 3 19
1 4 53 50 35 66 -9999 97 49 46 -9999 91 31 -9999 6 40 -9999 73 29 -9999 -9999 83 71 43 34 9 93 14 96 -9999 25 15 90 -9999 34 75 -9999 67 2 25 78 19 59 58 79 83 15 46 19 89 40 47 73 17 97 -9999 39 7 91
-9999 -9999 -9999 -9999 22 27 95 9 16 -9999 67 72 -9999 33 62 93 96 60 -9999 -9999 75 -9999 42 22 93 90 50 -9999 -9999 73 63 24 -9999 20 -9999 76 -9999 74 25 -9999 56 36 49 97 64 94 56 26 33 74 -9999 -9999 69 48 61 69 77 73
-9999 100 85 60 99 50 46 89 -9999 5 54 28 -9999 57 -9999 -9999 20 56 29 -9999 15 87 65 25 56 -9999 -9999 8 26 85 83 29 -9999 75 -9999 30 -9999 82 26 48 13 42 84 -9999 -9999 -9999 56 93 4 12 -9999 99 -9999 -9999 22 43 74
-9999 49 23 84 -9999 86 16 -9999 59 95 37 4 83 33 100 94 4 49 6 29 -9999 78 41 -9999 95 69 97 18 42 35 -9999 42 11 -9999 83 39 22 93 16 66 93 62 51 23 65 27 69 11 65 27 -9999 46 31 30 74 79
79 58 6 -9999 23 82 97 84 39 18 58 93 10 84 54 -9999 54 97 84 54 90 -9999 85 28 13 89 95 71 91 50 48 94 84 61 38 59 57 53 38 -9999 60 43 84 98 91 29 35 71 83 67 66 -9999 19 -9999 64
70 81 76 9 36 97 11 60 40 80 52 49 74 24 25 31 15 24 90 73 47 92 -9999 55 75 57 80 95 24 16 -9999 -9999 89 16 77 98 68 52 33 12 98 -9999 34 -9999 25 53 -9999 -9999 89 45 68 -9999 28 87
99 -9999 70 95 93 51 6 -9999 34 -9999 33 84 93 53 19 96 43 -9999 32 3 -9999 80 85 13 -9999 -9999 81 36 -9999 86 43 37 51 7 34 71 26 73 25 34 40 68 82 46 26 94 57 41 11 98 54 15 0
76 60 -9999 77 79 63 41 64 92 86 90 -9999 80 -9999 11 54 34 5 28 94 -9999 87 65 45 78 75 -9999 -9999 31 8 81 76 79 92 58 66 25 81 92 -9999 59 80 50 97 -9999 -9999 44 36 -9999 32 64 85
-9999 61 -9999 94 37 51 80 55 5 -9999 17 50 -9999 70 86 42 -9999 20 31 41 98 19 82 82 5 34 27 30 -9999 31 89 74 8 -9999 60 16 23 58 18 36 51 16 80 -9999 54 44 84 50 -9999 9 47
44 -9999 19 16 90 57 -9999 86 69 -9999 81 14 32 52 95 -9999 98 80 27 7 86 96 -9999 40 -9999 74 -9999 -9999 63 -9999 89 32 63 39 -9999 12 34 60 80 13 62 43 49 87 -9999 97 30 82 56 -9999
43 -9999 36 -9999 48 -9999 55 11 -9999 16 77 -9999 52 87 48 62 -9999 53 -9999 45 54 73 -9999 65 26 26 -9999 77 -9999 70 67 71 58 67 77 -9999 96 2 41 85 48 85 6 69 57 63 93 -9999 97
-9999 28 -9999 96 75 41 55 23 -9999 38 71 -9999 17 42 40 43 83 -9999 93 -9999 93 -9999 1 54 29 -9999 89 2 -9999 23 -9999 15 76 9 75 41 -9999 64 80 53 -9999 22 -9999 94 84 60 -9999 -9999
71 90 21 -9999 -9999 18 86 73 48 15 -9999 38 19 98 99 11 45 95 11 -9999 3 86 79 99 94 -9999 9 68 79 73 97 41 37 39 73 68 49 43 -9999 2 -9999 14 30 -9999 94 13 62
4 97 62 74 22 2 -9999 74 54 80 1 21 8 94 43 46 67 23 80 69 18 66 76 83 93 55 78 56 19 25 20 27 1 -9999 4 -9999 10 1 44 22 -9999 -9999 28 64 7 27
-9999 71 6 6 88 77 -9999 2 28 34 89 1 81 90 4 18 95 80 -9999 23 2 90 -9999 -9999 97 40 27 55 33 -9999 28 85 68 79 -9999 30 41 89 16 62 79 15 59 12 43
-9999 -9999 -9999 49 -9999 18 99 98 54 -9999 24 37 73 9 38 52 -9999 22 67 26 3 97 23 67 19 4 -9999 99 50 84 65 37 37 -9999 44 46 -9999 35 92 15 42 -9999 27 23
99 -9999 1 94 94 -9999 2 -9999 97 45 32 3 21 41 61 53 53 32 36 72 89 9 41 -9999 68 -9999 -9999 60 7 74 40 17 14 60 86 87 6 96 90 39 52 64 26
93 58 22 -9999 33 39 46 2 15 74 95 31 22 23 -9999 66 78 25 84 84 66 92 -9999 23 13 94 82 -9999 33 24 43 66 69 64 -9999 31 57 39 55 -9999 -9999 78
63 73 -9999 30 1 38 22 -9999 50 86 -9999 78 6 51 -9999 75 85 24 12 16 64 76 15 34 35 -9999 -9999 -9999 17 -9999 72 92 71 98 -9999 20 20 28 99 50 46
61 27 -9999 76 41 71 42 48 34 82 89 33 -9999 99 90 -9999 -9999 21 14 4 57 81 50 21 57 50 62 -9999 63 44 69 38 -9999 80 81 20 -9999 46 99 95
83 43 89 -9999 64 85 -9999 87 33 49 38 2 36 36 -9999 71 10 54 35 -9999 72 64 73 93 55 -9999 30 86 5 -9999 32 -9999 -9999 94 13 47 82 85 77
62 84 9 70 37 -9999 92 32 7 36 11 81 3 30 8 94 80 45 64 79 -9999 -9999 72 71 -9999 19 -9999 -9999 36 25 65 62 27 2 72 16 48 41
11 2 95 -9999 16 100 4 61 -9999 96 1 91 33 8 42 9 82 42 82 -9999 47 4 82 -9999 3 45 81 17 -9999 44 16 78 -9999 94 95 -9999 68
29 96 59 37 100 57 25 -9999 6 11 -9999 24 36 21 86 11 71 100 -9999 49 -9999 49 4 46 -9999 75 99 96 74 31 -9999 45 35 93 61 26
-9999 18 51 29 36 67 52 7 0 30 41 -9999 83 20 61 90 96 21 29 77 89 38 71 72 73 -9999 74 -9999 62 34 98 5 67 45 39
-9999 -9999 37 -9999 32 -9999 -9999 43 29 58 18 30 57 92 41 -9999 -9999 63 -9999 96 86 61 71 21 1 51 -9999 61 33 57 36 63 37 54
-9999 36 1 -9999 -9999 -9999 66 29 97 20 82 67 61 88 57 87 17 39 28 -9999 21 -9999 40 86 -9999 65 42 -9999 11 42 0 88 69
-9999 -9999 80 44 64 87 3 7 64 -9999 33 72 70 89 -9999 68 68 68 95 53 16 54 78 78 29 3 -9999 75 63 49 -9999 66
36 78 66 -9999 78 95 10 -9999 72 93 70 -9999 -9999 10 57 14 83 -9999 -9999 27 82 49 51 -9999 31 40 11 56 25 10 71
90 -9999 -9999 63 69 45 67 18 -9999 95 42 48 63 -9999 8 83 75 -9999 -9999 88 6 68 51 46 74 -9999 31 66 6 -9999
19 42 54 3 -9999 53 47 30 85 93 -9999 24 47 23 65 38 83 23 65 31 17 30 -9999 35 42 21 91 -9999 -9999
26 5 13 -9999 -9999 -9999 11 38 22 -9999 3 82 6 -9999 81 22 -9999 33 -9999 52 -9999 16 31 -9999 28 85 -9999 73
80 15 23 72 6 89 75 63 56 91 11 66 41 64 68 10 -9999 94 -9999 82 34 89 58 26 49 61 62
78 56 69 19 33 85 86 75 46 92 96 -9999 73 43 43 59 66 69 -9999 63 75 65 48 -9999 49 11
-9999 82 -9999 -9999 97 -9999 90 57 -9999 -9999 -9999 4 39 -9999 97 95 91 76 10 48 87 43 99 90 78
98 -9999 23 47 61 67 85 91 -9999 34 53 5 19 99 94 49 72 8 31 43 73 -9999 21 3
9 77 80 71 100 -9999 69 33 68 94 88 52 -9999 31 10 75 13 -9999 100 27 -9999 10 -9999
20 30 42 -9999 -9999 92 -9999 31 33 20 -9999 29 25 48 40 36 20 -9999 81 95 80 69
24 35 -9999 2 82 88 71 -9999 28 55 63 84 63 86 94 79 74 69 47 90 20
-9999 39 90 47 8 94 83 21 15 8 22 -9999 59 82 27 55 74 96 20 49
86 61 77 -9999 38 62 74 46 38 50 94 38 92 74 69 17 73 40 98
58 13 79 -9999 98 42 58 34 38 41 8 -9999 24 47 87 98 -9999 32
21 29 32 24 99 18 56 3 62 3 14 31 -9999 64 27 39 14
-9999 8 99 -9999 74 -9999 99 51 72 62 37 96 68 1 77 19
56 71 25 79 87 13 41 22 -9999 23 59 23 11 95 8
44 19 3 -9999 -9999 46 21 -9999 16 76 -9999 60 7 69
64 -9999 72 56 52 41 83 30 92 86 82 67 62
14 25 54 90 -9999 93 46 86 90 -9999 16 44
23 85 24 89 -9999 -9999 91 84 49 -9999 51
22 -9999 93 98 18 69 93 88 35 -9999
26 32 75 31 46 26 2 97 47
90 -9999 47 67 45 26 14 97
93 -9999 -9999 94 66 17 2
58 14 55 32 30 92
16 -9999 91 -9999 27
95 71 -9999 33
21 44 -9999
25 -9999
51
