100
71 88 -9999 47 -9999 35 86 -9999 1 25 8 23 35 -9999 -9999 96 60 -9999 74 57 2 1 67 8 26 19 15 -9999 82 74 35 73 -9999 6 84 -9999 33 45 -9999 90 22 95 71 4 75 81 11 40 60 -9999 0 71 8 96 36 51 81 99 -9999 25 34 86 -9999 12 92 15 -9999 94 43 85 35 49 29 -9999 1 28 67 -9999 1 78 -9999 66 57 98 6 26 34 -9999 -9999 -9999 39 54 25 31 44 94 37 43 47
93 5 47 96 -9999 -9999 0 -9999 30 93 66 70 95 -9999 -9999 -9999 19 56 76 22 12 64 82 84 54 40 -9999 16 29 24 9 69 -9999 75 -9999 22 63 90 45 -9999 -9999 -9999 -9999 60 -9999 46 28 13 7 33 56 9 75 -9999 16 -9999 92 -9999 17 90 75 88 -9999 58 87 78 69 31 40 50 31 12 84 0 30 58 3 -9999 32 23 22 3 21 -9999 74 88 44 44 80 70 22 58 1 84 72 -9999 42 43
69 96 83 74 45 67 15 53 -9999 54 -9999 68 -9999 -9999 89 -9999 71 75 51 -9999 -9999 -9999 51 77 99 -9999 74 11 85 52 87 -9999 56 45 -9999 -9999 80 91 10 55 97 98 41 35 95 35 -9999 -9999 32 66 60 7 60 -9999 -9999 17 -9999 58 52 69 -9999 73 48 90 1 41 18 -9999 92 38 12 24 9 87 52 67 3 -9999 47 33 12 -9999 30 51 2 72 90 35 5 22 88 63 -9999 -9999 50 35 -9999
37 69 98 24 20 85 48 1 28 63 30 -9999 75 -9999 2 32 94 73 57 -9999 17 74 10 57 -9999 43 85 -9999 40 53 -9999 54 85 63 74 67 46 44 50 41 -9999 66 73 31 -9999 -9999 60 1 80 63 -9999 0 66 -9999 -9999 78 49 -9999 81 93 64 47 -9999 72 69 -9999 0 97 98 64 11 70 -9999 46 30 59 -9999 19 9 98 79 51 -9999 14 77 52 23 11 87 65 76 -9999 18 -9999 62 19
83 63 54 18 -9999 83 -9999 93 9 -9999 29 94 33 -9999 46 56 36 26 76 47 68 25 59 96 48 -9999 89 81 91 44 91 75 21 27 -9999 -9999 86 30 58 -9999 45 68 11 62 14 64 -9999 51 -9999 -9999 3 53 74 60 93 98 83 99 44 -9999 76 -9999 3 64 90 36 65 81 19 93 45 8 49 2 56 94 11 79 53 84 90 66 6 4 -9999 84 19 76 20 -9999 -9999 79 21 80 63
24 46 37 7 14 -9999 -9999 23 34 84 88 42 81 33 11 70 77 100 30 82 53 92 37 51 -9999 49 56 44 -9999 73 45 -9999 -9999 4 65 69 39 -9999 23 56 -9999 81 78 -9999 42 -9999 34 58 97 18 60 37 87 40 90 90 96 19 72 52 -9999 43 89 92 26 12 -9999 1 -9999 56 87 41 -9999 95 39 73 63 24 -9999 -9999 24 4 26 8 33 -9999 -9999 64 47 71 91 23 8 24
63 -9999 32 57 58 67 52 86 34 26 63 32 22 -9999 61 8 19 -9999 16 55 67 24 78 36 56 52 71 85 93 -9999 75 22 83 74 29 66 89 -9999 -9999 74 66 65 7 54 36 59 60 73 27 -9999 6 -9999 -9999 22 84 62 -9999 2 -9999 62 -9999 48 -9999 54 2 -9999 -9999 -9999 9 15 -9999 92 31 -9999 -9999 -9999 57 67 93 99 58 43 5 -9999 8 99 91 -9999 25 -9999 -9999 26 73
-9999 5 16 87 48 -9999 72 32 83 30 1 -9999 -9999 -9999 24 33 62 -9999 7 11 63 47 -9999 1 43 17 21 51 46 -9999 74 17 -9999 84 20 -9999 38 24 62 17 96 53 49 19 -9999 66 64 3 40 -9999 94 87 9 61 90 13 67 -9999 13 60 0 95 68 36 40 -9999 96 57 3 98 5 49 1 61 31 78 36 40 98 56 23 -9999 56 30 13 97 57 -9999 13 -9999 95 0
55 21 24 34 -9999 39 95 -9999 56 45 26 -9999 38 1 67 -9999 88 56 75 -9999 -9999 23 85 71 77 21 42 36 29 16 80 29 73 43 59 3 -9999 91 82 67 43 41 14 -9999 53 -9999 7 41 99 30 11 9 17 42 70 71 59 75 86 32 53 87 3 54 88 26 19 45 66 34 5 -9999 -9999 67 -9999 59 85 26 87 65 8 -9999 100 93 67 44 60 53 45 60 96
89 -9999 30 -9999 22 61 51 3 -9999 -9999 -9999 77 32 23 61 14 42 44 64 9 4 -9999 93 28 -9999 98 44 55 -9999 38 -9999 24 -9999 75 33 82 7 21 43 29 24 10 -9999 71 42 -9999 64 3 -9999 93 74 1 32 75 96 25 44 -9999 74 6 -9999 100 -9999 -9999 99 88 -9999 24 76 2 76 1 47 67 2 28 49 -9999 56 24 24 37 87 -9999 91 97 32 93 -9999 56
87 -9999 26 42 -9999 43 87 56 -9999 21 29 24 10 60 97 70 25 -9999 22 57 74 55 25 17 48 7 19 53 85 88 74 -9999 51 94 64 76 75 -9999 2 -9999 63 97 73 28 82 64 65 11 45 55 26 -9999 -9999 49 27 95 86 35 93 97 11 -9999 45 -9999 81 -9999 39 -9999 8 31 69 25 85 -9999 -9999 49 49 58 18 21 75 87 78 -9999 -9999 70 86 1 1
53 10 38 55 45 77 24 48 51 87 82 -9999 58 53 -9999 76 36 -9999 58 -9999 22 87 11 -9999 58 22 43 56 90 80 -9999 33 41 99 23 98 3 53 -9999 56 61 94 35 34 85 1 73 32 6 64 -9999 14 26 7 54 52 70 -9999 45 -9999 60 25 92 30 23 -9999 96 11 -9999 68 94 44 -9999 -9999 3 7 58 83 76 69 55 -9999 6 -9999 13 27 19 -9999
37 56 51 -9999 71 54 40 22 24 70 -9999 78 -9999 24 14 32 51 84 24 89 84 70 57 81 62 87 16 81 85 65 23 -9999 98 1 70 5 33 -9999 15 30 83 41 38 -9999 82 49 23 47 -9999 51 76 97 88 43 -9999 -9999 86 10 41 88 -9999 23 57 9 94 37 56 85 78 34 71 -9999 70 90 58 76 51 29 82 20 86 85 72 42 41 93 81
44 -9999 -9999 16 -9999 55 41 99 49 25 9 46 35 40 100 56 46 38 -9999 99 63 30 -9999 61 19 62 22 67 69 4 79 92 -9999 86 8 81 85 78 12 86 18 44 85 56 17 38 10 62 24 11 90 43 38 56 71 70 74 86 7 41 19 5 -9999 71 52 64 -9999 23 22 23 59 -9999 19 68 2 41 53 48 -9999 31 17 58 25 47 -9999 -9999
31 55 -9999 28 -9999 42 57 50 24 61 75 -9999 -9999 81 29 67 59 63 -9999 28 21 -9999 1 31 25 25 96 91 35 83 64 99 20 21 -9999 25 21 46 35 64 -9999 64 -9999 90 29 98 37 23 17 -9999 6 65 48 -9999 -9999 1 83 10 29 -9999 15 26 89 -9999 28 42 97 8 75 66 85 -9999 45 34 71 41 -9999 7 6 -9999 76 -9999 30 76 7
31 70 99 19 -9999 61 26 -9999 56 66 85 30 33 96 24 -9999 77 69 88 23 33 41 26 87 20 8 29 50 83 82 -9999 73 63 97 74 -9999 88 45 92 80 2 10 76 65 20 15 69 17 -9999 19 32 10 52 84 34 58 16 55 8 0 17 5 50 69 91 21 92 88 66 44 43 -9999 -9999 37 8 48 73 92 37 78 94 64 76 50
-9999 11 23 69 38 -9999 -9999 23 29 97 -9999 5 22 7 41 57 51 72 59 28 71 9 -9999 87 55 32 -9999 26 91 79 92 13 64 49 56 55 -9999 -9999 40 -9999 91 38 -9999 12 18 -9999 92 -9999 -9999 50 96 46 92 80 -9999 22 13 18 21 43 55 42 92 25 70 81 8 67 41 43 36 -9999 -9999 7 -9999 25 98 96 55 85 44 37 79
46 -9999 81 90 74 43 -9999 1 88 1 82 -9999 23 98 1 65 -9999 -9999 18 10 91 -9999 81 26 80 -9999 20 9 11 20 -9999 73 5 55 4 44 34 23 90 -9999 -9999 39 17 49 19 7 74 13 67 -9999 -9999 -9999 21 -9999 42 -9999 88 78 45 94 -9999 71 37 -9999 60 13 76 95 -9999 98 -9999 97 63 69 95 79 -9999 87 31 83 47 99
65 49 29 -9999 69 5 -9999 -9999 80 30 96 10 11 14 69 -9999 36 24 65 94 -9999 25 66 100 -9999 -9999 100 6 67 23 58 94 100 85 41 100 32 1 23 66 24 38 73 6 92 -9999 -9999 2 98 55 4 59 -9999 18 25 52 93 99 -9999 70 86 15 82 53 17 -9999 16 100 20 21 -9999 -9999 81 69 36 80 -9999 31 36 13 -9999
10 -9999 57 41 35 57 91 21 78 70 21 4 -9999 98 -9999 -9999 6 44 78 81 97 44 7 -9999 7 29 56 3 50 67 5 64 8 67 64 6 25 32 94 18 55 82 55 91 37 -9999 97 -9999 50 31 90 19 4 -9999 0 -9999 70 52 59 98 15 92 70 28 36 -9999 91 84 5 85 57 14 9 -9999 49 69 78 -9999 83 -9999
6 79 98 24 14 58 79 82 33 71 50 4 53 16 82 -9999 80 -9999 4 61 -9999 22 58 72 88 94 98 27 87 35 38 2 -9999 78 90 -9999 66 40 66 2 19 97 86 44 34 -9999 27 15 66 89 16 5 46 87 93 8 -9999 72 85 73 -9999 13 19 -9999 58 38 -9999 13 98 -9999 26 44 55 38 76 13 31 63 -9999
21 5 73 80 -9999 94 -9999 -9999 3 -9999 55 85 -9999 51 66 6 5 50 94 -9999 15 -9999 5 -9999 6 3 -9999 22 99 -9999 23 -9999 14 11 -9999 53 61 43 5 40 69 17 13 -9999 61 71 16 28 84 85 75 57 43 -9999 0 52 32 98 35 16 33 95 96 70 -9999 11 14 12 86 -9999 -9999 21 8 9 67 80 78 43
89 54 -9999 46 82 50 42 11 33 2 -9999 53 -9999 -9999 69 32 42 12 75 17 81 100 70 -9999 58 -9999 -9999 86 42 49 78 54 -9999 56 30 -9999 -9999 96 79 -9999 59 84 43 100 32 -9999 81 19 21 84 -9999 63 100 81 48 -9999 27 1 30 16 27 58 59 34 61 48 -9999 71 2 31 -9999 77 42 94 31 46 22
-9999 6 -9999 -9999 31 -9999 75 -9999 7 -9999 8 -9999 41 43 69 -9999 64 12 43 53 84 62 50 63 17 22 0 6 32 80 17 12 88 59 73 48 8 -9999 65 32 83 8 36 14 12 5 1 33 26 50 49 61 24 8 80 79 91 50 83 29 -9999 -9999 -9999 -9999 100 76 74 92 10 18 32 -9999 56 82 92 40
35 62 52 84 -9999 38 79 30 50 52 53 62 82 20 37 23 6 79 8 14 40 87 30 27 12 73 56 23 43 12 -9999 0 -9999 -9999 87 16 86 -9999 -9999 53 45 -9999 43 53 46 52 -9999 60 88 48 77 81 10 12 10 37 32 -9999 -9999 31 66 64 22 41 -9999 18 22 -9999 88 78 31 87 -9999 49 53
71 20 26 93 -9999 3 -9999 27 7 -9999 2 27 63 32 8 87 -9999 97 72 67 29 90 49 50 28 63 33 94 30 72 58 52 -9999 75 5 -9999 33 -9999 69 89 7 88 77 46 90 -9999 48 -9999 30 91 -9999 20 -9999 20 -9999 77 52 27 -9999 25 69 24 -9999 1 16 76 -9999 95 2 66 15 34 -9999 -9999
-9999 63 4 6 23 7 -9999 10 70 51 82 -9999 19 48 74 93 9 13 32 55 42 92 52 78 89 61 23 13 3 80 76 67 40 -9999 95 -9999 -9999 20 74 61 87 93 82 69 7 74 -9999 98 80 22 89 72 81 92 17 -9999 -9999 24 13 -9999 38 68 100 91 59 54 -9999 56 -9999 99 46 18 26
55 -9999 0 36 76 24 46 22 52 -9999 74 48 87 50 85 83 64 93 77 -9999 -9999 74 46 33 65 15 11 26 36 55 27 -9999 -9999 60 16 83 2 70 85 72 90 -9999 5 74 -9999 41 65 64 81 63 17 -9999 22 20 71 80 26 4 46 93 42 98 31 4 8 38 84 81 37 28 85 26
43 -9999 16 24 -9999 3 -9999 13 68 64 54 73 66 47 65 8 5 -9999 82 75 62 59 -9999 87 -9999 12 -9999 66 68 78 29 83 7 61 9 93 40 -9999 58 37 46 80 42 72 -9999 77 34 31 9 21 8 60 -9999 57 33 28 -9999 -9999 -9999 2 93 100 82 21 14 -9999 81 9 3 14 64
14 49 84 49 -9999 97 60 44 66 16 -9999 30 -9999 69 -9999 31 85 55 48 49 -9999 74 35 52 -9999 54 49 50 77 60 -9999 62 43 56 -9999 70 58 49 3 -9999 41 86 65 -9999 24 49 97 62 13 -9999 57 -9999 -9999 72 93 32 13 45 43 83 19 56 32 93 72 28 -9999 90 52 3
87 73 22 -9999 79 3 2 95 4 29 18 -9999 -9999 -9999 33 21 31 37 1 30 87 -9999 68 -9999 79 98 92 64 78 20 51 54 12 -9999 -9999 -9999 92 2 25 2 6 21 42 69 80 76 75 41 37 81 98 79 77 79 7 2 3 81 -9999 93 26 82 77 36 38 52 75 50 92
-9999 -9999 -9999 4 36 1 53 12 39 10 8 44 -9999 82 13 41 24 86 32 7 9 -9999 17 94 56 98 -9999 -9999 94 33 -9999 57 -9999 44 85 88 58 61 39 -9999 -9999 -9999 75 99 7 -9999 44 66 2 83 49 -9999 92 -9999 37 80 76 87 15 85 -9999 91 52 52 18 -9999 65 14
-9999 22 54 87 -9999 33 -9999 -9999 50 95 15 80 96 48 78 42 55 34 80 30 -9999 60 37 69 -9999 -9999 27 13 -9999 28 67 23 5 -9999 -9999 87 6 60 30 41 10 50 61 -9999 15 26 2 58 -9999 67 38 -9999 99 15 -9999 83 -9999 41 -9999 64 64 23 50 5 81 -9999 77
9 48 0 12 -9999 -9999 60 2 10 19 -9999 47 59 6 65 1 10 73 -9999 40 3 82 23 40 71 -9999 1 -9999 91 61 -9999 30 63 -9999 53 23 36 94 63 13 27 23 47 -9999 41 58 46 19 7 0 42 92 15 87 8 39 97 34 72 62 57 44 100 88 -9999 61
23 51 60 -9999 56 78 -9999 -9999 58 38 32 -9999 9 2 40 5 23 48 7 58 62 36 20 -9999 7 34 15 29 67 84 90 69 45 -9999 15 58 99 29 45 -9999 -9999 49 79 98 29 76 -9999 -9999 8 27 79 -9999 68 54 41 12 8 26 66 72 85 99 11 8 45
23 -9999 53 35 66 86 29 67 45 30 -9999 71 23 -9999 -9999 48 -9999 42 66 4 42 80 95 65 -9999 5 90 83 -9999 23 -9999 78 -9999 41 74 -9999 -9999 1 28 59 37 -9999 59 17 -9999 86 85 63 79 72 94 66 -9999 80 -9999 92 41 57 -9999 -9999 18 92 40 -9999
49 27 -9999 95 82 54 -9999 -9999 38 -9999 70 98 77 35 49 53 8 29 11 14 64 60 -9999 53 92 71 99 84 74 -9999 80 68 75 76 69 95 -9999 1 61 76 72 25 19 84 65 17 80 82 42 63 98 83 -9999 -9999 41 78 10 68 94 58 91 24 83
46 1 -9999 90 57 3 -9999 25 10 58 -9999 71 64 18 60 82 29 36 45 10 -9999 33 64 60 89 88 97 -9999 -9999 -9999 25 78 47 20 72 5 -9999 -9999 36 13 -9999 20 60 68 40 34 -9999 -9999 -9999 55 -9999 49 10 -9999 12 78 3 57 34 -9999 25 -9999
26 -9999 82 9 71 26 71 65 10 60 91 40 52 36 98 12 78 -9999 4 -9999 -9999 64 11 41 34 -9999 77 -9999 30 50 -9999 84 96 45 90 46 -9999 12 11 2 33 71 93 19 6 43 -9999 48 -9999 47 28 69 51 24 17 72 8 -9999 -9999 -9999 77
56 6 91 56 84 -9999 66 8 14 28 -9999 32 55 18 6 64 54 -9999 -9999 4 41 74 98 19 44 83 18 -9999 66 86 65 89 29 -9999 27 17 88 98 11 90 -9999 35 94 52 69 92 83 59 -9999 0 22 51 54 88 46 99 52 -9999 66 49
-9999 18 30 -9999 95 79 50 92 73 -9999 12 81 86 72 85 56 29 -9999 -9999 59 9 -9999 -9999 -9999 50 11 -9999 53 54 42 41 38 63 -9999 22 41 -9999 18 97 36 70 42 32 96 30 58 96 31 67 -9999 52 -9999 35 52 -9999 54 81 45 -9999
65 33 43 25 75 -9999 87 -9999 77 45 -9999 36 77 77 61 -9999 -9999 89 21 1 93 66 23 -9999 78 78 12 48 -9999 68 47 -9999 2 44 74 49 83 41 -9999 27 12 64 -9999 51 57 19 76 65 -9999 34 -9999 75 71 71 59 39 52 25
66 48 40 23 1 23 96 61 91 56 30 -9999 9 20 33 82 65 67 95 36 21 62 61 24 13 67 11 8 67 48 68 -9999 49 3 -9999 42 62 27 46 5 15 81 10 96 27 58 40 -9999 34 98 47 67 -9999 35 -9999 52 -9999
39 25 92 66 23 99 52 -9999 24 38 -9999 -9999 68 -9999 -9999 -9999 16 -9999 8 -9999 32 7 71 -9999 63 69 0 85 25 27 40 22 91 19 50 37 35 31 42 61 40 40 -9999 41 87 39 34 97 -9999 23 -9999 82 13 -9999 69 -9999
3 94 35 7 59 69 15 63 38 21 57 97 -9999 95 34 65 -9999 29 93 -9999 78 20 90 53 43 -9999 54 67 94 99 73 60 -9999 58 85 41 67 20 31 88 16 68 -9999 38 40 18 87 -9999 94 8 44 7 30 1 83
84 34 50 -9999 -9999 1 44 98 81 53 83 37 -9999 89 59 15 -9999 10 1 81 19 42 23 96 -9999 23 -9999 13 98 -9999 42 97 41 42 -9999 37 47 45 67 80 75 -9999 88 29 -9999 23 4 -9999 91 -9999 61 -9999 -9999 3
-9999 89 5 51 74 71 20 -9999 8 40 84 -9999 0 8 52 53 67 7 39 79 37 42 32 -9999 45 84 94 -9999 -9999 8 8 57 -9999 83 66 8 46 67 19 -9999 94 93 33 70 -9999 30 -9999 -9999 -9999 -9999 -9999 83 -9999
42 -9999 20 79 5 94 -9999 57 -9999 20 -9999 -9999 -9999 96 31 42 -9999 59 77 46 83 57 -9999 42 68 -9999 83 55 79 5 77 -9999 -9999 39 31 20 54 -9999 41 100 -9999 -9999 -9999 41 -9999 72 55 40 9 -9999 87 30
-9999 2 69 60 96 21 7 63 22 13 10 85 49 94 76 47 74 92 89 21 1 -9999 15 -9999 25 36 29 34 14 46 98 0 55 61 12 27 84 23 26 78 52 -9999 63 44 5 33 24 74 -9999 66 11
10 40 17 67 70 14 -9999 -9999 1 65 0 91 19 27 84 86 -9999 44 -9999 18 59 -9999 -9999 82 23 54 29 86 67 11 -9999 46 -9999 -9999 48 32 20 35 -9999 -9999 82 -9999 -9999 31 71 6 96 48 14 38
70 88 -9999 65 89 -9999 -9999 32 36 82 42 17 -9999 2 -9999 68 2 28 93 61 2 92 35 -9999 99 35 61 -9999 86 -9999 54 -9999 10 -9999 40 9 37 -9999 57 8 79 82 31 44 27 -9999 69 72 26
88 -9999 -9999 -9999 14 -9999 -9999 41 21 18 98 90 76 -9999 -9999 71 70 -9999 2 64 75 0 64 -9999 75 98 92 76 83 63 55 38 51 75 29 57 -9999 59 32 2 -9999 -9999 83 28 -9999 28 4 73
54 32 68 21 -9999 62 6 8 17 21 49 75 17 72 45 62 92 21 77 -9999 -9999 -9999 27 2 19 50 78 -9999 0 -9999 2 52 -9999 93 30 37 35 -9999 -9999 41 80 56 88 57 11 62 57
60 43 87 65 51 25 -9999 39 -9999 -9999 58 -9999 95 74 -9999 6 11 12 76 -9999 -9999 100 26 -9999 94 -9999 78 73 24 12 20 46 45 33 87 -9999 -9999 -9999 32 24 23 44 40 8 -9999 26
33 96 56 85 20 -9999 -9999 -9999 31 68 56 -9999 -9999 42 -9999 54 15 17 15 98 78 -9999 -9999 84 -9999 4 25 65 -9999 -9999 -9999 3 31 61 12 -9999 90 52 51 69 89 -9999 -9999 69 46
65 42 -9999 8 6 72 31 16 24 66 55 32 27 89 -9999 98 59 39 74 -9999 39 0 31 35 25 55 83 48 9 -9999 -9999 30 -9999 13 19 5 49 40 1 83 12 19 50 16
64 97 34 95 -9999 35 28 81 30 46 87 32 43 34 56 80 8 -9999 -9999 89 11 -9999 78 -9999 -9999 37 23 57 49 90 44 75 -9999 22 24 77 43 43 22 37 15 -9999 20
17 -9999 83 93 -9999 -9999 -9999 40 7 34 53 3 68 -9999 84 14 97 -9999 -9999 53 46 -9999 12 12 95 4 94 30 -9999 43 71 61 20 -9999 3 93 78 76 58 70 43 34
0 51 10 -9999 45 67 91 93 77 27 85 69 76 99 -9999 65 95 97 76 97 -9999 -9999 22 -9999 -9999 66 78 43 -9999 -9999 96 82 -9999 2 7 -9999 32 23 40 13 73
96 37 59 13 51 12 12 75 72 63 29 46 23 -9999 24 79 58 -9999 24 79 28 52 -9999 38 -9999 75 23 -9999 6 -9999 -9999 43 -9999 65 69 2 56 42 -9999 81
50 28 77 -9999 56 44 14 -9999 73 51 4 7 74 64 9 63 74 -9999 -9999 7 92 24 69 85 82 91 84 9 72 61 58 31 -9999 65 12 98 34 -9999 94
47 43 87 27 65 53 21 63 54 94 51 -9999 48 68 62 75 96 -9999 97 15 48 80 45 13 54 -9999 -9999 48 8 -9999 38 12 -9999 86 92 -9999 44 29
70 80 12 -9999 36 47 21 7 40 25 19 28 -9999 85 4 50 84 43 35 54 77 -9999 51 -9999 -9999 71 86 -9999 26 -9999 9 37 61 62 80 49 73
46 11 48 4 45 76 68 -9999 12 77 63 61 50 36 62 67 90 86 24 37 -9999 81 -9999 28 1 21 40 90 -9999 70 70 -9999 -9999 -9999 40 93
71 19 82 73 74 -9999 77 63 14 64 8 67 25 65 34 85 84 95 77 62 6 94 25 -9999 -9999 17 20 27 44 29 32 79 27 -9999 35
69 76 -9999 40 63 41 47 92 70 84 -9999 23 87 1 33 69 54 -9999 45 92 7 83 59 -9999 74 3 32 -9999 6 -9999 53 67 12 26
58 90 -9999 -9999 -9999 -9999 41 62 -9999 71 -9999 22 26 -9999 -9999 -9999 80 -9999 20 75 88 81 74 8 75 60 15 -9999 -9999 6 11 12 1
46 80 -9999 -9999 57 0 62 -9999 -9999 21 80 6 92 -9999 79 96 16 45 66 85 2 84 76 -9999 97 86 80 42 13 93 45 -9999
42 -9999 13 26 81 36 33 53 82 92 42 74 89 53 90 -9999 -9999 22 37 36 19 87 8 21 48 82 33 62 95 95 1
19 77 42 7 92 4 75 86 11 30 89 -9999 27 86 41 47 -9999 45 -9999 53 74 86 17 21 71 99 36 43 98 -9999
93 40 69 41 -9999 -9999 47 81 78 25 64 84 37 94 19 98 15 78 31 68 68 87 8 87 61 54 55 29 91
53 67 4 -9999 9 -9999 6 97 43 -9999 45 4 89 44 34 92 85 54 56 -9999 56 3 92 75 41 16 76 89
-9999 28 14 91 67 5 -9999 85 16 95 -9999 63 -9999 -9999 4 44 -9999 65 16 -9999 26 86 11 41 -9999 87 70
65 80 94 94 70 37 57 43 17 84 38 -9999 -9999 6 47 88 88 10 45 -9999 49 -9999 37 4 65 -9999
6 96 86 -9999 68 45 -9999 87 7 18 -9999 39 3 29 99 29 22 -9999 6 40 -9999 -9999 -9999 -9999 -9999
21 91 94 22 7 27 10 94 85 5 -9999 18 37 -9999 2 15 32 -9999 27 12 57 21 70 16
45 47 48 58 29 67 33 62 78 1 98 -9999 -9999 -9999 38 26 41 96 -9999 76 30 -9999 16
58 -9999 78 23 22 51 3 -9999 13 99 77 4 67 -9999 77 3 64 83 97 99 26 -9999
75 -9999 44 9 97 86 65 93 -9999 -9999 23 48 57 51 88 28 -9999 76 60 3 57
-9999 -9999 29 9 43 34 95 55 45 8 86 43 72 31 20 47 35 -9999 59 89
60 59 4 51 10 88 -9999 55 20 55 28 88 75 27 99 46 26 64 46
56 39 -9999 27 2 47 4 -9999 41 74 26 48 33 19 -9999 16 39 80
27 70 87 96 80 92 -9999 65 -9999 59 39 12 27 11 38 58 3
-9999 93 38 7 40 -9999 60 67 21 12 64 9 -9999 99 51 81
87 44 76 92 59 4 22 22 36 38 15 71 3 78 -9999
20 35 21 35 -9999 24 64 7 34 89 42 -9999 -9999 61
37 22 10 -9999 -9999 -9999 41 45 6 50 -9999 81 94
15 63 16 8 16 50 61 46 -9999 40 1 69
72 16 5 70 -9999 21 8 2 82 31 2
39 75 76 91 23 44 24 42 84 -9999
72 48 57 -9999 -9999 37 57 99 94
55 48 96 2 -9999 62 30 83
62 80 82 95 53 -9999 62
17 76 -9999 73 60 36
50 11 32 25 38
62 51 89 82
27 85 60
-9999 -9999
35
