35
16 11 7 -9999 63 58 33 89 33 76 79 29 48 57 54 -9999 49 95 82 72 71 29 73 90 49 16 -9999 75 72 47 64 46 -9999 70
-9999 18 4 9 -9999 1 42 -9999 19 55 77 4 3 86 27 50 -9999 62 89 37 40 63 69 13 11 3 -9999 57 79 37 -9999 -9999 75
-9999 55 34 6 62 -9999 30 39 98 -9999 72 97 38 88 90 23 22 53 20 13 -9999 -9999 -9999 82 -9999 41 50 -9999 15 93 42 60
-9999 30 29 54 24 -9999 -9999 -9999 39 -9999 19 -9999 11 90 51 22 28 59 54 25 61 98 -9999 -9999 56 38 88 -9999 20 10 46
58 56 5 95 73 -9999 -9999 60 33 49 75 19 -9999 15 9 9 32 51 0 -9999 30 -9999 76 76 -9999 100 32 31 8 -9999
43 66 76 -9999 37 16 -9999 51 87 37 71 -9999 59 -9999 -9999 34 27 49 60 25 78 13 -9999 39 50 97 48 -9999 65
95 84 -9999 99 -9999 7 71 16 -9999 98 3 23 69 99 69 5 89 68 12 64 38 2 76 68 0 47 17 68
56 58 22 11 29 91 44 79 64 97 70 64 52 -9999 42 7 28 72 -9999 49 81 27 56 -9999 64 27 30
3 38 15 47 43 33 51 6 99 37 98 57 61 71 69 21 56 1 -9999 -9999 15 43 42 18 8 -9999
74 46 6 2 42 -9999 78 67 54 76 61 4 77 68 34 58 5 25 -9999 22 41 52 99 61 72
81 78 10 6 68 91 93 51 86 -9999 24 21 -9999 2 7 55 27 31 25 -9999 -9999 -9999 -9999 26
56 10 71 61 78 89 40 -9999 55 81 1 -9999 11 19 20 48 -9999 34 89 77 8 -9999 30
35 8 11 -9999 56 3 18 61 59 43 17 0 4 14 83 2 68 97 69 47 62 -9999
-9999 48 77 10 5 81 56 89 100 21 -9999 25 17 53 4 30 87 47 17 64 -9999
6 14 65 44 84 48 -9999 -9999 3 -9999 72 61 -9999 60 21 45 51 45 94 63
-9999 33 80 17 19 38 -9999 5 65 -9999 78 2 61 37 38 10 -9999 -9999 41
22 16 64 42 100 60 34 31 -9999 51 85 11 48 42 78 55 3 -9999
47 33 -9999 65 -9999 98 0 5 78 91 75 -9999 -9999 27 75 18 40
98 30 -9999 3 77 18 98 59 71 64 -9999 98 72 38 81 50
-9999 -9999 51 63 43 69 95 66 3 -9999 -9999 26 51 54 -9999
74 62 51 37 48 11 -9999 53 -9999 92 81 90 -9999 95
81 29 43 73 -9999 38 8 82 36 -9999 -9999 -9999 90
-9999 88 62 5 34 60 72 -9999 62 -9999 97 51
85 68 77 94 -9999 -9999 66 62 95 34 56
7 46 -9999 7 -9999 53 21 -9999 72 98
32 -9999 -9999 88 91 14 13 63 -9999
50 0 24 -9999 9 16 75 94
-9999 86 55 45 35 46 74
55 24 80 14 74 29
49 62 81 77 11
54 74 9 45
49 92 53
-9999 12
27
