35
35 90 47 58 -9999 88 71 54 68 -9999 80 50 21 65 98 -9999 4 1 35 31 7 -9999 33 92 51 87 2 21 -9999 41 -9999 -9999 69 25
32 40 33 -9999 62 87 4 63 58 48 91 -9999 1 -9999 74 19 65 2 51 85 -9999 34 1 -9999 11 13 69 21 62 48 52 25 80
90 70 3 73 11 77 85 89 48 -9999 31 -9999 -9999 76 31 11 13 -9999 2 -9999 60 89 45 -9999 93 3 61 8 38 3 79 80
1 -9999 41 8 -9999 89 39 38 -9999 75 84 -9999 64 2 -9999 85 7 5 89 82 81 6 65 -9999 83 -9999 98 -9999 73 -9999 16
-9999 36 78 58 -9999 25 72 60 -9999 39 -9999 75 60 48 58 91 -9999 -9999 18 12 11 85 15 4 75 73 88 35 -9999 81
50 -9999 -9999 34 13 17 3 -9999 40 63 35 41 55 -9999 24 84 6 45 44 20 77 -9999 95 83 33 9 -9999 -9999 69
-9999 32 -9999 11 13 61 35 77 52 -9999 91 68 18 79 -9999 17 21 10 79 7 13 29 -9999 14 -9999 50 53 56
25 32 99 31 5 13 76 -9999 29 90 -9999 97 43 -9999 69 23 23 65 2 -9999 60 -9999 5 -9999 72 56 94
3 25 96 96 18 98 -9999 -9999 -9999 37 2 7 21 5 63 -9999 87 59 61 41 71 81 39 96 46 -9999
-9999 3 65 44 46 37 65 93 80 95 22 4 57 91 37 -9999 -9999 -9999 -9999 75 64 55 58 35 63
96 43 93 -9999 -9999 -9999 81 19 -9999 29 46 -9999 -9999 92 -9999 -9999 65 76 57 -9999 85 27 20 70
88 89 5 51 97 45 74 54 55 48 25 -9999 12 -9999 94 19 17 46 44 31 12 -9999 -9999
4 5 73 51 58 -9999 30 83 98 6 52 68 5 15 -9999 16 28 5 -9999 5 75 54
12 74 68 38 19 81 98 85 41 25 68 83 59 -9999 -9999 -9999 37 8 73 42 63
-9999 48 90 48 95 89 99 88 73 -9999 27 -9999 97 44 94 35 12 -9999 -9999 59
85 43 18 -9999 8 -9999 60 -9999 39 71 93 22 -9999 -9999 16 -9999 73 40 41
95 -9999 -9999 63 36 83 12 -9999 65 22 19 -9999 30 84 75 67 -9999 50
87 80 33 66 52 22 4 64 31 89 9 -9999 88 96 56 89 90
-9999 12 -9999 8 -9999 -9999 33 15 71 8 77 92 -9999 93 11 55
-9999 86 64 29 37 56 27 44 -9999 20 -9999 24 47 -9999 9
84 63 97 61 -9999 48 85 64 82 8 83 65 1 -9999
-9999 44 17 22 -9999 75 15 4 -9999 8 65 -9999 -9999
22 20 64 79 67 87 82 25 47 -9999 88 43
79 49 84 42 46 33 57 -9999 74 13 32
21 36 30 50 36 27 -9999 76 40 73
-9999 53 34 94 12 86 59 60 62
-9999 65 25 -9999 66 3 -9999 30
98 62 95 -9999 19 32 23
47 -9999 3 -9999 5 28
62 -9999 52 15 58
45 66 24 19
7 94 9
15 59
21
