35
99 23 -9999 41 -9999 99 45 9 -9999 57 0 83 36 33 21 -9999 95 -9999 32 14 -9999 91 28 66 -9999 -9999 -9999 4 39 24 64 45 68 78
66 69 20 48 -9999 12 96 89 -9999 16 -9999 86 -9999 -9999 71 70 56 82 51 10 69 75 20 51 59 65 5 -9999 69 80 19 18 -9999
13 59 0 60 24 -9999 1 59 26 91 2 15 92 -9999 36 37 -9999 -9999 2 13 65 50 62 58 74 82 10 17 15 42 31 71
19 -9999 61 9 28 -9999 50 52 93 -9999 84 51 -9999 39 -9999 46 16 -9999 31 84 9 47 63 20 96 87 28 -9999 94 -9999 67
31 71 62 -9999 4 -9999 17 63 59 -9999 13 -9999 90 95 98 -9999 24 -9999 39 17 89 15 99 65 56 -9999 17 47 70 39
34 35 34 31 -9999 99 20 96 29 74 12 41 91 -9999 95 -9999 53 1 -9999 75 46 99 61 12 73 88 3 -9999 71
-9999 18 49 -9999 9 -9999 -9999 26 45 67 54 86 57 -9999 98 70 4 58 32 25 27 -9999 91 81 3 57 49 79
19 75 29 -9999 15 25 92 -9999 -9999 13 33 25 42 54 -9999 14 20 25 94 -9999 17 79 38 79 32 48 95
27 -9999 8 51 3 78 62 89 34 -9999 -9999 -9999 -9999 48 59 -9999 17 13 5 15 43 -9999 93 -9999 52 54
-9999 49 -9999 79 41 48 31 80 63 -9999 0 96 74 82 78 68 28 57 19 57 -9999 -9999 63 23 -9999
-9999 -9999 59 40 96 12 -9999 53 70 -9999 24 55 23 -9999 9 52 75 81 20 11 50 -9999 41 58
3 26 33 34 34 -9999 -9999 67 -9999 53 -9999 28 36 59 77 -9999 69 28 -9999 9 71 79 40
-9999 56 11 20 -9999 83 73 -9999 54 62 20 -9999 77 7 -9999 68 -9999 36 79 74 65 59
87 34 69 96 -9999 28 78 95 -9999 61 51 60 35 -9999 51 58 80 51 15 48 28
87 48 33 1 48 14 8 53 20 59 59 32 4 75 99 9 61 -9999 46 56
89 -9999 63 81 15 39 -9999 82 5 23 55 89 87 45 87 41 26 65 86
7 37 82 48 12 -9999 50 -9999 61 48 63 41 7 -9999 59 77 -9999 -9999
-9999 88 32 87 40 100 15 99 -9999 32 59 -9999 77 48 -9999 76 32
77 12 74 47 38 78 62 86 11 93 9 89 22 28 -9999 35
44 27 50 15 40 22 4 16 22 60 17 77 1 58 22
44 1 57 58 47 65 26 98 46 37 -9999 81 60 80
-9999 -9999 22 77 77 78 -9999 30 37 87 94 72 44
73 12 -9999 69 28 46 73 46 -9999 14 -9999 23
25 92 63 -9999 72 40 37 -9999 -9999 41 77
-9999 88 38 -9999 2 23 93 -9999 50 44
97 24 21 80 63 21 -9999 -9999 49
70 72 64 45 4 61 54 96
22 -9999 -9999 96 -9999 -9999 56
72 98 59 51 96 69
12 93 33 81 85
-9999 22 -9999 28
-9999 77 84
44 40
53
