35
89 -9999 30 42 93 84 39 51 35 29 24 97 7 -9999 65 45 82 -9999 36 46 26 8 42 41 59 -9999 56 22 31 18 34 41 88 -9999
84 24 7 40 34 77 9 58 -9999 31 51 36 89 54 59 -9999 46 28 1 26 30 83 27 19 69 -9999 61 -9999 -9999 33 25 81 64
-9999 -9999 23 -9999 77 -9999 31 -9999 56 33 48 68 4 -9999 52 23 71 31 -9999 27 52 11 64 65 59 17 96 81 83 23 15 23
71 93 87 -9999 -9999 49 17 35 40 68 76 -9999 96 32 90 3 -9999 42 -9999 86 -9999 50 74 76 21 18 -9999 64 77 49 47
-9999 -9999 -9999 -9999 73 48 37 5 25 4 39 100 45 14 14 77 3 58 73 -9999 82 37 -9999 62 -9999 -9999 50 37 11 -9999
12 57 59 82 39 96 61 1 26 40 -9999 73 -9999 46 41 96 97 67 88 42 6 -9999 45 96 21 -9999 18 -9999 -9999
-9999 -9999 56 43 5 94 -9999 -9999 -9999 43 58 21 78 -9999 83 74 -9999 95 1 -9999 37 29 47 61 88 -9999 -9999 76
40 71 5 74 70 -9999 9 63 8 34 -9999 75 37 -9999 17 -9999 38 86 33 21 39 63 26 -9999 100 65 49
94 6 25 89 21 19 85 68 60 -9999 -9999 48 -9999 33 22 39 19 -9999 84 -9999 17 45 31 24 -9999 61
94 17 85 -9999 83 14 36 95 60 31 -9999 56 -9999 14 38 34 26 8 -9999 76 -9999 68 9 -9999 77
98 41 29 18 73 16 32 80 -9999 80 58 94 70 82 -9999 13 23 94 -9999 63 15 38 91 18
14 28 -9999 91 3 -9999 40 50 17 55 -9999 67 85 69 50 -9999 -9999 66 -9999 19 37 44 -9999
69 25 31 -9999 -9999 -9999 71 51 6 64 -9999 41 41 27 96 86 17 35 10 69 87 99
-9999 96 76 32 -9999 1 17 53 31 -9999 62 31 -9999 54 77 10 69 89 16 6 6
-9999 52 -9999 90 50 84 61 61 21 47 36 76 6 65 46 -9999 94 34 -9999 28
-9999 69 81 95 5 47 30 -9999 100 16 23 79 23 5 25 77 46 22 6
-9999 35 -9999 53 4 60 64 64 13 86 -9999 57 -9999 54 42 94 15 -9999
83 -9999 84 94 -9999 76 -9999 15 82 81 92 -9999 48 -9999 69 6 52
33 -9999 33 87 91 23 -9999 40 70 95 28 91 80 47 93 90
70 42 96 12 80 37 31 20 18 2 66 10 44 43 76
20 -9999 -9999 62 94 65 40 30 80 59 -9999 14 9 -9999
96 -9999 47 13 17 45 23 75 -9999 73 11 10 75
48 -9999 34 -9999 12 22 14 -9999 96 56 62 25
37 62 79 -9999 94 13 66 0 17 12 60
99 34 -9999 23 53 -9999 64 -9999 61 -9999
8 91 11 60 17 10 -9999 56 33
-9999 -9999 2 32 -9999 14 63 26
46 26 -9999 53 70 50 -9999
97 59 -9999 45 78 44
68 62 16 -9999 81
-9999 37 42 9
85 31 -9999
41 82
-9999
