45
72 11 46 50 91 24 65 66 -9999 47 53 9 -9999 72 86 15 32 31 17 49 4 74 27 39 44 44 6 10 8 -9999 8 24 -9999 59 56 97 50 -9999 83 50 53 89 -9999 5
91 82 3 -9999 74 -9999 -9999 89 -9999 66 -9999 70 78 62 10 41 83 18 9 56 65 78 70 -9999 79 31 27 40 21 29 33 23 -9999 86 39 -9999 -9999 -9999 97 46 -9999 60 -9999
-9999 -9999 100 50 45 11 78 39 72 35 8 86 88 24 36 50 83 40 -9999 -9999 99 78 85 -9999 56 13 30 5 50 37 56 56 52 45 61 -9999 11 91 32 -9999 40 75
23 -9999 -9999 58 81 65 69 44 93 7 94 70 8 73 40 14 58 11 67 7 54 60 89 55 -9999 45 11 -9999 35 25 -9999 -9999 11 72 -9999 49 29 26 49 28 47
22 10 97 -9999 4 -9999 4 10 67 40 94 100 27 -9999 97 13 33 52 -9999 52 73 37 59 72 11 91 85 47 -9999 66 81 76 23 47 61 92 72 65 -9999 6
64 59 15 -9999 56 82 78 -9999 82 19 -9999 -9999 70 -9999 53 -9999 88 -9999 -9999 58 80 81 67 -9999 24 91 56 51 40 73 43 33 84 -9999 88 4 90 98 -9999
66 -9999 77 9 19 -9999 39 -9999 69 -9999 38 76 -9999 49 58 46 -9999 71 42 -9999 4 85 8 78 25 46 28 67 60 -9999 82 -9999 27 28 53 -9999 64 41
71 22 77 91 61 81 19 92 99 93 51 70 74 -9999 35 54 7 3 44 4 75 8 3 59 -9999 81 -9999 1 47 66 72 53 96 69 97 28 94
81 23 -9999 35 19 91 -9999 -9999 5 5 55 14 29 -9999 -9999 75 72 -9999 -9999 99 17 8 39 99 77 75 43 99 83 -9999 29 99 10 -9999 59 2
48 45 80 6 85 48 1 98 49 40 32 56 -9999 90 -9999 85 59 60 46 99 -9999 6 80 40 51 29 9 72 92 47 -9999 83 -9999 51 67
83 -9999 -9999 73 96 3 47 79 58 15 50 98 -9999 -9999 42 98 78 69 -9999 26 4 -9999 28 81 59 38 38 91 85 -9999 39 25 9 27
37 28 62 30 55 64 40 29 70 16 54 84 17 -9999 70 1 38 69 28 41 -9999 86 24 71 100 19 25 23 96 44 3 54 66
51 28 24 2 58 36 -9999 61 18 -9999 3 -9999 18 17 15 -9999 8 33 39 45 3 -9999 61 38 93 43 73 5 70 31 71 19
-9999 -9999 68 23 84 8 64 81 12 70 47 53 47 16 63 -9999 64 -9999 66 18 -9999 44 50 24 -9999 93 26 34 72 0 62
89 99 26 87 31 80 70 -9999 67 73 86 -9999 9 24 63 1 54 56 -9999 54 70 -9999 7 47 -9999 50 40 54 48 74
42 71 52 34 56 88 99 61 67 15 42 -9999 61 82 -9999 92 66 45 57 99 19 32 -9999 10 97 36 63 70 54
64 26 9 96 16 82 7 39 48 30 11 89 -9999 23 34 49 66 6 54 84 7 76 85 73 58 85 -9999 99
85 67 33 53 25 9 -9999 31 61 14 46 92 -9999 -9999 9 0 43 84 55 -9999 93 59 31 52 19 87 -9999
50 81 -9999 -9999 83 89 39 -9999 15 63 61 -9999 5 86 95 28 20 10 -9999 -9999 66 59 86 77 49 58
-9999 69 4 16 -9999 -9999 33 30 2 -9999 76 -9999 -9999 -9999 17 -9999 75 -9999 9 71 54 31 99 97 15
63 94 55 4 -9999 91 73 12 -9999 81 54 -9999 89 -9999 98 69 45 79 77 57 13 75 65 93
48 30 70 58 23 70 10 57 52 17 59 49 78 -9999 11 31 -9999 41 52 92 1 64 11
57 -9999 -9999 62 52 -9999 82 3 65 94 -9999 69 9 57 65 -9999 97 39 33 13 99 3
39 36 97 -9999 -9999 28 62 36 -9999 -9999 27 41 -9999 48 45 17 51 43 9 -9999 9
17 59 60 45 31 3 48 99 23 56 -9999 62 19 9 22 78 13 46 81 49
75 43 58 55 -9999 -9999 11 64 46 21 -9999 75 -9999 56 -9999 41 -9999 18 -9999
-9999 86 91 40 67 81 99 12 97 -9999 3 85 -9999 8 88 37 9 74
19 33 89 38 -9999 -9999 33 48 58 42 80 84 -9999 51 -9999 27 -9999
-9999 36 14 -9999 72 20 -9999 90 -9999 44 26 93 59 44 67 13
65 25 83 29 -9999 26 -9999 26 77 90 -9999 44 25 47 -9999
-9999 74 94 78 72 83 -9999 12 78 79 82 17 19 65
98 65 92 -9999 26 29 33 59 -9999 53 -9999 57 -9999
77 78 98 97 11 60 77 -9999 6 44 69 -9999
1 -9999 50 96 59 16 93 64 87 30 83
41 35 50 13 -9999 66 -9999 -9999 57 59
9 13 76 32 7 47 56 58 -9999
-9999 -9999 -9999 33 49 14 26 -9999
22 -9999 39 58 1 52 11
37 27 13 91 -9999 38
72 11 90 94 9
15 94 15 25
7 45 74
-9999 62
8
