45
36 8 11 39 65 72 26 6 5 46 -9999 3 -9999 1 78 82 0 58 94 68 52 68 81 74 79 20 94 6 47 62 -9999 14 87 16 -9999 94 -9999 45 64 42 -9999 78 48 64
73 -9999 2 95 -9999 83 -9999 96 31 87 -9999 59 65 -9999 15 91 -9999 32 15 96 -9999 18 40 19 67 16 17 23 67 92 66 -9999 18 64 44 94 83 50 57 -9999 63 -9999 73
58 60 67 94 -9999 -9999 -9999 63 -9999 -9999 30 -9999 32 38 48 -9999 50 -9999 53 47 10 22 9 -9999 80 75 6 21 14 7 67 61 87 57 65 -9999 92 29 81 78 -9999 67
42 88 4 37 69 97 10 11 -9999 43 85 58 18 -9999 68 29 14 81 35 15 -9999 47 59 -9999 58 12 4 47 5 -9999 85 65 50 53 29 96 11 35 21 73 -9999
69 81 3 -9999 96 88 97 9 61 97 6 90 44 91 76 97 93 34 73 97 7 61 -9999 18 -9999 34 62 91 -9999 41 39 4 21 23 12 34 10 59 48 -9999
-9999 38 79 63 31 47 -9999 44 48 7 15 36 83 61 56 -9999 40 19 99 21 -9999 -9999 8 -9999 -9999 88 20 26 97 9 31 38 86 75 24 -9999 41 5 88
91 28 7 -9999 84 93 53 11 40 -9999 27 8 53 19 -9999 -9999 27 -9999 62 83 74 -9999 59 -9999 49 53 56 36 83 -9999 -9999 -9999 58 26 20 84 24 97
67 66 79 69 1 52 -9999 20 32 55 73 47 -9999 -9999 31 -9999 11 47 2 93 90 2 18 80 35 86 68 -9999 71 17 9 77 -9999 -9999 90 59 44
49 -9999 100 32 24 48 -9999 -9999 32 -9999 96 77 53 6 47 -9999 -9999 16 29 64 75 37 9 11 95 60 38 -9999 -9999 35 57 69 38 68 68 35
6 -9999 20 51 -9999 60 37 40 93 81 -9999 86 82 22 11 55 -9999 70 61 29 -9999 33 51 0 74 95 64 51 46 25 -9999 -9999 49 90 37
-9999 64 87 -9999 44 56 38 58 71 15 87 33 -9999 81 35 58 -9999 -9999 90 62 -9999 74 -9999 -9999 76 65 -9999 91 70 50 92 13 54 61
-9999 -9999 13 46 44 62 53 72 2 -9999 56 -9999 34 32 8 14 -9999 -9999 66 -9999 15 26 97 68 -9999 -9999 -9999 74 31 5 56 83 70
38 62 -9999 64 86 95 37 17 -9999 54 67 77 -9999 25 67 83 33 93 57 -9999 11 56 24 20 31 81 22 2 76 30 75 74
46 85 5 20 23 4 83 -9999 15 -9999 -9999 42 -9999 35 72 9 94 35 88 15 93 28 68 98 8 60 45 99 90 47 -9999
93 93 -9999 -9999 68 44 66 44 95 -9999 1 25 56 20 51 35 -9999 10 64 94 13 93 52 84 55 91 -9999 83 27 58
81 2 69 71 49 -9999 91 -9999 76 -9999 -9999 69 32 54 82 86 97 29 1 40 -9999 88 27 96 -9999 33 71 -9999 -9999
1 17 74 -9999 35 -9999 -9999 15 69 95 -9999 70 30 71 -9999 -9999 -9999 18 14 24 92 36 -9999 26 19 12 59 91
8 28 71 44 93 -9999 -9999 17 -9999 6 27 41 95 46 8 60 -9999 -9999 -9999 49 84 12 79 5 79 51 58
27 90 13 69 94 89 69 76 87 46 69 25 42 24 16 31 27 14 22 36 20 48 26 62 57 8
18 9 -9999 64 -9999 99 13 -9999 34 81 9 -9999 -9999 -9999 71 38 52 44 -9999 45 -9999 58 31 -9999 -9999
61 59 -9999 79 71 10 13 2 15 71 62 68 0 16 -9999 -9999 88 -9999 99 40 -9999 33 48 30
44 4 36 38 17 22 1 64 16 3 59 80 51 95 35 53 5 42 63 76 65 -9999 55
8 64 67 -9999 26 87 62 85 -9999 47 -9999 97 71 35 90 26 24 29 18 25 21 80
16 60 12 56 46 55 -9999 20 97 68 95 -9999 0 68 55 69 27 35 19 100 45
99 -9999 -9999 92 17 0 32 11 -9999 11 83 -9999 69 93 7 26 48 -9999 20 7
-9999 14 18 -9999 26 75 12 74 -9999 88 64 22 31 2 57 1 69 21 -9999
-9999 77 88 35 86 28 89 35 -9999 52 13 11 26 88 0 73 73 -9999
33 79 58 77 55 87 6 40 12 78 -9999 53 63 -9999 40 12 19
4 73 54 92 32 -9999 48 87 30 44 78 -9999 38 24 -9999 -9999
47 18 82 66 -9999 -9999 39 65 87 69 39 40 88 64 -9999
12 89 14 77 56 65 -9999 28 -9999 43 -9999 32 46 7
0 64 1 -9999 100 35 32 47 42 14 -9999 -9999 -9999
6 85 100 13 43 63 72 41 35 42 20 11
86 8 -9999 86 -9999 16 -9999 15 73 29 6
17 30 39 70 6 41 13 93 61 79
15 70 79 26 -9999 13 46 -9999 82
56 86 22 94 -9999 34 30 -9999
74 51 88 2 -9999 59 50
69 60 46 -9999 11 91
40 57 82 38 94
56 25 -9999 99
47 52 55
87 67
94
