45
100 -9999 55 -9999 24 80 50 -9999 20 72 66 35 2 69 35 42 44 10 95 82 -9999 29 91 55 86 -9999 -9999 31 -9999 -9999 49 27 2 -9999 63 91 48 20 -9999 -9999 88 86 -9999 56
28 -9999 -9999 30 38 52 31 -9999 66 10 51 88 11 -9999 69 19 19 87 8 71 27 22 -9999 -9999 47 -9999 30 -9999 -9999 39 -9999 27 96 -9999 69 16 95 -9999 91 97 22 39 -9999
-9999 55 96 3 28 76 26 38 59 -9999 -9999 76 4 -9999 33 50 1 95 95 -9999 -9999 74 97 -9999 3 81 -9999 70 28 71 21 7 5 45 0 18 25 89 -9999 77 6 -9999
39 40 -9999 8 2 13 35 41 28 63 23 -9999 78 -9999 52 17 3 49 -9999 43 42 -9999 45 -9999 9 76 41 5 29 -9999 89 84 37 8 91 62 20 17 73 17 74
27 29 9 81 59 -9999 -9999 33 -9999 58 -9999 65 21 -9999 -9999 2 81 99 33 84 52 -9999 64 24 57 55 45 -9999 44 -9999 72 82 95 -9999 51 35 99 22 90 68
63 99 9 14 90 57 15 -9999 49 44 86 30 -9999 -9999 57 -9999 47 32 -9999 91 90 49 38 7 59 -9999 -9999 21 97 63 75 89 46 54 7 93 -9999 -9999 38
22 42 6 15 6 64 47 84 78 95 6 65 23 26 19 -9999 -9999 -9999 -9999 94 34 8 37 46 51 -9999 -9999 84 42 75 64 -9999 69 6 80 82 88 -9999
-9999 68 -9999 61 2 40 75 -9999 9 -9999 18 -9999 30 74 16 59 -9999 32 -9999 92 29 88 93 40 30 85 29 4 74 24 86 12 72 37 92 9 -9999
74 42 79 25 29 75 85 71 -9999 -9999 42 -9999 -9999 84 -9999 75 10 -9999 54 92 -9999 -9999 27 56 56 45 32 30 -9999 85 73 -9999 84 -9999 16 57
50 75 32 80 64 99 81 98 83 40 -9999 52 38 0 53 44 87 88 50 -9999 41 -9999 43 27 84 -9999 83 34 91 38 -9999 8 -9999 94 60
22 50 40 64 14 -9999 -9999 33 7 79 37 -9999 15 36 -9999 78 10 85 86 80 13 60 65 96 77 22 50 -9999 20 -9999 73 38 50 94
59 -9999 30 96 75 81 43 89 83 -9999 -9999 22 60 -9999 60 12 11 -9999 4 46 44 -9999 24 -9999 48 100 82 70 38 -9999 51 33 -9999
73 56 22 -9999 82 24 -9999 83 18 86 18 42 -9999 23 -9999 15 -9999 34 24 24 52 79 40 9 99 -9999 28 52 10 55 17 41
24 48 35 17 68 14 4 21 46 20 -9999 -9999 47 82 -9999 72 78 -9999 -9999 12 33 58 95 78 86 -9999 1 46 44 41 10
56 -9999 -9999 33 43 -9999 50 52 97 3 40 49 3 24 -9999 86 93 20 25 50 48 77 73 83 58 -9999 9 5 14 39
-9999 -9999 13 96 49 95 -9999 47 36 -9999 15 37 38 54 79 33 34 -9999 29 77 -9999 83 5 61 5 10 -9999 3 -9999
83 50 7 39 70 22 58 27 95 25 57 64 14 93 63 24 55 83 94 12 94 -9999 55 -9999 75 97 37 26
72 86 13 -9999 100 -9999 24 26 86 90 33 63 79 33 70 -9999 98 77 -9999 26 78 7 36 100 73 18 -9999
68 24 94 84 93 2 22 -9999 40 44 95 78 74 -9999 64 88 6 -9999 18 -9999 15 34 76 -9999 85 9
70 74 24 53 95 20 -9999 52 -9999 7 71 -9999 68 94 77 34 66 -9999 55 8 88 33 34 -9999 30
14 62 83 98 80 37 95 -9999 -9999 99 88 84 27 79 21 26 66 -9999 45 -9999 7 -9999 72 -9999
65 96 19 66 46 65 -9999 35 39 76 39 -9999 56 65 7 100 81 88 68 54 58 31 -9999
-9999 89 89 52 55 -9999 67 52 -9999 71 -9999 99 74 74 95 88 -9999 5 -9999 -9999 61 21
39 62 19 89 64 22 64 90 24 47 -9999 14 98 84 60 -9999 54 90 91 8 99
52 -9999 -9999 -9999 -9999 8 5 3 27 75 -9999 68 -9999 99 30 46 69 49 19 -9999
80 -9999 70 -9999 93 48 24 17 -9999 94 39 7 7 97 4 10 -9999 8 83
71 25 78 28 -9999 30 93 4 80 7 -9999 49 -9999 60 42 52 38 62
44 87 -9999 38 41 -9999 61 13 51 24 31 -9999 24 77 28 -9999 73
51 70 -9999 90 96 -9999 10 64 13 -9999 90 32 24 5 -9999 91
4 70 82 100 57 59 77 81 43 -9999 52 11 21 -9999 41
79 -9999 76 99 45 11 -9999 78 87 53 -9999 76 20 -9999
-9999 -9999 15 65 -9999 84 44 75 -9999 -9999 14 37 15
71 38 -9999 81 47 8 71 84 60 -9999 -9999 3
-9999 61 -9999 66 79 67 19 19 96 -9999 -9999
6 93 68 23 38 69 12 47 54 60
-9999 21 6 23 96 86 49 52 52
-9999 -9999 66 -9999 47 -9999 67 36
-9999 91 2 17 -9999 -9999 3
79 -9999 73 84 -9999 100
-9999 23 10 43 -9999
-9999 3 -9999 -9999
52 -9999 -9999
89 11
25
