45
9 57 38 38 -9999 73 38 29 89 -9999 95 68 58 20 -9999 14 -9999 90 69 21 -9999 95 79 -9999 61 -9999 82 16 28 87 3 96 61 29 44 98 85 19 48 74 11 4 25 -9999
4 65 -9999 28 89 53 -9999 -9999 42 -9999 44 21 54 48 12 68 41 -9999 67 67 98 33 46 20 76 -9999 18 9 94 31 75 28 73 72 4 62 68 64 62 -9999 24 17 93
21 54 -9999 57 94 88 -9999 83 35 13 -9999 24 35 10 19 92 -9999 33 52 42 81 91 76 11 13 63 -9999 86 5 13 6 68 77 78 21 17 36 -9999 38 99 62 -9999
72 95 65 1 -9999 33 -9999 -9999 30 55 -9999 16 74 -9999 47 66 69 94 25 -9999 -9999 66 40 -9999 57 -9999 0 60 -9999 93 -9999 42 35 96 91 54 92 12 34 39 -9999
-9999 50 -9999 56 72 -9999 11 91 16 48 93 65 90 3 -9999 25 42 -9999 59 9 96 39 19 33 86 54 38 69 -9999 64 -9999 -9999 86 52 61 15 75 -9999 35 89
9 47 97 84 91 84 71 6 -9999 13 52 71 90 86 90 53 88 29 21 17 -9999 38 89 34 -9999 97 -9999 -9999 -9999 73 22 55 84 81 32 -9999 26 85 38
50 89 9 68 65 76 -9999 50 31 86 67 32 34 42 -9999 30 51 22 69 -9999 72 94 86 40 64 36 75 70 63 -9999 81 52 96 18 99 64 37 -9999
89 -9999 27 78 91 -9999 10 -9999 -9999 -9999 5 39 55 -9999 23 13 9 89 33 60 -9999 -9999 51 27 84 45 8 32 34 -9999 55 85 65 86 73 39 36
10 64 9 -9999 50 98 81 -9999 20 70 -9999 35 -9999 11 98 35 82 56 1 70 -9999 14 42 35 6 81 43 18 37 25 78 42 -9999 5 91 70
57 77 46 45 36 81 97 5 3 64 83 72 61 17 -9999 43 94 78 95 42 39 2 4 -9999 77 -9999 -9999 83 47 -9999 -9999 40 79 31 32
-9999 23 46 90 -9999 49 9 60 41 7 32 15 90 40 -9999 36 75 -9999 89 -9999 35 -9999 -9999 35 18 36 38 65 5 40 33 23 -9999 61
6 -9999 52 0 -9999 90 12 -9999 -9999 -9999 74 -9999 83 33 88 -9999 9 82 76 82 75 98 70 10 -9999 32 4 26 37 -9999 63 35 57
-9999 63 97 98 69 -9999 88 76 57 90 97 -9999 50 -9999 43 4 49 -9999 -9999 10 54 87 32 26 16 -9999 -9999 -9999 24 29 12 19
-9999 98 82 38 4 68 92 -9999 16 68 -9999 91 73 22 47 17 47 72 52 68 15 16 -9999 75 4 0 81 32 77 86 97
4 54 14 53 54 73 13 2 63 -9999 16 88 34 95 24 96 5 27 45 67 7 23 53 65 85 29 74 19 54 50
69 58 97 -9999 74 -9999 12 34 88 17 -9999 6 64 97 3 63 91 -9999 78 56 69 -9999 10 14 39 83 39 90 1
-9999 8 92 96 -9999 27 73 -9999 55 8 75 21 66 76 79 75 -9999 40 66 -9999 50 20 85 51 12 69 54 82
58 50 10 -9999 78 79 -9999 6 -9999 41 42 22 64 34 42 42 -9999 83 1 15 -9999 8 -9999 78 34 37 39
19 95 52 92 60 16 31 48 -9999 -9999 40 67 55 43 58 75 -9999 -9999 94 30 -9999 27 44 94 29 12
55 76 93 53 -9999 -9999 -9999 1 37 99 56 53 85 17 -9999 21 11 58 29 62 67 78 54 53 -9999
89 30 20 23 94 71 75 -9999 -9999 -9999 -9999 42 81 -9999 -9999 82 35 -9999 36 21 91 57 56 -9999
-9999 50 -9999 84 25 73 20 16 -9999 44 79 49 49 -9999 41 31 64 10 1 49 69 13 25
92 70 -9999 16 96 2 26 76 15 -9999 -9999 -9999 16 73 11 65 -9999 1 20 38 -9999 25
4 33 8 -9999 5 53 78 74 5 -9999 -9999 64 94 25 -9999 78 5 20 93 37 74
11 37 85 45 -9999 40 -9999 -9999 10 44 48 71 64 86 33 81 64 35 51 95
51 16 19 62 14 73 -9999 23 77 -9999 1 -9999 -9999 97 24 46 34 93 14
53 -9999 11 43 100 10 37 17 -9999 51 24 63 90 55 -9999 51 -9999 50
87 74 26 88 94 -9999 -9999 80 29 -9999 27 -9999 45 70 -9999 31 13
13 67 90 83 0 25 -9999 11 88 52 93 4 97 -9999 20 94
15 13 46 30 -9999 62 -9999 68 54 80 81 -9999 51 27 35
77 70 95 -9999 38 97 5 45 59 22 -9999 82 97 86
12 38 22 1 99 -9999 78 31 34 -9999 59 22 55
26 50 40 92 1 19 16 80 66 69 68 68
93 74 17 55 10 -9999 42 71 -9999 9 21
45 92 6 45 30 18 76 44 79 -9999
33 63 -9999 64 33 82 92 64 -9999
89 56 -9999 95 11 -9999 36 60
27 25 67 -9999 38 9 11
24 82 37 51 -9999 64
-9999 -9999 100 65 -9999
74 49 99 49
73 -9999 -9999
-9999 78
-9999
