50
-9999 8 -9999 79 15 -9999 32 69 6 61 -9999 51 61 -9999 62 -9999 -9999 89 90 83 -9999 -9999 89 46 -9999 77 91 82 -9999 -9999 98 44 68 10 87 66 3 -9999 -9999 88 61 88 -9999 22 -9999 68 87 -9999 51
31 86 11 9 87 6 12 25 45 50 -9999 57 82 41 35 84 14 5 75 22 26 23 5 1 92 -9999 50 11 67 93 66 7 67 43 87 20 42 39 93 91 9 -9999 65 17 96 41 51 70
75 24 -9999 20 85 -9999 2 43 77 25 12 31 -9999 43 32 79 19 43 55 95 62 5 53 83 46 75 81 90 69 -9999 20 53 58 -9999 11 93 77 13 47 4 79 29 80 37 85 80 53
-9999 -9999 56 30 80 16 84 46 10 31 71 78 -9999 17 -9999 88 79 83 -9999 85 97 39 0 4 31 -9999 73 63 83 -9999 -9999 2 72 27 -9999 54 38 83 13 63 96 61 57 43 53 56
17 16 80 28 -9999 84 84 15 -9999 89 54 13 35 3 36 40 26 73 59 73 39 8 -9999 65 95 43 73 98 -9999 11 99 89 2 30 52 12 87 97 -9999 60 3 -9999 2 -9999 -9999
5 -9999 76 19 44 40 97 42 -9999 71 73 67 41 79 96 38 46 61 -9999 69 34 53 40 40 55 26 29 71 28 7 -9999 25 81 71 76 45 -9999 -9999 88 20 10 69 68 56
69 33 76 24 79 5 92 35 -9999 5 86 85 42 -9999 38 -9999 66 65 -9999 36 36 74 15 54 97 85 39 33 25 -9999 -9999 66 46 78 -9999 18 44 24 35 77 -9999 46 25
52 20 16 93 80 94 -9999 -9999 45 16 96 20 -9999 54 85 2 62 72 85 -9999 53 -9999 -9999 27 12 3 58 62 97 19 100 -9999 9 69 43 67 63 76 38 -9999 -9999 18
-9999 44 71 24 60 72 51 -9999 99 39 -9999 92 78 66 7 -9999 23 29 -9999 69 63 11 43 55 69 21 9 96 22 56 99 48 34 -9999 61 10 32 14 16 69 42
80 10 -9999 63 64 -9999 73 67 50 50 73 47 53 95 73 -9999 95 65 88 -9999 -9999 50 -9999 58 13 -9999 10 32 33 63 24 46 -9999 74 86 13 59 -9999 82 12
89 54 -9999 96 9 -9999 -9999 68 68 95 62 62 -9999 -9999 -9999 -9999 31 89 -9999 -9999 3 74 -9999 24 -9999 53 71 -9999 8 30 -9999 25 -9999 82 -9999 19 -9999 -9999 84
-9999 14 13 -9999 58 36 92 85 51 82 3 -9999 77 71 83 69 82 68 35 -9999 63 89 62 57 4 54 38 -9999 18 -9999 -9999 25 50 -9999 85 99 17 52
50 19 88 85 77 92 67 5 -9999 -9999 62 94 38 19 65 59 83 50 82 41 93 16 96 -9999 91 -9999 92 -9999 64 -9999 3 51 98 22 63 40 19
48 94 3 42 41 35 26 28 33 15 66 -9999 53 91 0 31 -9999 66 4 90 75 19 -9999 55 83 43 45 22 73 -9999 26 82 47 64 -9999 44
2 53 -9999 38 78 49 37 -9999 -9999 45 -9999 28 48 49 24 62 -9999 83 -9999 -9999 16 81 90 15 -9999 43 56 59 58 66 20 74 19 4 11
34 40 29 -9999 -9999 8 13 51 62 -9999 80 55 84 -9999 58 60 66 11 -9999 -9999 -9999 92 58 49 6 6 35 3 1 100 -9999 84 65 93
16 -9999 92 15 95 44 59 85 80 92 -9999 -9999 74 66 -9999 40 92 -9999 98 35 66 14 88 62 76 -9999 -9999 59 -9999 5 34 21 -9999
-9999 12 85 -9999 8 2 -9999 98 81 10 43 51 72 -9999 57 -9999 21 -9999 -9999 51 98 15 37 88 84 59 -9999 91 -9999 50 77 -9999
92 86 37 -9999 75 43 79 61 19 75 -9999 3 27 99 35 70 56 68 91 44 25 -9999 68 -9999 52 19 54 -9999 -9999 38 45
-9999 63 93 3 10 -9999 49 -9999 -9999 -9999 77 28 41 17 44 42 29 77 64 38 45 33 89 8 -9999 -9999 32 97 13 10
50 -9999 64 40 -9999 30 65 -9999 42 45 59 -9999 52 25 52 76 29 85 81 90 38 57 61 69 49 67 65 -9999 -9999
2 -9999 73 17 -9999 -9999 -9999 84 14 5 48 60 -9999 54 83 94 -9999 92 60 75 65 79 7 79 64 48 78 33
67 28 46 90 47 65 18 97 16 -9999 43 96 10 78 93 84 -9999 -9999 54 70 4 62 -9999 66 -9999 36 33
-9999 28 73 -9999 43 -9999 56 32 76 28 48 100 67 13 -9999 15 21 69 36 7 3 23 33 97 83 15
92 77 88 -9999 65 77 -9999 41 5 56 99 -9999 63 -9999 28 72 -9999 -9999 96 56 54 62 72 -9999 20
-9999 50 54 44 94 3 65 82 84 41 -9999 -9999 -9999 86 25 -9999 35 16 -9999 -9999 91 91 57 -9999
34 36 44 2 -9999 16 45 72 43 32 58 48 11 39 98 -9999 51 -9999 -9999 11 -9999 -9999 76
-9999 88 34 -9999 98 64 3 -9999 -9999 -9999 54 27 -9999 8 76 13 29 -9999 -9999 77 33 42
79 92 -9999 -9999 90 58 81 76 53 12 59 -9999 79 11 -9999 12 12 0 64 -9999 88
22 57 56 69 -9999 -9999 38 61 20 47 7 11 22 85 -9999 93 80 99 34 -9999
-9999 -9999 88 -9999 13 38 95 54 74 7 24 32 91 -9999 16 18 59 46 88
23 7 16 95 92 93 63 -9999 30 14 85 26 51 26 52 92 2 52
51 97 57 45 28 29 -9999 13 -9999 99 35 85 12 19 88 56 -9999
94 49 0 76 -9999 78 40 30 -9999 41 30 -9999 80 59 16 69
-9999 85 52 12 39 34 47 8 4 -9999 -9999 -9999 98 71 98
49 86 -9999 16 -9999 94 97 93 7 74 16 -9999 -9999 89
48 91 -9999 11 20 -9999 79 5 92 99 84 46 29
49 -9999 76 3 5 77 85 -9999 70 -9999 99 42
78 30 23 4 11 20 -9999 -9999 5 -9999 22
92 19 89 56 62 73 7 42 -9999 -9999
49 71 58 9 80 59 6 30 41
65 -9999 12 88 27 12 47 99
13 -9999 87 34 86 -9999 31
38 90 87 15 81 7
-9999 95 3 14 70
66 47 86 -9999
-9999 78 41
68 79
3
