50
2 36 -9999 97 69 38 82 18 72 8 17 17 77 92 -9999 5 27 -9999 70 78 34 47 -9999 -9999 97 3 73 87 67 30 -9999 70 31 65 6 -9999 25 8 -9999 28 47 9 14 27 86 -9999 17 48 -9999
86 97 85 26 56 77 28 -9999 86 30 31 92 42 -9999 37 79 14 77 89 59 57 -9999 44 14 28 -9999 75 82 9 88 87 9 -9999 71 -9999 0 12 67 38 81 -9999 64 66 68 23 65 51 5
76 1 63 29 100 86 6 86 45 32 4 -9999 70 41 76 67 60 -9999 78 -9999 -9999 15 32 25 51 42 58 62 8 14 48 20 80 2 52 84 -9999 97 92 9 11 34 89 91 71 52 99
23 15 -9999 10 24 38 -9999 10 45 58 46 26 65 -9999 80 93 24 44 91 83 97 94 25 79 86 83 73 -9999 41 1 24 39 90 6 69 99 -9999 73 63 19 4 21 54 23 -9999 96
-9999 96 28 81 21 31 30 -9999 25 -9999 -9999 55 40 11 96 62 42 57 94 23 43 91 65 31 -9999 13 39 6 -9999 2 5 -9999 28 38 -9999 -9999 90 49 52 2 2 74 84 92 8
-9999 -9999 66 49 26 -9999 97 16 15 -9999 3 77 29 31 90 -9999 29 74 70 -9999 76 38 -9999 -9999 68 88 84 40 51 30 45 62 -9999 37 75 54 -9999 19 -9999 93 11 58 76 28
45 53 -9999 -9999 21 23 80 7 53 50 15 -9999 70 77 28 -9999 22 2 88 56 44 1 59 48 66 -9999 38 20 -9999 -9999 82 -9999 70 97 19 14 68 40 14 -9999 21 8 -9999
56 12 72 53 -9999 -9999 -9999 -9999 81 100 60 -9999 49 -9999 93 75 3 71 69 89 36 9 58 49 52 54 46 70 98 -9999 27 26 -9999 81 13 -9999 97 71 51 57 22 51
88 80 52 17 67 61 18 26 -9999 33 50 -9999 -9999 50 26 89 67 56 23 36 15 56 97 92 -9999 -9999 6 60 48 23 72 0 -9999 45 14 41 0 47 65 87 46
-9999 47 54 98 24 48 64 96 18 42 -9999 -9999 50 15 87 -9999 10 95 99 10 38 91 -9999 76 8 -9999 -9999 74 69 -9999 86 60 25 27 -9999 10 71 20 95 71
-9999 53 25 2 63 23 8 18 74 65 84 9 6 56 -9999 71 3 98 91 100 15 75 -9999 -9999 85 49 32 56 -9999 10 55 1 69 73 15 82 -9999 42 45
59 3 -9999 49 95 68 -9999 64 12 67 97 44 55 -9999 17 80 -9999 30 27 18 49 -9999 51 32 -9999 32 37 82 5 88 24 29 15 60 27 -9999 26 51
93 59 78 -9999 86 -9999 84 43 62 95 66 42 82 -9999 73 51 77 83 -9999 45 -9999 61 57 58 70 1 18 38 -9999 -9999 6 -9999 43 100 38 -9999 66
12 44 35 54 77 59 3 5 16 80 -9999 -9999 92 25 39 -9999 14 63 72 35 -9999 23 24 93 70 47 37 -9999 22 73 62 47 88 66 51 1
66 34 94 97 29 19 -9999 91 16 73 55 85 81 64 2 95 86 73 31 47 61 -9999 -9999 59 70 20 60 32 73 62 91 84 -9999 26 53
66 17 19 -9999 92 22 26 65 60 31 6 16 94 46 33 34 49 18 30 0 66 87 -9999 -9999 -9999 36 -9999 33 44 51 2 83 17 63
11 5 30 53 72 71 45 24 95 74 61 -9999 -9999 32 16 17 -9999 -9999 97 2 -9999 1 15 3 77 65 95 17 96 94 39 3 97
-9999 75 -9999 55 85 59 37 18 30 67 -9999 -9999 55 67 -9999 -9999 65 79 -9999 92 -9999 73 54 23 3 90 57 74 34 40 2 33
-9999 66 -9999 -9999 52 -9999 16 5 26 29 46 23 67 5 -9999 36 92 24 -9999 68 85 43 -9999 52 25 22 15 20 36 93 32
53 23 24 -9999 -9999 38 56 -9999 11 34 26 63 32 34 42 56 78 95 90 -9999 8 87 7 60 78 52 31 9 46 -9999
18 71 62 37 98 -9999 54 29 91 74 -9999 70 12 16 47 77 63 -9999 -9999 24 33 72 29 98 56 39 18 26 3
44 40 88 49 81 8 91 92 -9999 60 33 -9999 -9999 -9999 13 96 73 48 74 6 19 64 93 58 95 79 39 -9999
75 5 46 84 57 93 80 3 67 54 96 59 12 35 54 58 63 69 -9999 12 -9999 35 66 11 1 8 15
75 70 -9999 -9999 54 63 0 68 -9999 60 -9999 39 86 39 16 49 3 98 -9999 98 -9999 95 17 25 -9999 53
88 -9999 54 9 10 77 4 71 20 74 90 79 -9999 74 21 35 53 77 -9999 26 30 -9999 100 -9999 65
48 -9999 11 61 27 56 59 -9999 30 86 62 90 78 -9999 34 75 -9999 2 90 71 8 88 21 59
38 59 12 99 4 -9999 57 40 -9999 52 72 27 39 62 19 45 68 60 46 -9999 76 51 40
53 4 71 95 1 94 70 70 -9999 62 -9999 39 11 31 -9999 -9999 18 -9999 58 69 50 48
5 69 0 -9999 70 74 28 -9999 5 -9999 -9999 62 96 48 66 55 22 82 -9999 49 50
90 -9999 61 21 75 47 74 4 -9999 23 51 77 57 11 40 90 -9999 45 44 64
73 -9999 62 62 1 78 6 32 12 56 -9999 97 51 -9999 14 93 40 40 12
22 23 63 34 81 89 74 15 39 77 38 -9999 -9999 88 67 25 -9999 36
77 88 60 -9999 10 38 65 67 63 55 1 58 53 -9999 61 -9999 69
25 16 26 -9999 58 80 67 69 69 -9999 -9999 -9999 41 26 6 64
19 11 17 55 9 9 -9999 -9999 5 -9999 58 21 39 -9999 76
2 17 -9999 27 43 86 50 4 -9999 -9999 29 -9999 53 55
49 21 35 -9999 23 23 38 50 90 -9999 12 45 8
40 63 -9999 36 77 46 22 45 -9999 49 14 34
16 43 61 -9999 29 89 80 42 -9999 19 -9999
94 1 98 61 68 41 6 44 73 73
36 8 31 76 73 -9999 -9999 81 -9999
73 85 -9999 38 98 89 -9999 21
95 4 52 93 57 10 24
-9999 73 5 31 -9999 63
5 35 38 76 9
3 55 91 -9999
7 28 82
40 0
70
