50
69 13 25 -9999 56 54 -9999 43 16 36 74 83 -9999 3 18 54 11 69 45 6 59 23 -9999 77 72 76 -9999 97 -9999 8 21 58 20 -9999 -9999 12 72 87 83 79 -9999 89 49 13 34 69 70 36 24
-9999 86 98 23 76 4 48 98 3 -9999 45 -9999 70 51 -9999 -9999 24 -9999 26 9 -9999 -9999 14 4 82 53 -9999 -9999 97 4 -9999 42 97 52 41 66 -9999 32 24 -9999 45 97 61 -9999 88 3 95 12
84 51 53 40 87 73 60 12 80 53 -9999 20 67 67 -9999 10 96 63 83 -9999 65 32 9 90 -9999 80 25 76 6 -9999 52 42 25 32 44 -9999 35 -9999 90 95 30 85 18 67 -9999 74 72
93 -9999 -9999 83 91 46 69 92 -9999 66 -9999 -9999 84 12 57 28 57 43 62 72 8 90 36 81 54 63 -9999 87 40 51 -9999 60 77 60 59 -9999 30 81 91 38 53 81 59 29 10 37
27 7 -9999 -9999 1 37 86 22 16 58 42 47 22 -9999 39 90 39 46 45 19 72 97 -9999 31 -9999 50 53 27 20 45 49 96 43 38 34 37 43 19 95 10 89 100 2 55 8
27 8 6 68 72 -9999 -9999 21 -9999 56 69 44 44 -9999 78 44 22 6 50 40 84 97 82 71 27 76 53 93 -9999 85 41 -9999 39 22 34 38 45 81 91 67 65 3 63 69
97 73 10 41 20 84 36 99 47 50 -9999 6 58 52 20 -9999 64 28 68 74 3 60 80 73 61 3 26 3 54 38 83 4 80 -9999 -9999 82 -9999 84 85 64 14 6 99
14 91 93 53 -9999 -9999 34 -9999 31 8 13 90 16 83 -9999 -9999 96 72 -9999 24 85 26 93 -9999 72 27 89 82 84 25 63 73 95 8 -9999 98 8 40 35 86 18 45
72 6 75 -9999 -9999 -9999 74 24 26 63 61 16 51 46 49 -9999 15 73 34 44 2 64 95 36 9 -9999 10 27 -9999 -9999 38 93 -9999 43 -9999 -9999 18 20 68 3 10
-9999 6 65 94 13 -9999 67 27 32 16 61 33 4 44 81 81 70 92 21 -9999 -9999 63 92 -9999 27 42 89 78 34 2 50 -9999 -9999 4 49 63 54 56 16 67
-9999 -9999 -9999 86 10 -9999 48 70 38 36 12 77 -9999 44 19 7 29 72 30 28 21 -9999 42 -9999 86 33 56 44 66 67 -9999 -9999 90 40 94 61 96 -9999 47
21 3 39 39 73 85 35 88 81 -9999 74 11 33 42 65 -9999 49 24 85 65 49 -9999 70 81 20 90 10 17 48 74 -9999 22 17 47 23 61 -9999 7
-9999 -9999 -9999 -9999 53 97 -9999 48 57 92 94 76 47 70 -9999 37 49 44 24 81 84 16 77 65 63 40 56 -9999 -9999 71 -9999 -9999 49 31 34 60 -9999
5 -9999 10 74 -9999 77 15 72 32 -9999 49 -9999 94 67 -9999 41 -9999 29 -9999 87 -9999 18 26 21 60 90 43 83 1 -9999 50 62 -9999 -9999 19 -9999
28 69 80 -9999 -9999 -9999 -9999 -9999 44 -9999 35 8 -9999 -9999 94 95 4 4 48 -9999 41 40 77 87 94 79 -9999 33 39 -9999 52 16 24 0 -9999
91 19 64 -9999 11 -9999 9 86 62 -9999 20 -9999 -9999 67 56 62 -9999 3 28 36 10 -9999 18 -9999 32 91 -9999 98 37 -9999 65 95 -9999 77
4 3 58 -9999 62 30 -9999 62 64 47 59 3 47 -9999 98 84 40 55 97 14 87 86 67 13 50 32 66 71 98 66 43 3 63
65 41 75 -9999 4 24 -9999 67 -9999 35 87 -9999 -9999 -9999 86 39 70 67 67 57 92 89 96 -9999 -9999 62 -9999 -9999 67 73 59 10
77 96 38 3 54 89 41 24 53 15 -9999 24 -9999 23 -9999 19 72 49 68 31 36 23 -9999 -9999 20 86 41 90 72 45 46
40 28 10 10 37 24 47 -9999 -9999 50 27 68 -9999 92 86 16 28 70 57 -9999 97 -9999 -9999 -9999 -9999 54 -9999 48 29 11
2 99 56 71 45 59 93 65 65 52 56 21 40 95 30 56 79 3 -9999 22 47 -9999 68 60 67 96 71 15 4
-9999 -9999 3 23 -9999 46 -9999 40 40 12 70 3 -9999 74 100 -9999 83 -9999 3 26 79 9 -9999 -9999 30 47 22 34
-9999 -9999 -9999 85 -9999 50 -9999 -9999 -9999 87 21 29 69 47 6 71 75 27 21 95 20 0 77 50 58 29 92
70 61 73 -9999 36 59 50 82 13 49 76 -9999 89 50 20 83 55 74 19 13 42 93 -9999 72 -9999 94
70 95 -9999 21 24 17 6 83 -9999 88 82 92 15 72 45 19 13 26 25 15 16 29 25 86 62
25 31 1 85 60 45 28 77 14 30 -9999 84 70 70 45 -9999 79 28 48 80 41 -9999 85 45
83 74 12 87 -9999 13 34 -9999 -9999 43 46 77 25 15 47 -9999 83 81 -9999 34 57 87 66
85 93 31 36 64 -9999 48 7 31 58 31 34 84 2 4 49 93 76 -9999 65 61 52
5 40 80 35 -9999 32 14 31 -9999 37 53 -9999 62 67 17 19 34 55 18 60 77
4 42 -9999 -9999 1 -9999 49 -9999 80 -9999 73 60 -9999 10 79 48 1 62 55 49
66 67 47 38 76 -9999 99 31 40 8 77 3 -9999 -9999 34 11 53 6 -9999
-9999 30 28 -9999 52 -9999 91 72 40 54 7 35 -9999 74 -9999 79 -9999 86
12 40 5 -9999 79 67 48 -9999 17 28 -9999 37 79 71 24 36 35
-9999 10 87 -9999 -9999 68 -9999 87 92 29 65 43 34 98 67 -9999
67 98 76 -9999 3 65 91 18 4 10 57 4 94 -9999 31
69 -9999 41 12 64 72 -9999 68 39 -9999 36 99 2 91
37 46 -9999 66 -9999 90 21 43 50 -9999 21 62 -9999
24 86 45 7 78 6 16 60 3 75 39 60
-9999 -9999 89 86 0 32 87 68 32 -9999 27
49 20 39 -9999 18 -9999 38 6 95 90
-9999 95 -9999 15 98 31 -9999 4 28
-9999 91 52 92 17 45 39 65
58 -9999 76 29 26 95 72
54 -9999 10 15 53 16
-9999 100 13 49 15
-9999 4 19 83
54 -9999 92
62 81
20
