50
24 -9999 52 46 29 -9999 -9999 21 99 92 22 12 44 63 31 89 -9999 -9999 84 81 21 72 85 98 12 68 59 40 72 90 22 13 16 85 46 39 48 66 -9999 90 30 42 36 82 -9999 0 80 1 93
83 -9999 78 63 29 -9999 69 11 -9999 85 73 59 27 43 58 34 77 82 43 44 77 74 -9999 -9999 50 56 51 63 58 43 61 6 10 8 -9999 55 91 59 74 57 81 -9999 19 9 94 -9999 45 -9999
86 43 -9999 19 40 2 61 92 -9999 34 51 30 -9999 -9999 -9999 63 12 -9999 28 -9999 35 -9999 12 98 4 78 -9999 3 -9999 47 -9999 89 55 47 12 73 91 12 14 -9999 66 65 25 -9999 -9999 -9999 19
-9999 64 -9999 99 70 26 -9999 89 6 -9999 31 69 100 -9999 15 24 89 42 13 -9999 -9999 6 39 -9999 -9999 53 46 46 18 58 15 50 37 32 78 94 51 49 -9999 74 99 39 36 -9999 91 12
-9999 -9999 76 70 53 43 10 18 11 55 -9999 82 -9999 8 84 23 5 -9999 34 52 40 -9999 30 28 95 46 93 -9999 29 -9999 52 37 73 18 -9999 2 81 47 90 97 42 -9999 84 92 3
56 80 61 53 59 -9999 2 66 49 84 -9999 74 92 46 42 6 51 11 9 93 6 20 94 -9999 -9999 21 69 -9999 35 78 -9999 55 70 95 -9999 41 8 77 32 58 16 43 -9999 -9999
8 -9999 95 21 -9999 55 -9999 -9999 41 100 60 80 53 81 60 -9999 38 64 19 25 38 -9999 62 25 -9999 70 2 56 44 -9999 80 -9999 61 69 21 5 13 46 -9999 62 -9999 76 6
70 23 49 10 37 -9999 70 47 51 69 13 18 45 95 62 23 -9999 0 62 -9999 17 20 -9999 -9999 80 17 67 42 70 45 42 -9999 19 53 90 33 69 96 73 98 50 29
96 31 19 79 53 93 -9999 62 43 -9999 86 10 73 95 46 -9999 96 -9999 24 -9999 12 48 51 95 71 90 87 62 75 77 37 79 -9999 52 29 62 1 84 66 21 -9999
-9999 -9999 61 71 82 22 47 21 63 39 65 91 62 56 96 18 68 83 20 56 38 32 -9999 -9999 -9999 22 71 20 84 -9999 55 61 -9999 -9999 3 55 49 82 -9999 67
3 -9999 7 51 77 0 80 9 95 50 21 -9999 94 -9999 -9999 46 61 16 -9999 46 82 17 -9999 51 -9999 84 83 88 -9999 27 -9999 85 7 31 99 62 26 54 -9999
-9999 24 68 15 90 84 79 84 16 -9999 4 77 -9999 53 11 67 -9999 98 46 12 -9999 22 5 74 3 19 94 6 20 -9999 40 72 77 92 16 -9999 26 43
87 96 84 73 84 97 6 54 87 18 84 76 16 56 0 38 57 36 17 57 5 82 7 99 -9999 46 39 27 23 67 78 -9999 45 72 72 21 52
24 95 -9999 30 12 -9999 -9999 82 30 -9999 38 61 45 10 33 47 -9999 18 -9999 6 -9999 -9999 81 77 48 91 46 77 11 92 35 13 95 55 8 -9999
5 36 23 81 79 59 -9999 37 80 63 91 -9999 29 60 91 4 -9999 -9999 2 82 -9999 65 93 87 45 28 40 74 47 -9999 64 5 -9999 26 43
93 -9999 15 29 19 56 54 -9999 -9999 83 76 23 53 21 59 13 32 -9999 91 -9999 13 32 8 53 71 10 -9999 82 100 70 87 3 73 34
93 100 46 71 91 92 -9999 60 33 -9999 79 59 50 16 37 73 48 61 84 26 88 -9999 -9999 19 -9999 48 -9999 61 4 46 42 1 76
-9999 11 21 36 8 8 81 -9999 74 65 47 2 38 -9999 75 95 68 63 86 76 74 -9999 20 89 85 50 -9999 70 11 15 52 54
-9999 96 31 39 95 75 30 21 -9999 68 59 9 -9999 48 23 56 68 -9999 15 4 53 90 -9999 94 29 -9999 49 45 22 61 93
-9999 62 -9999 34 -9999 24 84 44 67 -9999 65 74 17 64 10 11 85 -9999 73 28 59 91 -9999 81 4 6 22 17 68 76
53 48 59 -9999 76 93 26 42 -9999 40 15 63 52 21 51 34 54 14 15 -9999 52 89 36 13 94 83 68 2 -9999
19 -9999 85 96 67 69 -9999 32 95 -9999 -9999 93 17 78 -9999 -9999 -9999 22 59 3 26 30 45 61 11 31 96 36
71 4 9 -9999 54 69 3 54 18 -9999 80 -9999 39 82 64 76 -9999 46 -9999 4 45 19 38 43 -9999 24 97
85 -9999 36 4 87 80 43 -9999 2 23 66 3 42 -9999 78 -9999 37 45 18 77 31 85 63 4 85 57
49 50 41 72 69 61 94 23 7 42 -9999 70 66 14 47 18 9 84 74 9 54 57 -9999 80 29
17 40 38 41 61 24 54 13 88 3 86 26 32 24 -9999 70 95 -9999 91 92 61 16 36 83
64 96 23 74 -9999 19 57 13 -9999 72 36 -9999 42 55 -9999 -9999 12 83 22 19 86 3 81
-9999 51 14 84 6 40 3 76 -9999 8 4 98 71 11 90 45 71 41 85 9 15 -9999
90 41 59 50 55 65 93 61 95 75 -9999 71 -9999 92 -9999 33 55 13 15 87 64
63 36 55 98 46 21 77 75 93 17 47 6 74 91 88 -9999 57 53 -9999 -9999
46 90 69 87 64 98 -9999 80 -9999 22 74 25 86 22 -9999 94 15 -9999 -9999
96 81 57 -9999 -9999 -9999 67 14 42 12 71 61 10 -9999 39 46 84 -9999
3 95 94 70 29 89 93 99 83 -9999 76 30 93 40 -9999 26 45
44 31 47 29 47 -9999 28 -9999 12 7 -9999 48 45 29 45 52
76 42 9 16 74 17 -9999 7 86 -9999 -9999 35 63 100 74
-9999 27 21 62 -9999 77 15 23 -9999 86 -9999 75 67 65
-9999 94 60 37 96 83 40 15 99 93 54 62 69
32 83 31 59 97 3 28 48 33 33 16 62
3 45 20 -9999 34 56 45 73 75 -9999 28
68 -9999 17 20 23 26 -9999 -9999 92 -9999
-9999 66 52 17 27 16 16 11 93
-9999 69 51 90 14 12 49 66
36 -9999 78 44 55 70 35
65 40 -9999 61 53 10
13 -9999 67 62 7
80 16 84 2
56 8 -9999
38 -9999
77
