65
89 6 63 81 39 78 76 47 56 -9999 77 -9999 17 -9999 17 33 94 46 40 39 73 93 65 36 -9999 49 86 15 1 -9999 19 77 -9999 55 -9999 17 88 49 15 86 98 69 94 20 81 68 62 17 73 38 -9999 49 89 35 37 4 2 82 5 2 16 97 72 64
51 97 96 60 35 44 86 11 76 98 5 36 59 76 -9999 33 31 -9999 49 -9999 -9999 59 88 -9999 29 85 44 49 29 14 78 42 -9999 44 53 93 46 52 27 3 51 -9999 44 82 16 -9999 5 -9999 55 98 96 10 13 -9999 -9999 -9999 89 53 -9999 -9999 55 -9999 -9999
-9999 57 10 -9999 1 80 -9999 24 79 -9999 4 12 26 13 53 50 31 -9999 -9999 84 33 -9999 50 -9999 14 35 17 40 46 18 87 -9999 -9999 66 -9999 26 64 99 10 72 8 1 78 -9999 -9999 28 43 96 -9999 51 -9999 14 7 50 -9999 -9999 49 21 46 83 58 -9999
-9999 46 38 18 -9999 33 79 87 69 46 95 26 -9999 85 8 -9999 38 -9999 86 31 8 96 11 60 22 -9999 88 89 35 34 74 91 44 83 66 61 33 39 96 -9999 37 76 -9999 56 -9999 5 63 76 46 64 38 32 45 83 1 -9999 13 68 24 -9999 -9999
80 29 62 80 62 -9999 98 41 55 35 16 62 79 86 37 5 -9999 29 11 85 33 -9999 20 -9999 6 4 53 69 82 65 96 -9999 47 68 93 -9999 98 8 30 11 37 95 -9999 80 94 72 33 27 73 38 9 80 52 -9999 20 3 88 9 36 52
91 53 41 21 -9999 37 14 66 88 -9999 53 82 1 -9999 64 53 9 52 84 76 74 57 19 60 -9999 3 17 36 12 -9999 2 23 67 83 99 88 97 32 -9999 78 -9999 14 50 35 90 47 2 69 20 97 67 8 64 46 25 -9999 74 43 58
20 74 89 91 73 -9999 80 -9999 99 -9999 2 -9999 51 64 41 42 61 6 -9999 52 40 27 12 48 82 20 -9999 58 75 -9999 38 -9999 97 11 28 95 48 74 63 23 -9999 99 9 2 77 39 61 74 91 -9999 75 33 21 79 42 11 91 -9999
-9999 29 19 -9999 82 76 -9999 27 85 26 69 1 72 86 91 93 11 99 76 35 64 58 -9999 60 87 42 90 50 75 90 0 -9999 -9999 95 15 87 55 24 -9999 2 73 -9999 100 48 -9999 37 64 87 -9999 41 8 56 75 -9999 -9999 78 16
4 21 -9999 43 90 73 -9999 45 60 24 19 97 21 -9999 -9999 80 46 2 66 -9999 91 5 -9999 67 -9999 55 82 -9999 34 68 50 74 68 22 43 -9999 -9999 -9999 83 97 31 29 -9999 -9999 85 30 77 7 48 19 9 -9999 58 92 11 46
-9999 50 49 45 1 57 89 -9999 76 -9999 82 -9999 51 23 87 89 19 -9999 49 -9999 34 55 29 36 74 -9999 -9999 -9999 -9999 93 41 93 84 94 70 17 -9999 98 13 75 -9999 -9999 99 9 81 23 -9999 76 34 26 20 99 70 70 68
38 -9999 89 -9999 59 -9999 56 82 80 15 82 75 72 48 95 7 33 63 79 83 76 42 23 93 95 82 -9999 60 -9999 93 34 74 93 -9999 74 20 33 99 98 -9999 43 34 48 40 82 22 55 12 8 34 -9999 100 97 33
-9999 10 89 65 93 19 47 -9999 9 26 25 27 -9999 98 48 61 76 1 -9999 -9999 -9999 14 44 -9999 31 49 66 23 1 79 48 87 17 31 -9999 28 16 -9999 73 82 90 42 22 50 -9999 -9999 2 56 59 68 96 75 96
73 64 58 41 -9999 67 -9999 87 11 46 -9999 89 39 -9999 35 7 -9999 57 88 1 50 30 82 59 79 84 55 -9999 -9999 72 80 58 -9999 -9999 70 64 -9999 24 61 -9999 48 35 21 56 45 0 43 -9999 39 -9999 13 45
-9999 7 4 -9999 82 86 71 27 80 2 37 94 -9999 29 59 49 56 -9999 -9999 56 30 49 64 -9999 -9999 15 85 -9999 33 -9999 79 90 25 39 0 35 88 -9999 94 4 64 48 36 69 73 -9999 -9999 89 32 49 42
73 53 48 90 90 72 -9999 43 90 63 76 49 13 71 -9999 95 2 98 71 82 49 95 19 93 76 10 63 36 51 9 5 10 66 4 7 50 89 30 92 87 69 53 89 -9999 26 -9999 -9999 25 29 26
26 65 29 -9999 65 -9999 -9999 84 92 58 80 14 82 21 50 -9999 29 52 44 20 37 -9999 80 73 -9999 18 38 52 30 6 33 95 25 0 79 24 -9999 68 34 86 61 1 47 70 97 -9999 -9999 33 69
29 74 58 15 62 14 96 27 20 73 -9999 63 68 67 51 -9999 24 45 72 98 -9999 58 25 90 -9999 19 -9999 48 -9999 43 80 -9999 87 16 -9999 -9999 12 48 12 99 79 46 77 54 56 90 26 23
93 20 43 69 84 97 -9999 -9999 29 45 44 34 10 7 97 12 7 48 62 46 29 81 -9999 61 26 -9999 91 4 86 86 -9999 25 69 59 -9999 89 36 -9999 30 -9999 21 76 18 98 -9999 -9999 70
82 87 86 -9999 75 -9999 20 78 24 3 32 84 3 -9999 -9999 4 54 81 46 84 -9999 96 -9999 72 31 37 2 81 -9999 -9999 -9999 -9999 27 63 33 66 54 43 30 85 20 69 47 45 -9999 42
47 -9999 45 75 36 70 -9999 -9999 65 5 90 26 -9999 -9999 37 69 21 9 -9999 64 -9999 68 20 44 -9999 65 51 94 94 -9999 82 37 24 -9999 78 57 97 86 89 60 69 -9999 68 91 13
28 65 87 47 4 70 88 15 15 -9999 91 36 -9999 13 38 35 38 24 -9999 92 98 91 76 35 7 78 -9999 39 33 36 13 -9999 -9999 -9999 94 17 -9999 79 77 11 1 60 83 24
13 34 23 51 94 -9999 -9999 -9999 7 56 -9999 77 -9999 51 86 8 95 85 49 74 43 26 18 -9999 14 -9999 -9999 30 21 56 87 40 65 37 1 87 38 13 -9999 62 73 13 96
99 41 7 1 78 5 77 3 99 37 41 95 38 51 -9999 -9999 7 68 83 74 17 91 34 -9999 82 30 -9999 3 -9999 42 53 21 49 98 98 50 52 90 -9999 -9999 -9999 -9999
11 90 77 46 83 2 58 23 77 -9999 28 93 22 12 -9999 33 8 -9999 30 97 31 80 99 61 71 27 -9999 54 80 -9999 -9999 54 49 76 84 72 16 66 -9999 79 37
29 5 44 96 54 40 16 -9999 29 -9999 43 61 6 97 -9999 71 51 84 23 47 36 -9999 31 94 -9999 16 -9999 20 31 15 -9999 18 65 15 50 35 19 86 85 73
55 73 43 -9999 26 18 29 -9999 89 12 15 86 10 41 -9999 99 51 32 -9999 30 48 11 60 20 36 88 83 -9999 69 54 7 -9999 -9999 53 -9999 14 64 95 -9999
-9999 48 2 -9999 -9999 79 50 24 46 27 -9999 31 28 64 75 53 4 61 51 53 82 69 10 84 88 75 1 15 87 77 38 3 -9999 39 38 84 33 47
79 59 98 -9999 95 52 -9999 99 50 9 79 12 61 85 61 53 14 97 49 48 -9999 20 60 83 79 15 89 44 86 81 68 37 50 44 56 -9999 57
-9999 40 78 71 11 13 -9999 27 70 37 9 55 -9999 58 76 46 5 81 95 100 11 27 74 22 16 6 68 74 14 -9999 63 75 -9999 8 -9999 -9999
28 26 17 58 28 68 64 99 14 -9999 30 -9999 2 60 -9999 -9999 39 50 -9999 77 45 -9999 39 68 -9999 28 -9999 51 52 4 27 35 61 11 46
91 -9999 83 32 32 7 28 28 53 49 -9999 47 10 76 -9999 23 76 94 14 24 7 75 -9999 65 -9999 80 64 84 49 5 31 63 -9999 9
12 -9999 15 41 41 62 -9999 56 -9999 -9999 -9999 2 91 72 10 52 -9999 -9999 17 27 53 9 80 55 97 38 3 91 -9999 62 59 54 14
-9999 47 41 23 26 11 78 11 23 36 89 31 70 44 77 -9999 40 41 63 45 9 0 -9999 75 8 64 65 40 -9999 -9999 23 -9999
42 62 25 97 -9999 74 31 80 85 -9999 -9999 50 3 -9999 26 -9999 82 53 -9999 2 51 42 26 -9999 15 -9999 83 -9999 32 -9999 4
66 26 5 8 7 70 -9999 -9999 37 -9999 -9999 80 -9999 -9999 76 -9999 43 -9999 79 99 -9999 95 88 48 84 64 -9999 -9999 82 -9999
90 26 43 95 65 -9999 80 90 53 -9999 -9999 45 1 37 -9999 0 -9999 80 20 69 -9999 37 5 99 -9999 36 51 83 -9999
82 49 82 28 30 70 19 54 84 65 67 79 81 -9999 76 67 6 18 97 26 -9999 76 64 81 22 90 81 12
1 71 59 69 35 43 38 -9999 59 26 19 21 64 -9999 -9999 82 36 82 86 34 99 -9999 -9999 60 43 68 8
-9999 79 32 78 83 46 70 37 63 54 69 80 20 50 44 100 11 -9999 93 18 49 7 73 54 12 31
77 70 24 75 24 49 -9999 59 19 78 -9999 10 -9999 37 21 4 3 63 -9999 62 -9999 -9999 26 68 58
24 96 8 45 -9999 28 72 44 4 70 50 97 32 32 81 20 52 23 62 66 83 71 52 38
96 -9999 86 -9999 73 2 26 38 -9999 2 85 23 -9999 83 18 76 29 -9999 85 -9999 -9999 53 -9999
82 10 98 45 75 80 13 47 47 -9999 27 98 91 86 27 54 -9999 26 -9999 -9999 91 -9999
67 44 -9999 -9999 -9999 26 62 86 22 67 58 -9999 70 49 55 56 6 76 -9999 57 -9999
88 96 -9999 65 -9999 35 55 53 98 98 -9999 79 66 -9999 -9999 -9999 -9999 -9999 14 5
76 17 39 60 14 75 82 80 78 18 51 77 53 30 -9999 17 46 -9999 62
59 61 45 89 27 34 71 23 42 16 76 51 72 -9999 50 -9999 86 97
25 7 21 26 -9999 47 83 82 -9999 -9999 59 34 17 89 -9999 1 77
0 1 10 55 17 53 40 96 47 15 10 18 69 27 53 22
3 4 47 7 74 52 92 -9999 -9999 94 39 -9999 71 40 6
-9999 44 -9999 23 8 77 47 47 28 24 98 9 28 87
-9999 89 -9999 23 79 33 20 -9999 46 55 81 77 17
39 -9999 51 -9999 80 10 77 -9999 38 -9999 39 78
57 74 58 52 -9999 86 76 -9999 86 -9999 34
-9999 61 44 81 90 32 84 91 97 -9999
44 35 87 34 57 91 55 -9999 51
-9999 86 88 44 55 58 67 73
2 -9999 24 66 31 56 99
29 96 49 57 71 40
-9999 -9999 -9999 43 12
62 21 57 23
20 50 -9999
92 54
90
