65
95 -9999 63 53 64 40 -9999 82 -9999 82 52 98 40 30 45 76 98 91 19 -9999 27 72 93 -9999 95 32 30 9 48 52 44 -9999 -9999 22 45 83 8 82 -9999 16 81 10 -9999 82 -9999 83 93 27 53 62 63 72 74 17 -9999 29 35 19 31 10 60 97 11 46
-9999 64 -9999 73 4 2 -9999 -9999 26 92 10 79 40 13 12 54 -9999 65 73 32 94 -9999 84 -9999 97 -9999 -9999 43 99 -9999 31 27 96 51 85 47 39 42 7 51 94 78 45 69 44 38 80 91 71 24 89 77 -9999 22 -9999 27 59 -9999 9 -9999 32 72 84
53 24 68 95 -9999 67 62 51 -9999 -9999 56 87 76 91 -9999 -9999 95 -9999 -9999 45 25 22 15 82 -9999 -9999 84 68 58 -9999 93 66 74 18 10 28 20 40 97 -9999 99 35 15 50 32 84 -9999 -9999 59 80 -9999 95 -9999 -9999 43 -9999 89 13 19 11 10 8
97 76 81 63 88 23 51 44 78 87 -9999 98 71 46 27 48 65 90 17 86 48 34 55 10 47 91 70 16 55 61 87 16 29 36 -9999 51 91 90 69 73 13 71 8 43 16 -9999 98 -9999 89 -9999 96 50 -9999 53 63 72 -9999 18 -9999 82 70
26 61 -9999 66 76 67 64 -9999 26 83 70 65 48 -9999 88 93 72 78 4 -9999 -9999 80 62 4 -9999 31 80 8 46 91 68 -9999 -9999 74 91 -9999 17 43 52 39 95 87 -9999 49 72 21 86 47 61 41 84 62 -9999 65 78 84 -9999 -9999 5 -9999
27 16 30 33 -9999 68 6 78 95 17 39 34 36 83 -9999 44 18 3 81 66 -9999 16 -9999 87 74 36 55 52 97 -9999 35 61 93 11 21 78 95 40 56 50 78 78 97 30 -9999 28 75 10 45 -9999 -9999 30 8 75 18 42 12 52 98
87 -9999 73 67 1 -9999 81 33 -9999 -9999 54 36 83 43 80 12 3 -9999 54 81 -9999 -9999 5 -9999 63 -9999 54 41 75 55 21 87 38 13 67 6 74 54 -9999 -9999 36 1 92 16 3 -9999 -9999 59 25 32 79 95 25 72 84 59 20 95
25 -9999 93 28 -9999 30 96 58 45 73 79 46 63 88 69 99 -9999 45 -9999 52 94 77 26 69 31 43 -9999 56 90 -9999 86 74 12 -9999 80 84 4 87 48 18 -9999 2 26 91 80 -9999 1 81 21 43 -9999 94 68 86 20 57 91
10 0 1 8 -9999 7 6 -9999 69 73 77 97 79 43 -9999 73 78 9 1 57 49 87 22 32 73 30 29 15 38 -9999 10 45 4 -9999 67 71 5 -9999 75 32 27 29 36 17 24 -9999 90 96 3 13 19 -9999 77 83 -9999 24
29 5 6 -9999 85 69 8 -9999 -9999 2 -9999 37 39 3 43 -9999 38 47 19 25 63 84 35 -9999 21 97 1 50 26 -9999 16 29 20 45 -9999 -9999 13 38 77 69 17 7 76 87 65 42 78 89 -9999 85 99 31 -9999 52 -9999
-9999 85 63 67 18 -9999 -9999 71 29 98 46 -9999 83 64 50 99 -9999 77 29 65 38 -9999 -9999 -9999 39 69 89 80 69 26 -9999 -9999 39 57 -9999 -9999 49 77 0 91 37 33 87 -9999 1 69 -9999 88 12 15 35 -9999 77 -9999
-9999 3 54 24 64 82 79 45 65 25 1 94 85 72 68 68 32 93 93 81 47 36 31 -9999 -9999 70 94 70 48 -9999 51 45 88 38 60 -9999 28 62 67 78 17 65 53 23 17 93 9 -9999 24 90 45 36 80
-9999 60 0 -9999 92 35 89 52 64 -9999 2 3 90 76 -9999 86 79 0 39 2 -9999 17 1 47 78 -9999 29 48 56 27 4 17 31 -9999 26 -9999 45 46 89 12 26 70 -9999 74 5 89 93 -9999 88 89 -9999 -9999
-9999 -9999 40 92 11 32 62 -9999 50 31 41 -9999 -9999 71 52 73 4 -9999 -9999 6 96 -9999 18 33 -9999 21 -9999 77 7 41 94 -9999 44 -9999 -9999 98 93 91 22 61 58 7 14 63 100 48 -9999 51 20 13 91
81 48 63 51 26 30 -9999 54 28 39 90 66 63 -9999 48 78 -9999 85 51 -9999 52 -9999 83 19 19 36 51 59 8 -9999 -9999 27 99 -9999 -9999 55 80 92 38 27 -9999 79 26 94 10 4 77 24 23 58
-9999 13 94 5 -9999 79 9 20 40 -9999 -9999 53 50 -9999 50 71 24 25 81 53 29 52 -9999 -9999 29 56 95 67 41 41 -9999 76 22 56 48 16 54 17 80 38 56 -9999 11 -9999 22 91 41 84 37
83 -9999 -9999 17 -9999 81 93 69 2 53 33 -9999 49 81 46 36 43 47 7 61 32 56 64 60 57 90 -9999 -9999 56 94 83 56 -9999 93 84 99 16 59 71 30 84 4 30 -9999 57 -9999 56 32
-9999 -9999 -9999 -9999 61 76 -9999 69 10 54 -9999 29 42 -9999 25 11 6 -9999 62 53 -9999 2 44 -9999 15 89 17 32 -9999 57 -9999 24 25 2 81 34 78 70 -9999 -9999 82 14 -9999 65 16 -9999 -9999
61 80 45 42 42 83 -9999 10 71 14 23 93 -9999 17 15 89 19 85 7 68 4 41 77 -9999 23 25 69 58 42 67 -9999 47 61 -9999 87 6 51 93 26 36 51 9 75 9 98 -9999
-9999 -9999 17 49 64 87 -9999 27 57 46 -9999 -9999 11 6 53 71 -9999 63 -9999 74 56 32 77 18 54 19 73 92 23 15 92 60 50 58 34 -9999 87 75 -9999 62 -9999 29 79 -9999 82
-9999 32 2 91 -9999 5 5 29 4 -9999 7 4 38 37 80 50 -9999 -9999 2 5 92 5 47 -9999 97 -9999 46 38 12 57 10 79 55 -9999 79 14 -9999 65 66 79 74 -9999 54 -9999
-9999 96 19 45 39 70 35 -9999 4 83 66 83 87 42 -9999 48 78 52 28 -9999 59 -9999 74 84 -9999 64 22 65 89 41 -9999 68 85 4 80 42 33 1 32 63 2 80 64
6 26 88 50 -9999 32 10 1 77 5 50 19 13 4 -9999 51 27 88 33 52 5 37 67 50 54 78 -9999 84 -9999 86 -9999 -9999 15 58 87 41 47 23 60 49 -9999 10
64 18 28 61 14 43 -9999 37 92 10 44 65 41 4 77 -9999 46 32 -9999 94 24 21 -9999 64 28 54 45 67 88 -9999 -9999 24 83 69 59 1 11 67 64 70 60
84 71 67 97 -9999 52 33 30 97 13 -9999 90 -9999 62 -9999 16 -9999 68 95 84 -9999 81 -9999 1 -9999 20 29 -9999 2 64 43 -9999 46 96 61 59 27 11 45 22
70 66 -9999 54 3 68 10 23 12 18 26 55 -9999 70 26 27 93 41 16 73 21 99 -9999 43 47 45 -9999 -9999 39 -9999 60 55 28 -9999 82 34 30 91 20
74 35 65 30 42 70 30 -9999 72 76 72 42 66 -9999 97 64 42 46 -9999 -9999 42 60 83 32 71 16 37 86 9 -9999 88 89 56 33 1 77 -9999 -9999
23 39 33 -9999 86 31 63 71 -9999 43 87 7 -9999 77 45 70 77 76 16 14 79 8 -9999 61 35 12 38 3 5 -9999 55 26 -9999 43 1 -9999 87
34 53 46 -9999 -9999 12 93 -9999 83 92 10 48 33 32 -9999 91 9 -9999 82 27 -9999 6 -9999 83 33 -9999 2 49 63 -9999 57 36 50 -9999 33 4
13 26 -9999 7 86 32 89 76 -9999 -9999 88 30 1 -9999 49 67 71 60 82 70 16 56 44 40 53 34 82 23 98 -9999 -9999 68 30 79 -9999
41 21 66 -9999 52 -9999 50 -9999 -9999 -9999 9 46 75 -9999 87 51 92 12 41 47 25 83 15 6 73 68 -9999 28 -9999 10 29 -9999 -9999 9
52 50 16 93 -9999 35 64 23 3 46 -9999 3 28 15 2 26 75 66 82 99 86 46 67 45 -9999 -9999 62 86 5 68 51 30 -9999
52 15 -9999 3 82 63 96 -9999 14 41 75 78 59 19 99 -9999 48 26 -9999 82 -9999 53 86 59 52 98 43 -9999 52 -9999 3 -9999
95 96 -9999 -9999 54 98 54 38 -9999 54 48 -9999 3 11 75 16 34 17 49 10 64 31 32 10 -9999 -9999 64 75 71 16 14
37 1 87 40 59 28 46 83 100 -9999 81 -9999 50 5 6 51 -9999 12 -9999 -9999 11 12 41 -9999 72 22 23 71 -9999 20
82 44 45 39 47 30 83 22 19 14 33 -9999 99 -9999 21 19 20 90 64 81 56 -9999 76 32 92 88 63 64 -9999
-9999 72 -9999 9 33 -9999 72 -9999 92 23 22 -9999 60 85 83 37 -9999 61 73 90 9 80 29 15 60 55 27 2
19 76 83 -9999 49 9 61 69 64 35 53 16 -9999 64 85 31 85 18 20 62 87 69 58 14 -9999 75 64
38 53 78 62 82 73 17 72 98 15 65 60 4 55 35 8 34 16 45 -9999 59 51 23 86 3 92
26 60 -9999 23 79 14 -9999 64 35 56 73 -9999 -9999 30 38 -9999 -9999 25 35 35 12 23 83 71 67
74 15 77 52 -9999 64 -9999 15 25 35 -9999 -9999 91 89 18 60 96 84 -9999 81 75 82 27 89
6 -9999 93 59 41 34 13 71 -9999 -9999 -9999 25 11 36 1 79 62 81 84 65 5 -9999 20
99 87 66 -9999 26 19 77 7 41 7 74 15 56 31 47 56 30 76 44 80 2 46
34 58 16 9 41 70 35 32 -9999 -9999 9 -9999 55 -9999 89 -9999 39 87 9 21 48
8 67 65 37 84 34 -9999 27 -9999 70 -9999 62 29 15 -9999 44 74 84 47 13
85 89 88 76 -9999 -9999 47 13 31 35 37 44 -9999 6 -9999 84 80 -9999 56
68 46 55 36 39 52 87 36 31 73 91 24 74 86 2 98 -9999 18
56 53 94 91 43 91 41 80 38 20 76 -9999 -9999 40 69 47 91
5 52 52 76 16 16 100 54 52 22 25 11 2 13 13 11
25 99 41 31 15 45 66 12 73 1 91 45 79 79 8
21 10 -9999 -9999 43 97 77 5 6 50 83 51 6 -9999
74 62 97 -9999 19 3 45 89 32 50 93 -9999 86
48 89 -9999 17 71 99 -9999 97 18 43 76 23
41 80 59 99 45 -9999 40 -9999 82 90 22
84 75 95 76 -9999 14 93 99 82 82
-9999 51 58 36 -9999 23 56 82 86
85 12 23 15 27 73 21 76
-9999 -9999 33 11 40 53 50
84 4 -9999 80 -9999 89
87 36 65 40 82
55 76 53 -9999
32 -9999 10
51 5
32
