65
19 11 56 2 1 -9999 94 1 90 7 97 12 -9999 -9999 73 -9999 9 69 59 65 7 85 16 -9999 35 -9999 94 9 75 61 76 39 81 100 -9999 66 75 10 10 35 33 72 6 -9999 -9999 53 34 54 4 38 28 76 19 23 33 78 48 85 69 32 58 41 65 28
63 38 35 -9999 24 29 69 98 80 78 -9999 43 31 45 91 10 68 33 67 26 77 -9999 1 -9999 82 74 98 -9999 70 17 -9999 69 70 52 -9999 13 -9999 7 -9999 -9999 12 86 67 94 17 95 -9999 70 67 -9999 32 33 85 26 44 76 85 76 87 -9999 1 -9999 82
-9999 -9999 34 37 -9999 -9999 -9999 62 2 20 2 19 6 53 -9999 5 75 -9999 83 25 82 96 34 39 51 -9999 -9999 97 93 69 0 44 94 83 13 90 54 11 23 8 74 -9999 56 63 29 58 77 9 31 46 12 -9999 99 48 34 -9999 -9999 95 79 34 79 -9999
-9999 60 33 63 31 100 -9999 58 -9999 68 -9999 12 52 -9999 19 62 -9999 54 27 66 -9999 66 95 -9999 20 -9999 48 50 30 59 39 64 -9999 36 -9999 21 -9999 58 24 -9999 39 -9999 -9999 35 68 -9999 86 15 87 73 62 -9999 42 94 73 99 2 37 18 52 -9999
47 77 -9999 21 86 84 61 32 87 9 81 -9999 48 29 74 9 -9999 -9999 -9999 7 72 1 71 43 18 -9999 9 41 46 50 45 84 26 48 -9999 20 63 61 1 70 17 55 -9999 -9999 12 -9999 68 68 -9999 28 8 72 -9999 27 26 56 48 -9999 94 19
82 62 -9999 30 75 89 27 -9999 -9999 89 94 93 59 44 14 31 69 -9999 62 51 51 36 81 -9999 -9999 17 40 96 80 8 76 5 19 28 42 85 -9999 -9999 66 52 56 80 -9999 28 41 7 68 77 -9999 -9999 74 81 45 16 5 -9999 98 44 19
83 42 64 -9999 1 64 19 29 33 21 -9999 62 11 8 56 82 63 65 -9999 21 53 54 62 -9999 9 26 55 97 92 74 86 56 32 82 6 72 56 26 46 52 89 83 98 43 67 87 -9999 62 90 36 74 98 13 24 70 99 28 77
33 39 54 32 15 40 19 99 7 -9999 45 -9999 -9999 36 -9999 74 63 -9999 1 49 86 -9999 58 25 60 53 20 83 84 61 19 -9999 35 -9999 -9999 10 14 32 80 71 20 31 -9999 24 -9999 83 47 44 -9999 -9999 1 59 -9999 99 84 93 28
21 -9999 49 -9999 3 98 56 90 37 74 100 15 94 4 5 34 -9999 -9999 75 98 38 39 94 11 26 82 63 97 81 64 65 -9999 31 76 85 36 44 31 79 26 -9999 28 80 78 8 55 60 10 78 7 92 56 51 47 83 64
-9999 -9999 -9999 16 41 14 36 21 -9999 76 100 45 35 27 81 19 65 -9999 -9999 -9999 26 49 64 59 5 -9999 91 41 30 -9999 -9999 93 -9999 27 89 80 75 -9999 41 5 21 27 80 26 43 50 70 25 65 97 73 15 5 51 3
-9999 16 -9999 67 88 5 63 43 5 -9999 86 22 93 53 10 41 34 92 88 16 -9999 61 87 88 24 18 -9999 40 95 -9999 62 23 73 78 58 85 92 59 38 -9999 -9999 29 100 68 7 46 59 44 36 16 91 21 6 16
13 37 -9999 46 69 75 67 53 -9999 70 41 -9999 -9999 80 58 13 -9999 76 -9999 18 -9999 16 13 59 32 92 69 -9999 76 -9999 9 44 26 11 55 -9999 74 -9999 62 18 53 2 -9999 46 53 -9999 55 17 38 -9999 57 -9999 -9999
-9999 93 100 27 59 43 56 21 54 27 62 25 96 59 -9999 24 -9999 -9999 78 5 54 84 71 30 -9999 70 32 99 40 -9999 -9999 24 86 69 36 78 88 12 70 65 74 96 -9999 8 -9999 -9999 80 4 48 87 45 -9999
60 44 76 5 55 44 84 41 75 33 97 49 10 66 54 -9999 40 94 22 -9999 37 -9999 8 71 -9999 9 87 30 58 49 99 19 20 23 74 16 -9999 63 93 43 30 63 37 14 20 19 -9999 29 26 -9999 38
-9999 22 -9999 31 99 39 95 -9999 3 71 -9999 34 23 75 31 -9999 14 96 32 14 -9999 30 -9999 54 55 31 -9999 51 -9999 4 77 6 76 64 -9999 39 71 -9999 86 4 87 67 12 36 -9999 0 42 64 50 62
47 -9999 49 61 -9999 -9999 29 -9999 61 -9999 48 37 -9999 -9999 46 99 98 44 73 94 60 52 88 18 100 -9999 -9999 74 91 -9999 9 38 85 80 93 89 31 84 77 2 -9999 81 10 -9999 80 33 84 37 72
33 29 -9999 76 5 60 52 62 63 8 74 13 50 11 49 90 93 7 49 80 -9999 45 59 34 90 57 11 55 77 84 49 -9999 62 -9999 -9999 26 63 59 -9999 59 47 45 17 4 -9999 96 39 48
24 6 63 94 95 86 69 -9999 60 55 80 16 62 62 -9999 77 10 50 17 20 64 39 49 -9999 -9999 46 53 -9999 78 -9999 22 -9999 82 0 75 -9999 54 -9999 93 63 54 90 58 10 67 20 30
59 79 34 93 48 -9999 16 30 82 67 49 91 34 16 95 57 51 22 17 23 31 27 67 17 -9999 98 86 16 63 19 49 23 28 -9999 54 94 -9999 11 28 13 30 91 29 50 46 -9999
1 80 -9999 -9999 21 6 70 71 48 4 -9999 -9999 84 31 75 1 27 77 30 61 96 -9999 69 2 66 -9999 -9999 44 28 -9999 96 98 67 63 37 75 31 -9999 28 34 72 39 89 22 -9999
95 94 53 67 76 59 38 -9999 55 65 -9999 -9999 47 30 56 27 42 11 89 -9999 53 72 57 79 -9999 92 7 62 22 41 20 94 96 69 55 47 48 86 93 85 84 15 16 72
26 92 44 61 -9999 79 94 23 45 37 14 15 1 -9999 -9999 52 10 91 41 28 62 86 -9999 42 90 84 24 36 -9999 23 17 -9999 51 93 95 -9999 80 -9999 80 -9999 32 15 64
-9999 61 23 -9999 8 27 93 9 68 46 45 16 12 12 -9999 -9999 10 90 71 38 -9999 -9999 55 -9999 31 -9999 -9999 58 98 35 82 48 85 80 72 33 -9999 68 33 60 32 4
29 21 93 69 -9999 -9999 2 60 8 57 83 8 -9999 55 8 -9999 6 54 61 21 45 73 66 61 4 -9999 60 27 55 -9999 77 59 63 7 -9999 38 -9999 73 39 40 84
44 -9999 67 48 -9999 21 51 51 63 0 99 -9999 47 -9999 32 74 85 26 18 94 82 8 9 86 41 38 55 49 64 -9999 24 23 -9999 57 63 77 -9999 21 38 -9999
11 73 4 -9999 72 22 -9999 39 25 46 60 -9999 -9999 66 -9999 36 76 -9999 -9999 87 44 89 45 28 99 75 2 -9999 -9999 35 6 -9999 11 39 9 72 96 84 11
80 -9999 74 -9999 4 44 17 6 67 27 75 -9999 -9999 5 -9999 -9999 71 20 13 21 9 59 32 42 56 19 67 6 -9999 38 53 -9999 67 -9999 -9999 94 93 55
43 81 12 83 60 3 30 -9999 42 -9999 46 61 11 53 39 93 99 17 44 -9999 66 16 98 67 87 56 64 55 44 53 39 65 6 22 3 52 10
88 88 31 43 -9999 63 46 -9999 92 89 12 -9999 -9999 15 84 69 69 99 100 21 32 18 98 1 16 17 41 52 23 -9999 64 15 -9999 49 96 1
-9999 -9999 -9999 -9999 61 32 6 -9999 54 69 41 -9999 -9999 66 50 56 24 93 50 44 1 29 62 -9999 83 58 45 20 80 -9999 6 5 8 36 -9999
68 88 84 29 38 44 41 49 25 76 -9999 -9999 84 4 7 -9999 -9999 25 75 83 59 -9999 57 72 35 29 97 88 22 -9999 45 57 -9999 26
97 86 53 35 26 -9999 3 84 30 80 61 4 49 83 30 37 74 -9999 58 -9999 71 4 1 75 58 12 82 79 73 44 53 74 88
-9999 44 97 46 86 83 -9999 44 22 80 75 64 3 -9999 36 -9999 49 59 70 -9999 81 89 29 85 21 -9999 14 94 -9999 51 -9999 3
95 70 55 28 67 41 36 100 8 63 33 18 5 7 64 98 5 55 85 86 -9999 28 60 54 75 84 42 41 -9999 -9999 -9999
75 56 96 -9999 2 38 23 -9999 33 -9999 18 -9999 22 21 1 -9999 90 32 63 6 23 -9999 82 66 -9999 80 1 41 69 -9999
53 95 36 -9999 67 3 73 -9999 79 54 63 15 2 64 -9999 -9999 45 94 45 56 35 3 -9999 34 64 43 100 35 62
-9999 12 68 53 85 49 98 -9999 12 96 80 76 5 79 2 43 49 74 -9999 30 31 77 16 44 32 17 49 27
-9999 66 17 78 36 14 5 9 55 14 33 73 -9999 -9999 82 94 39 61 75 -9999 24 77 73 33 89 89 83
31 22 -9999 83 22 11 -9999 12 -9999 1 51 74 74 -9999 13 79 35 41 68 -9999 -9999 68 34 -9999 42 93
94 90 76 14 28 -9999 33 59 31 1 7 -9999 52 64 7 98 -9999 59 8 28 36 13 30 44 83
80 -9999 68 94 -9999 33 24 -9999 12 30 -9999 99 -9999 38 49 58 96 51 77 39 90 -9999 60 -9999
-9999 89 98 1 100 1 71 86 66 50 90 -9999 38 84 77 91 42 -9999 43 68 6 65 33
82 95 -9999 25 35 31 26 -9999 85 35 69 71 51 79 64 54 -9999 41 6 40 91 -9999
-9999 28 21 30 2 87 37 86 8 -9999 12 30 -9999 12 -9999 -9999 97 93 35 74 77
48 58 -9999 50 89 -9999 -9999 55 31 55 78 28 16 30 95 2 28 18 60 73
-9999 39 78 87 75 15 81 73 49 19 21 89 -9999 80 99 5 -9999 71 -9999
61 -9999 72 26 95 37 91 14 27 8 95 16 74 62 32 -9999 -9999 45
-9999 -9999 23 -9999 53 28 93 -9999 66 68 40 55 44 100 49 98 95
79 71 -9999 24 31 81 41 65 19 13 24 91 91 89 62 -9999
51 47 -9999 43 -9999 49 25 10 15 59 -9999 26 57 8 66
14 64 79 27 -9999 10 26 90 17 2 -9999 21 64 -9999
-9999 87 79 25 3 48 80 -9999 72 86 13 38 34
46 19 23 20 67 48 -9999 -9999 40 4 2 75
23 58 20 4 29 -9999 17 65 53 36 21
80 86 66 -9999 16 32 -9999 11 -9999 72
-9999 -9999 37 0 82 94 83 48 -9999
-9999 -9999 71 30 95 69 35 28
82 16 57 3 65 -9999 82
99 -9999 63 31 6 45
65 11 26 59 57
88 7 10 34
96 4 -9999
-9999 80
95
