65
65 43 43 86 57 12 8 77 46 6 39 -9999 7 -9999 -9999 50 -9999 1 94 -9999 79 -9999 73 85 -9999 90 -9999 -9999 12 26 27 -9999 28 22 3 95 47 84 80 7 42 67 6 -9999 98 16 89 26 25 35 -9999 79 93 23 -9999 -9999 79 15 66 77 60 43 11 53
52 85 53 97 72 39 85 46 -9999 39 -9999 72 55 66 51 34 45 73 83 56 53 17 -9999 59 34 73 79 28 22 32 29 86 63 -9999 -9999 10 93 92 2 91 93 49 -9999 91 28 32 -9999 8 -9999 75 -9999 13 18 71 10 82 84 18 75 1 5 80 36
83 61 36 82 23 56 1 35 11 61 89 64 22 -9999 11 -9999 76 45 22 -9999 13 65 50 34 35 64 6 66 54 45 25 67 36 64 62 78 98 27 -9999 84 79 26 6 -9999 12 58 19 57 -9999 -9999 7 27 8 90 3 52 88 14 16 36 -9999 93
99 59 29 81 65 95 45 48 83 -9999 -9999 34 80 10 77 59 60 75 31 12 39 95 97 36 33 73 60 87 4 44 99 -9999 41 58 57 90 40 27 0 9 91 79 6 33 52 15 50 17 57 60 18 55 2 66 6 8 98 -9999 67 -9999 1
16 -9999 33 70 84 38 75 10 53 40 73 27 93 -9999 12 31 31 86 92 34 71 79 5 -9999 86 54 3 43 31 42 46 62 18 57 78 28 -9999 -9999 -9999 6 -9999 60 83 53 6 57 -9999 40 48 48 88 -9999 44 58 -9999 39 18 64 -9999 27
10 65 26 35 68 43 96 95 15 33 -9999 83 10 1 12 76 83 55 37 -9999 18 72 32 17 91 59 84 29 79 -9999 76 78 21 13 35 27 67 49 1 1 -9999 72 23 -9999 67 65 57 36 51 15 -9999 7 55 22 -9999 15 -9999 81 67
61 12 69 50 62 20 21 -9999 19 49 46 75 7 81 77 -9999 23 87 63 -9999 70 76 18 81 26 51 -9999 55 64 -9999 -9999 -9999 -9999 -9999 45 60 52 41 94 85 94 53 -9999 8 67 45 -9999 16 67 91 53 71 10 78 1 75 39 -9999
97 -9999 26 54 69 -9999 36 -9999 27 87 46 89 58 -9999 29 45 95 61 52 -9999 78 -9999 5 84 -9999 59 -9999 92 23 7 4 -9999 69 95 52 54 83 24 51 90 81 -9999 61 96 83 39 -9999 26 -9999 37 60 -9999 6 -9999 12 25 31
-9999 41 -9999 26 -9999 -9999 93 -9999 26 28 -9999 97 82 85 67 -9999 -9999 70 33 18 98 29 71 -9999 -9999 35 64 -9999 11 18 48 80 38 69 75 76 -9999 -9999 56 -9999 -9999 81 10 -9999 74 -9999 21 56 85 44 76 96 51 4 51 49
-9999 -9999 83 62 48 -9999 93 -9999 -9999 11 2 28 -9999 38 17 29 85 80 -9999 6 91 68 -9999 10 75 21 53 83 56 83 30 50 45 10 34 32 63 83 32 88 71 91 94 -9999 72 37 -9999 -9999 91 25 66 22 -9999 54 -9999
34 21 99 58 -9999 63 37 -9999 7 17 46 -9999 62 -9999 32 -9999 74 36 -9999 35 48 14 20 -9999 29 83 16 54 23 52 5 25 65 81 97 18 59 -9999 59 -9999 49 -9999 -9999 74 -9999 9 57 -9999 -9999 68 16 68 99 43
70 79 19 51 84 78 73 16 19 6 35 -9999 45 94 88 31 8 -9999 88 22 8 82 -9999 -9999 11 35 68 54 51 52 22 26 -9999 82 -9999 79 24 46 -9999 0 82 48 36 72 81 61 72 69 44 41 37 19 52
-9999 64 54 95 -9999 28 74 45 77 77 15 -9999 8 96 53 59 70 76 22 88 93 3 16 42 52 4 50 35 38 71 -9999 82 65 0 85 -9999 46 35 46 21 84 87 -9999 82 58 7 68 -9999 95 59 16 8
9 85 44 88 55 96 -9999 -9999 17 33 22 50 7 54 91 94 5 100 31 95 44 -9999 99 59 79 50 65 96 57 93 55 84 58 49 24 28 53 99 77 77 31 76 -9999 -9999 39 26 81 86 10 41 67
86 -9999 10 26 3 68 80 59 -9999 31 64 31 58 79 18 84 -9999 -9999 -9999 8 84 95 98 16 72 43 45 58 29 -9999 26 -9999 93 91 54 48 58 71 91 69 -9999 4 51 -9999 3 36 -9999 19 89 51
27 76 -9999 12 18 56 96 65 80 96 -9999 3 60 -9999 71 16 76 -9999 -9999 58 1 -9999 42 38 24 25 23 -9999 23 57 78 86 -9999 54 78 13 91 37 5 -9999 32 96 -9999 99 44 76 59 54 3
5 51 -9999 58 73 -9999 -9999 57 57 -9999 -9999 82 52 5 25 94 64 58 77 14 48 62 -9999 -9999 -9999 -9999 62 39 80 62 -9999 11 39 -9999 66 -9999 23 93 72 36 3 -9999 32 93 72 -9999 63 89
76 -9999 26 -9999 42 37 24 94 29 86 54 55 76 71 -9999 6 16 33 36 12 43 67 52 36 23 -9999 45 -9999 -9999 -9999 72 -9999 45 -9999 4 55 -9999 56 -9999 10 -9999 14 58 43 74 74 50
78 -9999 78 70 64 11 35 83 59 37 67 62 3 62 88 6 2 -9999 3 40 -9999 4 73 35 40 55 -9999 -9999 20 55 -9999 56 -9999 -9999 6 97 78 -9999 76 5 1 93 89 41 61 89
49 23 84 9 73 94 49 52 69 84 99 15 70 86 69 25 47 -9999 -9999 -9999 -9999 66 -9999 81 25 40 -9999 40 -9999 9 -9999 41 -9999 61 66 27 95 38 -9999 45 54 55 14 33 93
-9999 24 61 68 17 59 87 96 -9999 40 23 58 11 28 8 -9999 4 81 36 55 21 96 98 30 38 48 -9999 42 61 97 34 36 18 7 77 77 54 17 16 94 13 64 24 35
91 79 -9999 44 99 14 -9999 -9999 58 13 45 3 61 -9999 11 90 21 1 57 13 90 38 -9999 19 36 48 -9999 72 96 12 0 86 45 61 73 49 56 96 28 20 -9999 96 78
90 80 95 35 -9999 10 10 -9999 -9999 96 49 86 26 87 -9999 49 -9999 -9999 -9999 -9999 43 -9999 33 66 62 16 49 -9999 100 48 40 73 55 87 20 47 93 59 47 47 95 -9999
-9999 21 -9999 58 82 84 32 78 93 36 2 -9999 11 7 97 78 28 86 60 30 88 93 90 92 37 14 59 -9999 20 34 75 22 71 -9999 76 70 99 40 -9999 63 94
-9999 7 1 -9999 51 -9999 85 77 10 34 42 21 8 76 16 92 32 25 -9999 34 96 -9999 10 14 -9999 26 28 85 67 96 -9999 71 83 -9999 58 36 59 -9999 25 27
18 38 -9999 12 5 72 79 11 -9999 46 -9999 -9999 -9999 42 32 -9999 89 87 96 -9999 41 81 -9999 81 40 24 -9999 47 61 83 13 100 26 22 -9999 43 67 78 33
75 13 54 69 69 1 53 41 60 33 -9999 62 49 27 99 57 3 99 85 35 -9999 51 8 40 83 40 63 15 91 -9999 39 9 55 98 95 29 51 23
84 -9999 -9999 7 52 33 29 -9999 46 -9999 5 -9999 -9999 52 20 54 37 25 -9999 95 78 37 85 26 5 34 -9999 30 44 79 -9999 6 6 43 75 14 -9999
18 -9999 77 -9999 87 34 99 78 49 97 60 18 8 17 89 -9999 67 93 92 95 92 -9999 96 -9999 -9999 90 34 73 -9999 -9999 70 57 -9999 64 32 39
-9999 35 34 15 30 -9999 37 46 24 32 52 68 66 73 45 98 -9999 -9999 73 70 80 46 57 8 53 6 39 -9999 47 89 -9999 7 66 59 -9999
88 0 31 21 -9999 58 95 2 79 54 45 82 21 -9999 76 57 6 25 52 14 87 78 10 -9999 29 34 88 93 -9999 76 84 -9999 79 10
12 23 40 38 35 95 15 98 -9999 -9999 13 19 57 93 84 -9999 52 81 61 7 99 -9999 74 94 33 35 48 85 -9999 67 -9999 27 63
-9999 2 24 76 90 81 -9999 41 64 -9999 16 -9999 47 -9999 18 71 -9999 51 40 28 78 59 62 85 2 28 33 9 10 74 -9999 40
-9999 77 -9999 76 26 68 -9999 12 20 52 -9999 39 -9999 37 94 59 61 92 58 12 81 1 80 45 -9999 97 39 14 -9999 0 -9999
5 42 34 63 39 -9999 82 90 17 13 68 25 12 28 46 74 97 14 74 10 29 64 2 56 99 -9999 34 28 74 91
55 16 83 37 -9999 53 -9999 15 34 -9999 33 -9999 3 -9999 85 33 -9999 -9999 75 23 -9999 74 88 21 -9999 55 50 62 49
61 23 4 58 78 81 -9999 61 36 53 11 -9999 79 -9999 94 32 81 95 4 41 95 47 3 32 -9999 63 60 24
-9999 37 19 85 -9999 58 36 28 21 45 -9999 68 18 17 -9999 19 17 15 5 24 31 90 49 39 62 94 92
26 83 7 -9999 25 33 34 81 -9999 87 53 31 67 86 98 -9999 17 9 -9999 29 83 87 -9999 80 64 50
-9999 -9999 97 35 -9999 -9999 50 51 -9999 -9999 41 10 81 99 5 -9999 95 16 20 37 -9999 93 -9999 -9999 16
7 -9999 43 23 3 76 73 97 23 8 -9999 55 15 48 85 98 -9999 66 61 48 18 -9999 13 39
-9999 60 56 -9999 89 81 -9999 22 80 81 68 9 27 52 24 5 59 -9999 27 52 38 55 51
50 53 48 41 -9999 10 65 30 73 33 28 46 100 99 64 50 42 30 98 9 79 39
73 -9999 69 70 73 56 2 76 79 -9999 84 -9999 55 1 52 -9999 72 81 -9999 44 22
15 57 60 82 79 -9999 65 27 83 58 72 -9999 -9999 28 8 51 96 55 29 87
-9999 41 -9999 81 99 7 42 81 11 54 94 41 8 62 12 -9999 22 97 74
99 100 20 64 23 71 74 53 70 -9999 6 11 84 -9999 34 55 7 -9999
-9999 54 35 -9999 7 -9999 50 4 -9999 95 26 24 21 -9999 93 -9999 87
50 -9999 35 71 23 -9999 31 -9999 39 -9999 42 36 26 49 53 56
81 91 47 96 2 28 67 44 38 5 32 41 27 67 78
92 -9999 34 5 82 36 61 -9999 92 84 -9999 10 -9999 38
41 62 -9999 59 83 93 2 -9999 75 96 61 63 27
17 -9999 -9999 11 3 96 31 14 83 50 -9999 56
-9999 93 8 35 72 97 -9999 -9999 -9999 93 10
4 73 30 -9999 -9999 2 98 -9999 44 -9999
95 67 12 52 97 59 82 36 16
-9999 73 88 84 22 -9999 0 -9999
-9999 -9999 -9999 78 22 54 54
63 -9999 25 66 88 55
12 87 58 18 92
31 63 -9999 83
7 1 55
-9999 18
75
