CP-Lib instance: abr/hayes-roth
Optimal value: 2800
Clusters:
{ 1 2 6 7 14 20 28 29 34 36 37 47 48 55 56 60 67 68 70 71 72 73 74 82 83 95 104 115 123 126 132 133 144 151 }
{ 3 102 137 157 }
{ 4 40 65 78 }
{ 5 63 99 122 }
{ 8 15 160 }
{ 9 10 11 17 18 22 24 27 30 32 33 39 42 43 44 46 52 53 59 62 79 84 87 90 94 97 103 108 110 111 130 135 143 153 }
{ 12 112 118 146 148 154 }
{ 13 19 21 23 25 26 38 41 45 54 57 58 64 66 76 77 80 88 91 93 96 98 100 101 106 107 113 114 121 129 131 134 142 152 }
{ 16 89 128 136 139 155 }
{ 31 35 85 }
{ 49 124 145 158 }
{ 50 116 125 138 140 156 }
{ 51 86 141 150 159 }
{ 61 75 81 105 }
{ 69 92 119 147 149 }
{ 109 127 }
{ 117 120 }
