CP-Lib instance: abr/lecturers
Optimal value: 14317
Clusters:
{ 1 59 103 106 166 180 184 192 207 216 222 327 332 336 358 370 399 413 423 424 449 462 514 747 749 776 }
{ 2 63 109 121 155 181 204 220 237 242 299 325 444 450 488 493 503 550 577 590 598 620 670 690 732 766 }
{ 3 15 50 209 463 692 707 }
{ 4 203 294 386 490 509 515 591 693 727 }
{ 5 308 500 }
{ 6 30 38 238 290 497 522 745 }
{ 7 57 60 146 164 176 187 198 302 312 318 334 342 344 354 401 418 451 476 479 526 536 546 554 579 623 646 724 757 778 784 }
{ 8 119 183 194 292 365 374 375 382 414 425 468 469 486 489 538 560 597 610 695 756 }
{ 9 149 256 278 300 498 544 549 667 769 }
{ 10 159 525 557 699 }
{ 11 505 }
{ 12 29 89 98 134 228 262 275 291 440 453 461 495 572 658 679 706 786 }
{ 13 35 279 367 }
{ 14 42 47 48 51 52 54 80 91 97 99 100 112 113 124 147 165 199 200 211 215 221 235 248 251 258 264 284 305 320 328 333 348 350 359 361 377 398 412 422 426 428 437 466 467 472 483 491 510 511 529 545 552 561 574 576 584 585 588 607 633 636 668 671 678 704 723 729 736 742 750 754 762 763 768 771 788 790 792 796 }
{ 16 19 36 67 136 148 177 244 252 396 400 448 470 475 569 627 662 721 728 795 }
{ 17 46 317 487 501 507 592 785 }
{ 18 24 28 61 72 78 90 102 104 110 122 132 135 139 151 156 162 205 230 231 232 234 255 259 261 271 301 307 313 314 330 362 369 380 381 408 429 438 447 464 474 480 481 531 558 587 593 594 595 596 600 606 608 651 655 656 663 681 684 697 705 709 710 730 741 758 765 777 }
{ 20 174 653 }
{ 21 81 154 157 178 556 666 }
{ 22 55 64 76 168 263 457 513 581 647 674 }
{ 23 82 217 309 310 322 352 378 446 456 516 602 619 780 }
{ 25 }
{ 26 79 141 172 219 239 240 265 343 356 409 430 548 616 629 643 657 773 787 }
{ 27 93 188 191 202 286 329 494 535 578 }
{ 31 33 34 58 74 83 85 87 95 167 173 175 196 223 298 339 347 357 383 397 410 419 441 460 484 496 528 537 539 567 570 605 611 612 613 630 640 641 648 661 665 691 702 720 725 733 735 740 764 767 }
{ 32 56 555 }
{ 37 407 }
{ 39 49 287 289 416 439 716 772 }
{ 40 241 331 360 371 455 523 }
{ 41 69 }
{ 43 125 247 268 761 }
{ 44 62 94 123 126 142 143 197 214 274 315 388 431 436 454 473 521 527 541 586 614 621 634 635 672 687 694 731 744 752 }
{ 45 179 266 345 364 385 405 406 421 492 517 563 583 599 604 617 639 676 743 746 }
{ 53 115 321 477 }
{ 65 304 688 734 }
{ 66 478 532 559 779 }
{ 68 84 96 201 319 326 394 518 568 }
{ 70 224 680 }
{ 71 107 246 }
{ 73 153 254 283 368 524 573 717 739 }
{ 75 170 195 654 659 712 }
{ 77 622 791 }
{ 86 218 685 759 775 793 }
{ 88 120 270 273 376 417 508 689 }
{ 92 471 485 }
{ 101 349 390 698 }
{ 105 111 306 335 644 645 711 }
{ 108 193 249 276 281 282 285 323 337 435 520 542 571 650 753 }
{ 114 }
{ 116 395 547 551 675 }
{ 117 250 459 }
{ 118 }
{ 127 615 }
{ 128 169 }
{ 129 601 638 }
{ 130 131 171 225 303 366 384 402 553 669 703 718 }
{ 133 760 }
{ 137 152 233 530 632 660 683 696 719 }
{ 138 267 642 701 714 }
{ 140 389 415 533 }
{ 144 253 272 420 442 726 }
{ 145 212 293 297 340 355 391 580 589 794 }
{ 150 }
{ 158 }
{ 160 }
{ 161 186 206 506 543 682 }
{ 163 }
{ 182 311 677 722 737 }
{ 185 245 341 363 443 458 562 564 626 628 748 782 789 }
{ 189 686 }
{ 190 210 227 243 373 387 411 465 566 673 781 }
{ 208 708 770 }
{ 213 445 }
{ 226 }
{ 229 351 738 }
{ 236 324 403 427 433 575 582 631 664 }
{ 257 277 }
{ 260 }
{ 269 502 618 755 }
{ 280 504 }
{ 288 }
{ 295 }
{ 296 512 }
{ 316 404 }
{ 338 }
{ 346 }
{ 353 }
{ 372 482 }
{ 379 393 432 649 783 }
{ 392 }
{ 434 }
{ 452 }
{ 499 }
{ 519 797 }
{ 534 }
{ 540 }
{ 565 }
{ 603 }
{ 609 }
{ 624 }
{ 625 }
{ 637 }
{ 652 751 }
{ 700 }
{ 713 }
{ 715 }
{ 774 }
