CP-Lib instance: abr/lymphography
Optimal value: 19174
Clusters:
{ 1 2 4 5 6 7 8 9 10 12 13 14 16 17 18 19 20 21 22 23 24 25 26 27 28 29 30 31 32 33 34 35 38 39 40 41 44 46 47 50 51 52 53 56 57 58 61 63 64 65 67 69 70 71 72 74 75 77 78 80 81 82 83 85 86 87 88 89 90 94 95 96 97 98 99 100 101 102 103 104 105 106 107 108 109 110 111 112 113 114 115 116 117 118 119 120 121 122 124 125 126 127 128 129 130 131 133 134 135 138 139 141 142 143 144 146 147 }
{ 3 11 36 42 43 49 54 55 59 60 62 68 73 76 84 91 93 123 132 136 148 }
{ 15 45 }
{ 37 140 }
{ 48 79 145 }
{ 66 }
{ 92 }
{ 137 }
