60
-6 15 -8 -9 4 10 13 -10 -11 -4 5 -11 -5 8 0 18 -9 7 -2 -3 -19 8 22 11 26 -34 -8 -2 -12 -11 21 -8 2 -7 0 23 16 8 25 9 4 40 27 -16 -15 -8 8 -18 1 9 17 -4 -8 11 -7 9 9 -1 19
5 -8 -4 -5 -12 14 -8 -29 -7 -1 14 7 -30 15 -1 -8 16 5 -10 15 -2 4 15 8 12 16 -9 8 -13 -29 17 2 4 16 5 27 2 -5 27 4 -13 -15 17 -3 5 -7 -3 10 2 -5 -11 -23 5 -6 -15 0 -15 14
-13 4 2 -1 17 -7 -8 2 3 9 -18 3 23 2 27 8 -9 -7 5 -3 6 9 5 -6 -7 -11 4 -15 0 -1 23 6 9 5 26 -17 22 9 -7 17 16 8 19 -14 1 -15 -11 37 -17 -15 -7 18 13 1 0 8 14
-11 21 -10 -3 -12 -5 6 3 -16 0 -24 18 -23 21 -1 10 -6 27 -7 -15 -7 -5 -8 -7 -2 -8 -25 11 -7 -9 12 -24 -3 -10 -30 3 -8 -3 -7 0 6 -3 11 0 17 12 0 -14 6 -6 -7 14 -20 -3 0 -5
-8 0 -25 -6 18 -22 33 -4 -1 8 28 0 -16 8 1 1 -1 12 16 -15 -10 0 -5 -18 -9 -15 1 -18 13 11 -12 -21 8 2 4 -13 15 22 2 9 -2 10 -8 6 -20 10 15 -22 -3 -12 -12 -36 18 4 -18
-23 -1 -12 9 -6 -8 -16 -1 -31 -5 -3 34 16 18 1 -6 11 -22 6 -6 5 6 -21 21 2 -16 -1 -7 -3 -32 -13 5 -2 -10 -24 16 1 13 -3 -15 4 -20 6 -16 4 12 6 -4 -19 -6 -1 -2 1 -14
2 17 7 -18 0 3 -14 11 -12 12 1 -17 -7 9 -12 -14 -11 19 9 -18 17 22 26 5 1 36 -4 -23 17 -10 -1 11 1 -22 9 17 12 7 18 1 11 -5 0 -3 0 12 3 16 18 17 -26 16 2
8 5 1 6 38 3 3 -10 25 -6 -12 -3 22 -7 -12 -12 12 12 15 -8 8 -27 -4 -9 24 3 -8 -18 8 -12 -5 -8 15 -2 -15 14 1 -13 17 0 3 -7 -7 21 -18 -6 19 5 16 11 5 2
6 0 7 -6 -1 26 -14 1 14 -19 5 20 3 -17 20 2 -18 13 -8 5 5 14 13 13 2 -7 20 0 16 1 -13 0 1 -5 -1 14 -3 -11 31 -8 7 2 -2 -24 17 1 -4 20 -5 0 -6
9 -13 16 3 -16 -20 3 6 -13 -2 9 -17 -3 5 -17 -14 0 3 -11 -1 2 8 3 22 -18 -14 -14 -17 -4 -13 -3 -24 -3 16 8 -20 10 0 2 -10 8 30 17 -3 9 -3 21 9 22 -23
-14 8 -12 4 12 -13 -15 7 -1 -16 -2 -4 20 -3 14 9 0 11 3 -7 1 7 6 11 -16 17 -31 -7 10 3 0 -11 -20 -4 -1 -2 -23 0 16 14 12 12 2 4 -8 8 -15 17 -5
7 20 20 -1 -13 -5 10 7 13 15 -1 -13 8 8 -2 -1 1 -28 -3 32 -6 4 5 8 -19 9 1 0 -24 10 -1 22 8 11 -2 -3 19 16 -6 1 -15 9 -17 29 6 6 11 -6
14 5 -14 10 0 -2 -19 20 -4 -21 -13 8 -15 14 5 2 -19 2 -10 18 2 -11 -8 9 1 22 -12 7 -12 -15 -3 9 18 4 -16 5 11 -1 -2 5 -21 23 12 -1 -21 -11 -20
4 -9 8 1 -11 15 15 10 -5 3 -23 -28 5 9 -1 -4 4 23 -11 -9 -7 -1 -9 -7 19 -3 -5 5 -20 19 -7 -4 -16 -22 10 12 -17 1 -19 22 -23 6 3 0 -9 -16
-11 5 -13 -31 -5 6 -3 -1 10 -8 9 0 -10 21 -17 21 15 22 25 11 27 0 -10 11 6 9 6 20 19 -1 6 -8 6 -11 15 1 -5 -10 19 5 -3 -1 -25 12 -5
4 -7 38 12 -15 15 14 1 -15 9 13 -39 -10 12 -10 3 -8 -10 33 -23 -8 -2 -18 22 16 0 2 -14 3 7 -4 -14 -4 -12 12 -10 -17 -5 6 8 -36 11 -3 -10
-25 -21 -2 32 -32 12 -2 -21 -11 -7 -7 1 -6 10 5 -7 0 -17 -9 -4 -5 5 -15 14 18 10 23 -14 9 -10 3 -1 -21 -4 11 -5 11 13 -6 2 10 0 25
5 -10 -1 17 1 9 -4 -8 -5 8 -1 33 12 -9 6 1 -7 -10 -9 33 -15 5 -15 -1 -8 4 1 5 1 -6 -3 -6 23 -20 -10 -4 -7 -1 5 2 1 -7
17 -15 19 15 -9 27 9 -21 -20 0 2 6 11 9 -2 22 -17 -7 14 1 5 2 -6 -17 -6 10 17 -5 -6 -19 10 10 -11 -10 0 2 3 -4 24 -2 -14
15 25 -20 -25 12 3 -11 5 13 -13 -12 4 12 6 9 -6 -38 2 -4 7 6 -3 -5 6 22 -2 9 -2 -9 -27 0 -10 -28 24 -11 22 15 19 6 -6
-8 -16 4 -8 -18 6 -11 -7 -22 -2 23 -1 -4 -17 -7 12 -6 9 -12 -13 -8 -15 20 -13 9 -2 -10 2 10 7 9 7 13 3 -3 17 12 6 -4
21 -18 12 7 -6 -1 -8 11 -18 14 10 7 6 4 -14 -1 -21 35 1 4 -2 14 20 11 40 -10 -14 8 -5 -31 -14 -3 -12 4 0 0 -6 -6
-5 -19 -6 -10 -2 -10 13 -2 -1 -15 -11 -1 -18 9 -7 -15 10 -14 9 29 20 -4 -6 15 3 -21 1 5 2 9 -9 -12 -13 -10 4 -5 13
-10 14 -5 13 -13 4 -7 11 -17 32 17 3 29 16 -4 -4 13 2 -4 -9 -8 -2 -11 6 -12 7 7 5 -14 8 -5 -33 3 12 6 1
23 0 12 -1 3 -14 5 19 0 1 28 -3 27 -1 16 -1 -8 3 5 -2 7 4 6 -4 5 7 8 -17 21 10 1 14 6 6 -12
-14 -5 22 -4 -8 -10 12 0 20 8 -18 -19 -1 26 12 8 -2 14 -10 -7 6 -15 7 0 9 10 3 0 4 1 -1 1 4 10
8 -13 -3 -10 2 -26 -21 -12 15 22 -20 -1 5 4 -2 -13 -30 16 -29 10 -5 6 -1 5 2 1 4 -9 -10 -24 -15 -10 -14
-2 -4 -12 -3 1 24 -5 8 13 -8 -13 0 -18 16 -7 -5 18 16 3 22 -9 -20 -5 -7 -1 -16 -13 4 5 -15 1 -7
4 12 -20 16 -4 -15 7 -18 -21 4 -1 -7 17 -22 -8 -11 -1 -12 2 5 6 33 12 18 21 -5 9 -6 -5 -7 -10
21 -17 21 4 -11 -4 -6 26 -10 -9 -26 6 13 -10 -15 -9 3 -13 -8 -9 13 5 9 8 -5 -8 -7 -14 9 -5
-1 10 -3 1 -20 -8 12 14 -20 8 3 -4 -7 -19 -6 -8 2 -6 -8 -27 4 14 20 12 -4 22 -23 17 8
-15 12 6 11 15 -2 -3 20 -10 -16 1 16 4 7 -15 12 -13 15 4 -21 -6 16 10 9 18 0 15 -17
32 -3 5 -14 13 -17 -20 -2 -16 0 8 5 22 17 -11 -18 16 -5 -10 -10 -5 22 7 22 -10 24 -11
-2 14 8 18 -27 -14 16 -14 0 9 16 15 15 21 -39 3 5 3 -2 -6 7 -1 16 -4 19 -17
-12 -8 -7 -8 -5 16 11 -9 1 11 15 -32 11 11 -6 -3 -21 -25 3 -2 22 -3 15 21 0
10 8 7 15 10 -8 -13 0 -3 -1 -21 21 -7 34 17 -22 -13 -6 3 1 6 -19 -9 4
-7 -11 -3 7 -17 5 -10 1 -13 -4 29 -12 23 6 8 16 -22 16 -27 -4 -5 3 1
-20 -14 7 -12 19 6 -4 5 -6 14 -11 -1 8 -14 -29 3 5 -11 7 13 -7 -1
4 4 14 -12 -13 -1 -9 -10 -23 7 -4 -23 -8 20 4 10 11 -7 -17 1 -2
4 7 -3 0 -11 -25 20 -14 7 -12 27 -12 -8 -12 14 2 -15 -2 -15 -2
-23 1 4 21 -22 -8 12 -42 -1 -23 -15 -2 -5 11 -9 -1 5 14 20
4 10 -12 -1 7 -1 30 -17 -1 5 2 3 -25 1 -8 -12 -18 5
19 9 -5 12 5 -29 -27 7 3 6 -8 3 -15 11 0 16 24
-7 10 12 -1 -7 6 -8 14 -8 10 -21 -2 16 11 21 -1
-4 25 38 -17 3 -8 -24 10 0 0 29 0 -12 -5 6
-23 -2 0 13 -1 -24 -8 5 11 -1 5 -9 5 -8
-15 -7 -12 -19 4 12 -5 1 -5 1 7 -5 0
-11 5 4 -1 8 -5 4 5 2 -3 -10 13
6 6 17 -3 7 -1 8 -16 -1 -17 -11
-4 -5 16 9 12 0 -3 -27 -16 8
7 0 -7 18 -25 -26 15 -9 -26
17 27 -32 -17 0 10 -6 -6
-4 2 5 4 -32 9 3
-20 5 2 15 7 6
-1 -6 -7 5 0
24 -7 -5 14
3 27 16
4 4
-13
