60
-11 5 4 2 -2 -9 14 10 29 -16 4 23 -8 14 -14 -3 -16 12 2 9 -5 -12 9 -10 14 2 25 -1 10 5 3 -17 3 0 -5 28 10 19 -28 -4 17 4 11 -10 -9 -3 -18 -27 -1 -3 -6 16 7 -17 -1 15 -11 -2 -18
4 -3 0 -20 -14 4 -2 -10 14 16 -6 22 13 9 0 -4 3 -13 -29 7 -13 2 9 -12 -4 -5 7 27 -13 -6 23 3 -18 36 -8 -9 -14 13 11 -27 21 -1 -2 -5 1 50 1 -3 13 11 -13 -3 10 -1 5 25 3 7
-16 -5 1 -8 9 -8 -18 -19 0 -32 14 -16 -20 -32 -6 11 5 10 12 14 -2 -19 -3 7 -7 2 4 -23 -1 -17 2 -11 -3 14 12 14 4 19 16 -1 -6 19 -15 8 12 1 -12 -9 6 11 9 -11 15 8 -17 -11 -19
16 23 -22 8 37 3 5 -25 -6 13 1 11 1 -19 -10 -5 2 22 -27 8 -5 9 -21 2 -3 5 8 16 -10 1 -8 -3 -16 3 -9 -20 15 -2 -4 9 17 -5 18 8 -18 14 5 -7 -12 -23 -17 26 0 8 15 18
17 -4 9 6 -6 -19 -12 -9 3 12 -29 -5 4 -15 -11 -8 14 1 -23 -24 2 0 0 2 1 13 -8 13 -16 -23 -14 4 -5 -20 7 -22 0 -9 -8 10 22 -2 -8 -27 21 13 1 -1 -19 -8 13 -3 20 -16 -5
13 12 -8 -5 -4 -4 23 7 -1 3 -7 24 -19 -10 9 13 -26 -13 -10 6 19 -4 3 -13 -30 16 -8 1 11 -16 -11 -4 -19 -8 10 10 -31 5 15 15 14 -13 -20 -17 -14 -1 23 0 -28 17 13 3 -1 13
-17 -26 3 -13 9 -2 8 3 16 -13 12 4 8 5 -2 30 -14 -3 8 24 4 9 -11 2 0 7 -8 23 -15 6 15 -1 18 17 -3 9 -27 -2 9 -7 5 14 12 7 -7 20 18 -7 3 19 -12 -20 -11
9 -24 7 26 -25 -6 -9 14 7 -5 11 -29 6 6 -16 -6 -1 4 -3 -24 18 -11 -5 -15 -1 -18 18 -18 -14 -16 -10 -16 -1 -4 -6 9 -15 25 -16 2 13 -2 -36 -17 -4 -7 3 -12 4 -3 11 17
6 18 -8 -12 -17 15 -4 12 -9 4 2 4 9 -18 7 0 23 -10 -8 11 11 19 16 -11 -11 -24 -7 0 -18 -2 -16 -7 -13 11 10 -11 2 3 -4 -18 10 4 6 14 -21 -5 7 -19 17 -3 10
-15 -22 15 -3 22 -4 -1 31 -7 9 9 -13 14 17 -14 -3 8 17 8 2 17 29 -22 25 12 11 0 -7 12 -23 -35 -2 4 -1 -5 -5 -6 -11 -18 -27 8 -21 0 -23 -4 6 10 9 -19 -8
8 4 2 -9 4 29 -11 16 13 -9 -7 -32 10 22 -14 -15 -28 -11 -19 16 0 17 -8 6 24 -23 -32 -7 16 -7 -21 7 -2 -2 3 8 14 13 -5 -4 -7 -14 -13 9 -6 5 1 22 16
25 3 21 1 -8 -14 -7 -11 -20 -7 -16 -14 41 5 8 7 8 -10 -22 -33 23 -15 -1 -14 -10 -4 -24 18 -9 7 11 4 8 21 -9 -2 15 -5 6 12 14 1 10 -8 -5 7 -1 4
-13 20 9 0 -4 -18 10 -16 -21 -12 14 18 10 20 31 -31 -15 -16 7 13 13 -20 -10 -6 -12 -10 -8 -11 -4 -5 -7 8 -10 -4 -9 -8 -6 0 8 13 9 -15 -5 2 3 -7 -8
-7 7 -7 19 -4 0 15 -5 -1 -16 1 -17 1 14 3 -8 -6 4 5 19 0 27 0 -2 13 9 15 2 8 4 13 2 3 25 13 -4 4 -15 -1 5 13 21 -9 -12 -4 -3
4 -2 -13 -10 -22 -12 10 -28 7 22 22 -19 14 -1 6 8 -12 3 -5 -15 9 -20 0 5 -14 -6 -1 -18 6 -1 -15 -1 16 -16 -14 18 21 5 1 -8 9 -4 11 -32 3
10 0 0 -22 0 4 -8 7 9 1 8 4 -10 5 3 -17 -3 3 14 17 -13 4 -6 13 26 -14 3 -12 -6 3 12 -8 20 17 -11 19 -21 5 19 13 5 2 4 3
-7 -1 -13 3 -15 -2 -3 -1 18 7 -7 17 1 19 -13 13 -9 16 7 -8 -15 -7 -14 -7 -22 9 -5 -21 1 -2 -5 20 6 9 -15 -2 -19 3 -3 -6 5 5 11
-3 6 13 -7 23 -22 -15 -1 26 -9 12 -7 11 5 -7 29 17 24 9 6 -15 4 -3 8 -6 -3 -4 17 23 5 3 -18 -28 -13 7 -7 -2 5 -5 24 -11 -19
-7 -2 -27 2 -19 6 -13 -2 -21 -18 2 13 -13 2 -14 -17 -11 24 7 23 -5 -8 2 10 -16 -19 -10 -1 4 -10 -3 -26 17 -1 -7 13 -7 13 2 6 17
-13 -21 2 14 -22 9 1 21 -22 -13 16 7 -10 14 -5 -2 14 6 11 -2 -2 10 11 -12 -6 -29 9 5 12 -8 -9 -35 20 -7 -17 -14 -14 -19 8 -44
-8 7 -5 -16 21 -18 9 7 7 4 16 -25 0 27 -14 3 14 0 -4 14 22 -9 10 -14 17 -9 3 -11 6 4 5 12 14 2 0 18 -6 -8 15
-7 -10 -3 15 -12 -26 6 19 -11 8 -13 -23 2 -4 -5 15 -3 16 17 -3 -17 7 -1 17 17 -10 -21 17 2 16 4 12 -8 6 9 8 -12 11
-15 -30 4 28 -4 15 -6 -1 0 -3 17 -10 -11 15 10 6 13 13 3 4 -24 -10 0 -15 0 0 13 -15 -24 -17 6 -1 12 4 0 -25 -23
-7 3 4 18 -2 7 -13 11 2 13 15 7 -23 -17 5 -5 2 -4 8 -10 -11 -12 -6 5 12 -18 8 -16 -21 -2 5 -32 12 -30 12 21
-7 -18 -9 -6 -3 2 -21 15 -6 -4 -10 -7 -11 -18 0 -17 8 3 18 20 0 -5 8 19 4 12 16 -3 6 27 6 -16 5 13 14
1 23 6 6 15 -12 -4 -19 -1 -19 3 -5 -14 -20 17 17 -1 2 -7 3 -18 2 1 4 16 10 1 9 -26 8 -2 16 -3 1
13 -6 -9 -38 -10 0 13 -5 -2 -1 2 -5 1 14 5 -6 -30 -4 34 2 -22 13 10 -24 -13 -1 -16 -9 -4 5 1 -8 -19
-2 16 -5 -13 -6 16 -3 8 -8 10 13 -21 1 23 -5 11 25 -3 -9 0 9 0 22 12 -8 5 -10 -18 -10 -8 7 -22
15 10 10 -13 3 18 14 -15 -17 -2 8 17 -11 15 10 -12 5 -10 -4 1 8 19 -1 -2 0 -8 2 -1 -2 -8 -5
4 4 -28 7 -20 -11 17 45 0 -14 9 7 7 -1 8 7 7 -1 -10 18 35 32 9 0 27 -2 -9 7 13 27
-1 17 14 18 3 18 1 -10 8 -15 -6 9 6 7 -20 9 7 22 18 11 8 -2 -9 -4 10 -6 0 12 -11
-17 1 4 4 -2 3 -7 0 0 -22 -9 2 -12 -9 9 4 -23 -8 11 -12 10 -14 -22 3 9 -1 -15 15
0 0 -8 2 -13 -34 24 -12 -32 -10 6 3 1 -13 12 14 -4 8 9 -10 3 -23 -13 6 0 -2 9
-7 1 21 4 5 -13 4 25 3 -2 28 -14 18 16 18 -15 3 -13 12 -23 -3 4 -16 -8 7 -12
8 -13 -5 -9 21 8 -12 -6 12 3 7 5 8 18 -8 8 -14 8 7 -3 -16 16 -24 18 11
-32 -11 7 14 12 -17 4 6 -2 -4 11 26 8 -10 -4 -5 -42 4 8 19 -7 8 -18 -22
13 4 14 -4 17 16 6 -4 -23 5 -12 -4 8 -4 10 27 4 -6 7 14 2 4 -31
-4 -8 7 12 -30 -7 5 8 21 7 -24 12 -4 4 19 2 -2 1 -5 2 -6 2
-7 -5 20 25 -6 -19 -3 -15 -5 -5 -8 -13 -17 9 16 0 -3 4 -9 -2 -20
23 -10 16 -16 -11 13 15 -1 0 22 3 8 -12 17 -2 10 19 -1 -14 -17
0 -3 -4 0 -11 14 10 12 34 -12 8 -12 20 -11 4 -2 -15 -2 -3
24 1 9 27 18 -16 7 -2 -17 6 -3 -10 4 0 -9 -3 -4 -9
-18 -5 5 -12 2 24 1 18 -7 3 4 12 -3 8 2 6 -8
24 -6 -1 -7 -5 -21 -3 -6 -8 13 -5 7 -9 -4 1 2
8 4 17 18 -17 28 12 9 -12 3 24 -25 -10 10 1
-9 -13 0 3 -10 -1 -3 -26 20 1 -7 9 -20 25
-7 -9 19 -8 14 16 -29 8 9 1 -3 0 -9
0 -3 3 -8 0 -2 -4 15 -1 18 -13 8
-7 -2 -2 -13 6 24 -19 -18 -17 21 -9
2 26 -7 11 0 3 -2 21 7 -4
18 22 -1 7 1 -10 -7 11 19
-9 11 14 -3 14 21 11 23
-9 -9 -10 -7 -16 -6 -3
-22 9 8 1 6 -14
-5 -12 -6 9 35
4 14 -36 -21
-8 -1 -3
-1 3
20
