80
-2 15 -8 -13 8 -5 5 -13 12 -6 17 7 1 3 -1 2 -4 6 -11 -29 19 2 8 6 -29 22 4 6 12 -7 -8 7 -21 -20 0 5 -6 -17 -4 15 13 20 3 9 -9 -4 33 3 15 -6 5 20 23 -11 -4 -20 13 12 -6 -14 -15 -11 10 -16 8 -2 -5 -12 -14 8 7 13 7 3 8 22 1 20 8
-2 -8 7 4 10 -5 -20 3 -4 -15 11 2 -3 -4 12 -8 -1 9 -19 -23 10 -7 -11 12 19 4 3 3 7 6 -16 1 20 9 11 -21 -9 -9 -3 3 -3 -14 -4 -1 -2 -14 -13 22 19 7 -5 -1 -7 0 -20 2 -11 7 -12 -16 16 7 -6 -14 12 9 -5 18 11 -15 -10 -13 -3 -11 -15 7 -5 7
-6 -8 -4 -17 6 2 -5 2 -3 11 -28 -4 -1 10 12 4 0 9 19 9 -11 -5 -16 -9 11 -5 -6 -18 -8 -20 -25 -12 -3 1 -7 2 5 -18 -3 11 -11 -12 8 8 9 7 10 -8 -18 1 18 -18 7 -22 5 5 -5 34 -1 -14 20 1 -13 -20 -25 -20 -17 33 -5 -12 3 21 -7 -4 9 -5 5
-7 -11 14 -15 -3 18 -2 -2 12 17 -7 4 -8 -2 4 12 -5 3 -14 -38 4 0 -6 2 -2 -8 -9 8 6 8 5 15 -3 1 13 -6 2 -13 5 -10 -3 -14 9 -23 5 13 6 -1 -8 -4 9 4 -6 1 6 -3 -10 -4 10 3 6 -11 9 -1 12 6 -12 -5 0 -13 15 1 10 -7 5 -4
11 2 10 -8 4 -2 -4 4 -25 -7 6 21 -7 7 25 -2 -2 -2 3 -7 2 -10 -8 -7 -2 -17 7 -9 12 -16 -6 -16 -2 -2 -1 -10 -10 -5 20 0 19 -8 -6 -8 -15 -7 7 -13 -22 30 -8 12 -21 -5 11 1 11 1 2 33 -6 6 -8 15 -5 -16 -15 6 -2 4 5 3 4 13 -9
-6 13 -1 29 -13 8 3 -3 -14 -6 -9 -9 -1 10 17 3 -16 25 6 -16 10 -15 25 -21 4 -1 -8 5 -11 -15 0 -13 5 -2 5 -8 1 5 7 8 -3 -14 -17 0 16 -5 -10 -28 -4 -13 -2 -4 -8 -12 -11 12 0 -7 14 9 3 -3 9 -5 -16 3 -1 22 -6 -8 -5 -9 -5 -13
-23 -9 3 -10 9 4 -5 10 5 22 0 4 7 -3 -15 -16 -11 12 5 9 -4 -4 3 -9 11 3 -5 -4 11 9 3 13 -25 10 -10 10 13 10 -6 -12 -16 6 5 28 -18 -3 -9 18 3 12 -13 -3 3 -7 -4 -2 28 -3 -9 0 16 -4 3 5 -8 -21 -2 -5 20 6 15 5 -5
16 -21 12 7 4 0 11 11 -2 -11 -15 -8 9 16 -10 5 -20 -3 -6 -7 10 2 5 -13 4 0 15 -25 -1 -8 -12 9 0 -10 -4 -5 -2 8 22 12 -13 2 -2 -22 15 -13 -6 -5 -15 -10 -5 6 3 8 -25 -11 -10 -5 9 -6 13 -8 -2 5 17 12 -12 -12 -6 -2 6 -14
-2 -4 21 18 -7 14 5 7 10 -14 -9 17 -5 -1 -5 -8 5 -4 -5 12 11 18 16 23 12 1 -8 -1 -3 -16 -1 14 3 -8 -4 -3 18 4 0 -9 -5 8 3 8 -12 -6 -7 14 4 -28 8 5 -6 -8 -8 -4 -14 4 -9 10 1 12 -13 1 -1 -3 0 4 -11 16 -4
3 -5 18 8 1 8 -13 -7 -5 -4 -1 0 -1 2 14 -9 5 -5 4 -9 -6 -2 -2 23 3 1 -6 -3 3 2 9 19 -7 -11 5 -1 -6 -9 -2 5 -1 10 11 -7 -2 -6 -17 -8 -24 -24 -4 -9 6 -2 0 2 -16 -12 8 7 -7 -19 -8 1 20 2 21 -7 16 -9
-16 0 21 -18 -3 8 10 -5 -6 17 14 3 0 10 -9 -20 8 -15 2 1 0 -1 2 -5 -17 4 19 13 15 -9 -14 -4 -15 -6 8 3 11 8 3 -12 -8 13 15 -5 9 4 10 -3 3 3 8 -9 3 12 2 5 -6 -13 -11 2 -4 -1 7 -8 8 2 3 0 13
0 -12 3 16 -3 15 7 -18 2 1 -2 -5 9 -5 6 -5 -11 5 13 -2 0 7 -21 -1 2 4 -3 -4 14 1 0 0 11 5 5 2 -24 3 7 1 -3 -9 19 23 -7 -16 -15 -2 -5 7 -15 10 9 -4 -6 4 6 -16 9 0 -17 2 -22 -2 24 2 14 8
7 18 -1 13 -4 -15 12 5 -4 4 -14 0 -18 0 -15 -6 -9 -2 -9 7 -2 0 5 -16 -13 -18 -25 6 8 10 7 -8 -5 11 2 4 8 -7 -4 16 -7 -10 5 -12 21 -5 -6 -1 -32 -2 -4 13 -10 15 -9 -5 16 14 -21 0 -2 20 -11 -3 2 23 -7
12 -8 -8 -4 -9 -4 -14 7 5 -14 -5 1 2 -5 -3 13 -1 -25 4 -2 1 7 -1 1 -7 -10 -12 -1 1 4 -8 5 -8 -3 12 -14 -13 9 16 17 -9 -5 -11 18 14 0 -8 9 3 -9 -7 23 8 18 1 9 9 -2 1 -10 6 5 18 1 -9 -1
-16 4 -11 -2 -19 -7 -2 2 -3 -8 1 6 -10 21 15 6 1 2 0 24 8 5 12 -22 11 10 7 5 20 -16 2 8 -3 -15 -5 1 20 -4 -1 -13 19 -11 4 13 6 5 -8 -5 -7 -17 14 5 -14 20 24 25 3 14 -13 -9 8 9 2 3 2
-14 6 14 -11 2 -22 -17 -2 0 -7 15 7 -3 -3 12 -7 -1 16 10 5 8 -11 3 -15 -3 1 -6 5 -2 3 -14 -9 -1 -5 5 18 -13 -5 6 2 -8 -14 -20 -15 -10 -11 -5 1 3 -31 -4 -6 -1 -5 4 -19 -3 -11 -11 28 13 -8 8 4
10 -1 28 13 -4 18 5 -6 15 -15 -5 -11 18 -14 -7 6 -4 -6 -18 16 12 -4 7 1 3 20 1 -1 -18 -3 -3 4 -10 7 -13 -15 14 9 -10 20 1 -4 19 18 3 -8 -5 11 2 13 -10 -10 -33 11 -25 3 3 -3 -15 -10 7 10 -9
7 13 4 -1 0 -10 17 10 -15 2 -19 8 5 13 -5 -21 -2 5 15 2 5 -24 15 -10 -9 -5 2 -6 4 -2 11 6 13 4 15 -6 12 3 11 -22 -11 -10 3 7 1 8 24 -1 -7 -7 -1 -11 8 -17 -9 -11 -9 -1 4 -22 10 3
14 -9 -22 16 -1 -9 -14 5 7 3 -2 -7 -10 -13 -1 -5 16 1 5 -3 -13 -1 -6 5 -8 7 -1 10 3 6 7 20 -4 -31 13 9 -3 -15 -5 9 -20 18 -1 -4 4 -7 -9 -9 -10 19 8 4 -2 -9 3 10 7 -11 14 -2 -6
2 1 5 -7 -15 -7 -1 15 -8 -7 -8 18 4 2 -3 -11 -4 -5 15 -6 -9 -5 -2 -20 -6 9 -4 -4 10 3 12 -13 -2 -2 20 -16 -13 0 3 5 10 15 21 1 14 9 -9 -8 -4 7 2 -3 10 3 12 -24 -7 29 5 -8
3 -7 14 -2 1 -13 -1 -9 -20 18 5 -2 13 7 -6 2 -3 -2 -1 -14 -29 -3 -7 -22 -6 -7 -6 6 -7 11 -18 -4 -16 5 -6 10 -15 -11 7 7 9 -26 -4 -5 -27 -1 -22 -7 -19 -17 -5 -5 8 16 -14 -5 4 -10 12
4 14 0 -28 7 -5 -2 3 -11 -6 17 -16 -10 5 -1 -4 -7 18 -1 18 -7 11 -1 11 -9 14 -6 17 -13 -19 25 -7 -9 7 -3 2 11 -11 22 11 0 2 -2 4 -3 -5 3 -16 -13 11 15 6 -1 -12 11 8 6 -7
-2 -13 -4 -15 8 -1 -1 -31 -6 -5 5 -22 -2 -6 -7 -18 22 -18 26 9 -8 12 -22 3 14 21 -12 -3 -4 14 19 -13 -10 -5 15 10 -3 -6 6 1 3 -3 18 3 -8 0 -5 5 -3 -6 17 10 -24 -2 14 2 -16
-13 -17 -3 0 17 -14 2 5 10 10 7 4 16 -6 -4 -7 -9 6 -16 5 4 8 -15 17 1 -3 -5 10 -7 -5 -7 -2 13 -24 9 -3 5 11 5 -14 -1 17 -4 -6 -7 -11 -13 5 17 18 -6 -7 6 15 -8 -4
-13 11 3 9 25 7 19 3 -13 -4 3 5 8 -2 -1 28 5 0 8 13 -1 4 -10 7 -10 -6 4 -1 8 -5 10 9 -5 17 6 -7 0 4 12 4 -10 -4 -19 -3 -6 -13 -6 -8 3 -15 12 2 -8 19 19
-12 7 -18 -7 20 1 1 4 14 -1 -6 -7 -1 20 7 -15 -5 -22 12 -8 9 -33 1 -3 4 -6 -17 2 27 -8 30 -10 -30 0 1 1 3 -19 -4 11 10 6 -4 0 -5 -15 -18 -23 -8 -6 -10 -27 -1 -2
10 -1 -3 34 2 -6 -1 21 -1 -4 3 -6 -2 3 24 3 6 3 8 -8 0 -12 11 -4 17 -2 -18 0 -6 0 2 18 -4 -22 -1 17 6 -8 -25 -4 0 26 25 0 10 7 3 -20 1 -9 -8 3 16
0 19 0 4 -2 -3 -7 -12 9 -22 -7 0 2 5 10 -10 -7 10 -7 7 18 -14 -5 5 -8 -1 4 0 5 10 -1 21 2 -4 8 1 -12 0 -10 -3 3 -7 12 -5 10 4 2 -6 2 -8 -4 13
6 -7 25 13 6 1 3 8 -26 -5 10 4 11 -7 18 5 9 7 2 -14 -6 23 14 -8 -9 -34 -13 -1 -5 19 -3 -3 -13 4 6 -22 11 8 -5 8 9 -5 4 21 17 -10 10 -9 -11 5 -21
-3 -2 -2 -15 5 -10 13 8 -5 10 11 6 29 8 -4 15 0 27 -7 1 -6 15 -5 3 1 13 -18 -8 4 12 1 11 -6 15 -22 4 -2 -6 7 -6 -2 -3 12 -19 -8 9 -11 4 0 -4
3 13 11 24 15 -9 13 4 -4 8 2 -7 -9 -15 0 -12 -1 -21 17 -10 -3 -15 6 18 -1 -2 0 -18 -14 -2 9 6 -18 1 -23 -1 -11 4 11 -6 6 0 -10 -18 -4 -20 -16 -3 23
-2 8 10 11 21 -14 17 6 16 7 -11 -9 4 8 0 -11 -3 2 14 -7 -1 -13 -9 4 13 -13 3 11 -5 -8 9 17 10 -7 -2 -28 14 22 -16 3 0 9 -10 7 16 6 33 16
1 -5 2 13 12 -1 -20 6 11 1 2 2 11 -17 -3 5 10 -16 -5 -12 4 18 -26 24 2 6 -4 0 -5 3 -12 -4 1 17 22 -8 -8 5 -6 10 -4 1 11 4 1 12 -11
5 -1 -7 2 -6 21 4 -8 -23 10 -6 -1 15 -20 -1 -3 -2 13 -8 -10 0 15 -13 11 -15 -7 -2 2 0 -9 5 -9 12 3 33 -2 -4 -5 0 -5 -15 -21 -15 5 12 5
8 12 1 13 3 -9 6 -10 -19 -19 1 1 -9 -27 22 9 12 -11 -12 -3 16 2 -12 -4 -11 -1 2 6 -17 -6 -6 7 -2 -5 28 5 -6 9 -4 -2 3 -11 4 -8 16
-6 -11 -3 -25 11 10 -13 11 -13 -12 -2 -10 6 7 14 -8 2 -5 8 12 -10 4 -14 -7 6 -17 18 4 -6 -8 5 -7 -2 16 -7 -20 -23 -9 22 11 10 3 -2 -2
-15 10 3 8 -6 -3 -8 -11 6 -12 -3 13 21 13 4 -7 2 10 -8 22 -10 8 0 -16 -5 -1 -6 -22 9 22 6 -4 -15 18 -7 5 -6 -7 13 19 -8 -4 -23
33 6 -4 16 6 1 -1 -2 -13 -3 0 -3 0 9 -1 3 21 10 0 2 15 7 0 17 -2 -4 19 -2 -20 0 -4 -17 3 8 10 0 -12 12 -22 7 -5 7
-3 -16 -2 5 -25 -20 3 -5 19 6 -1 10 -2 -15 -16 19 4 8 2 5 -1 -16 16 10 -2 13 14 -12 7 1 -3 12 9 -1 -7 0 7 -1 1 -21 -8
-7 14 9 -16 14 -3 0 4 -5 6 -1 8 -5 14 -4 16 -6 -4 2 -8 2 15 7 -9 2 17 8 -9 10 1 -10 8 -12 0 -16 -16 -2 -11 3 -12
1 -13 12 6 -18 25 -19 1 4 10 -10 2 3 6 2 5 7 -17 -11 4 -23 -1 -9 -25 -5 -3 -11 16 7 5 -2 -4 -5 -11 -9 5 -6 22 3
-12 -15 5 -15 -23 11 -3 -17 -11 18 13 4 -12 0 -8 17 4 1 5 -2 7 -4 4 9 -8 1 4 4 -16 -6 2 31 -10 -15 -3 -4 20 8
18 12 -9 10 21 -7 3 3 2 -19 6 4 -6 -9 9 6 -2 4 6 -1 -5 -7 7 3 -7 -4 7 8 -1 -7 -12 -7 5 -2 -6 -19 -2
10 6 11 -3 -11 -7 -9 -5 3 -6 3 6 7 14 4 16 8 -20 13 0 6 -19 4 1 17 9 -5 3 22 -3 -4 29 -12 2 -8 -5
9 -4 -13 -4 -8 -8 -18 -4 14 6 -12 1 -30 -8 -23 6 8 8 6 10 4 0 3 -8 5 -19 3 -10 26 -20 -10 -5 5 21 -11
-13 -1 -11 -6 -11 0 -18 -12 -3 3 -2 -20 -11 1 4 7 5 20 17 -15 -9 3 -7 18 1 3 9 6 -21 19 4 12 4 -5
3 -2 2 -14 -2 -1 -12 -5 0 -13 17 -7 10 13 6 -4 -18 -17 -8 10 -13 30 14 13 7 3 4 -7 -15 -17 -8 -15 -1
-8 4 -21 6 -5 3 -15 6 -24 13 4 3 0 4 -15 7 -20 16 -7 14 3 0 1 23 13 0 30 7 5 -1 -11 -7
-21 -2 -4 18 5 0 -21 18 4 19 9 -12 -11 -9 -17 2 -6 -8 -10 -2 -3 8 -19 -19 8 6 0 18 5 -1 -25
13 -17 2 -3 9 10 -7 0 -1 -22 -5 -9 23 -8 -5 -12 10 5 -10 15 7 2 7 -32 11 12 -1 4 -4 -6
-10 14 -24 -10 9 5 -1 -6 -11 -7 -27 -9 10 -22 2 -6 6 7 -3 12 -1 -5 -2 -1 3 1 -5 -7 -12
-7 -10 1 -3 -4 -8 13 12 -30 15 8 -2 2 22 -2 12 4 8 -4 -2 -11 -7 -16 6 15 -22 -10 0
1 -15 1 -7 9 0 11 -22 -9 2 -1 -4 8 -12 -9 -10 -9 -5 -7 13 7 8 -15 22 3 13 3
-9 6 -22 2 26 4 13 -1 4 -12 -14 -2 -12 -6 -29 -3 2 6 -17 0 2 -6 1 22 6 10
-12 14 -9 -24 3 0 16 18 -10 2 -2 8 0 -14 -25 -2 -4 0 -11 12 -3 -11 -6 0 -16
-17 -1 11 2 5 -7 4 9 9 1 -1 13 15 5 -5 14 12 -14 -16 -5 13 5 12 36
0 -1 4 -20 -8 4 -25 11 0 9 4 3 -14 -3 -15 15 14 -13 14 7 -23 1 -16
-11 6 3 -30 -9 -8 -16 5 1 15 3 -7 26 13 14 2 8 -3 -11 -3 -8 15
14 -11 10 18 2 -3 15 3 8 16 7 1 22 8 -4 -9 3 -2 20 -10 0
-6 -1 -4 -1 3 -4 0 3 4 -4 -14 9 4 -14 6 -1 9 15 -15 18
0 -7 1 -10 3 -20 -19 -7 -1 15 -13 4 -8 13 -10 -17 16 -13 10
11 9 18 27 9 -10 14 0 -12 7 -2 -1 -17 -33 3 13 -22 20
-8 29 12 2 -8 5 22 1 -18 17 -10 1 -3 -10 -6 -2 -12
8 -5 -13 17 2 -7 5 19 -14 5 6 10 6 16 5 11
-10 4 1 -5 5 -10 -22 -10 7 -12 9 8 -2 21 13
5 18 -1 -7 8 7 1 -17 2 -27 18 -5 -5 -6
9 1 2 2 6 6 -13 -9 -6 -16 -19 6 -4
2 3 6 28 -11 -2 -7 15 1 -19 -16 -8
25 -9 19 7 -9 -15 -17 0 -7 -2 4
-4 -5 -20 -10 -9 14 10 9 -20 11
0 0 -16 9 2 -2 -7 -21 -4
13 3 -1 -12 -14 4 -13 17
8 4 -5 -16 -6 4 8
-13 -2 -11 -7 15 -16
1 7 17 -8 -12
14 -14 -4 -20
13 13 11
-13 14
6
