40
7 24 7 -8 -8 25 -16 -14 4 -11 -9 11 -34 -7 34 21 0 -15 -7 8 3 -45 14 18 -4 -8 2 -2 -18 51 22 5 42 -28 -1 -16 -26 -4 4
-9 10 12 5 -19 18 -5 -21 -4 -11 22 8 -8 -5 -7 -9 3 6 12 3 -10 -22 -23 11 -16 -3 -4 3 14 -14 8 2 -23 13 0 10 -1 -12
-12 -11 -9 18 -17 -16 16 -14 6 35 -15 -6 11 -12 15 3 10 -34 1 -4 -29 -6 3 -10 3 -17 3 -2 1 -6 -2 17 -26 6 9 15 -26
17 -6 -8 20 -3 -11 -11 -5 5 -6 -24 1 24 -14 -15 -25 14 5 -23 0 -7 13 13 6 13 7 -20 -15 -6 9 23 -12 33 17 8 23
2 15 6 7 -9 -9 17 -1 0 -32 -19 14 -34 3 -10 -24 -2 -14 -11 -14 -12 11 17 -1 11 1 21 12 20 11 17 16 5 7 -12
10 31 9 20 3 -22 20 4 -2 -6 -28 38 1 26 16 13 0 -17 -28 3 8 -23 -4 -28 -13 1 -20 14 6 -2 -34 7 10 15
3 0 -8 15 16 4 -4 10 0 7 23 10 -19 -9 -5 -15 21 -4 -15 -6 16 8 2 14 8 -4 34 21 -34 -12 4 -5 -3
10 -16 -3 7 -2 11 2 -24 2 14 -5 -20 18 -2 28 -20 -10 17 4 -40 5 0 -25 -31 -1 13 0 13 -34 10 -11 20
6 -10 -4 -19 16 5 -4 -18 0 35 -9 19 6 8 -16 -31 23 10 0 48 -15 9 -25 -1 15 -12 -1 -21 14 10 20
-20 -10 17 -25 1 14 -40 -4 -12 26 -3 1 3 -20 -41 19 -12 0 -3 -14 4 -2 14 13 -19 11 7 -2 49 3
15 -8 36 20 -4 19 4 -12 9 -3 -24 7 12 1 4 -6 -20 3 37 -5 5 1 7 23 -18 2 18 -6 -10
-24 7 -6 4 24 -21 2 7 -27 -5 21 7 27 -27 -43 20 8 19 -9 10 11 -4 -10 0 20 0 -11 27
6 -16 10 -4 30 0 18 8 12 -7 -13 -14 9 20 -20 -38 -4 -8 -4 -21 -3 -5 -31 5 -6 8 -23
-5 0 13 -23 -7 -6 24 -8 11 -16 -6 -6 -7 3 -7 7 -31 -25 -21 -40 0 -21 -15 27 -5 -7
-18 -2 15 -9 9 16 -26 33 10 0 29 -21 1 24 -8 8 -10 -29 17 15 11 -12 -24 -14 -5
15 -19 -24 -18 -3 -24 -7 12 4 -15 -1 8 16 -38 17 5 12 3 -11 -9 4 -38 23 9
-4 -34 -28 -1 -7 -6 23 14 -15 5 9 -8 29 -30 15 -10 -4 -3 -14 15 -21 -31 27
24 17 5 6 -3 3 -7 15 18 -43 -16 0 -1 -11 -30 -10 8 -28 -30 2 -20 -6
5 2 3 -27 2 3 8 7 -7 16 10 -3 -7 8 -8 2 -5 -2 0 4 -22
-1 -5 9 10 -11 -5 -22 -11 2 15 2 -6 -7 6 -15 7 -11 6 19 -11
-7 -9 12 -3 22 4 3 18 -29 -15 -3 -16 4 -37 -9 -17 -2 -9 20
3 -19 -10 17 15 4 -6 -19 -12 -3 -1 7 13 -10 9 30 17 24
3 1 6 -12 -7 8 1 -12 -21 6 -13 20 11 -2 1 1 22
53 -30 0 16 1 28 6 1 1 10 -6 -4 6 -24 -13 2
-35 4 5 -19 8 11 7 -6 -15 -12 11 -3 -19 -41 -10
4 -19 21 -9 0 -28 -15 16 1 17 -26 6 16 14
-23 -26 -18 -10 3 -14 10 28 -15 11 -3 3 -18
19 -5 -2 3 15 -5 -5 -6 32 7 13 0
-14 1 -19 34 15 -5 13 -4 -2 32 33
-17 -21 18 -23 -2 10 9 15 -3 -10
19 18 26 -19 16 -22 -5 -8 -10
18 22 -2 -22 19 -19 -30 18
1 -20 1 -2 9 13 21
16 -9 -2 -5 6 0
-28 31 19 8 -29
-16 -42 26 9
7 34 -15
-4 -7
-8
