80
-8 -3 19 -3 -17 -1 -11 -4 7 -9 -7 3 3 -13 2 7 8 -10 11 -25 -8 -18 5 2 14 11 1 9 -18 18 -13 -11 1 15 4 1 -20 5 2 -19 -24 8 12 2 -1 -22 6 -7 17 3 5 7 7 9 -11 -17 -5 13 -4 10 10 8 -2 5 -8 -4 -3 16 -12 7 7 4 -1 -2 -8 -12 11 9 -2
14 -9 -3 2 13 12 1 10 5 4 10 -11 10 15 -23 -6 6 24 12 -13 -15 -25 -6 -9 -1 1 10 -7 -4 -5 -11 9 8 1 0 -17 7 -4 -25 -2 8 -18 2 17 26 3 8 3 2 -2 11 20 -12 -2 16 6 -5 -7 -8 9 -2 3 -13 10 8 -10 -16 -29 -7 -8 6 -10 -14 2 12 -16 -5 -10
2 4 -9 0 7 -8 -24 9 7 1 8 -8 2 9 24 -23 -8 6 -4 13 11 -28 -12 11 3 7 -7 -6 -6 -21 0 24 -7 -1 3 29 -20 -2 10 -21 5 -6 -10 7 8 -6 14 14 -3 -20 -8 3 6 16 7 -8 13 6 -1 -8 3 -16 -5 -15 -2 -6 -10 -3 2 -13 10 15 2 9 5 18 -11
-5 -8 18 15 -19 18 6 -5 15 7 -1 -7 5 8 -16 1 -11 -11 -20 -7 -15 13 -4 -36 33 7 6 11 -2 -11 -12 -9 -6 -6 1 12 2 -15 -6 14 -12 -8 -11 -23 4 -26 21 -1 13 10 3 7 1 12 -1 3 6 3 -7 -10 4 8 -15 -6 4 -12 -7 5 5 -8 -17 -6 14 2 6 -5
19 -3 1 0 -18 -37 -9 -18 -14 11 12 -4 1 2 9 3 0 14 -1 12 -4 -11 2 -12 -7 13 -3 21 -9 0 9 -26 5 5 -10 5 -8 9 -17 2 -9 20 10 -9 -3 1 24 -11 -11 -8 7 -2 -24 -4 8 4 12 5 4 5 -2 3 -27 8 19 12 -6 3 -13 -17 -11 -7 8 -14 -1
-5 4 17 0 12 -9 1 3 3 5 0 7 9 2 8 8 0 -21 13 10 1 -9 10 13 12 12 19 -1 -6 11 -11 -13 -7 6 18 3 -2 -7 13 11 16 13 5 -5 10 -1 -6 9 -1 -3 -1 -5 0 11 23 1 7 7 8 2 8 -16 -4 -3 0 -8 -2 -4 4 -11 -7 -10 -9 -9
7 1 6 -18 14 -4 -5 -6 13 1 -4 -2 10 1 -17 3 -1 -24 -5 5 -11 0 12 -21 13 3 -18 -5 7 14 3 -5 8 -4 13 5 4 -4 -5 -7 1 -1 -28 19 -16 1 14 6 7 13 6 -3 -10 -8 -10 -15 -4 8 1 8 19 4 -5 10 -15 -7 13 -6 13 -1 -11 8 -30
-12 -6 -12 -4 -4 8 5 -10 -3 5 -13 -18 9 -17 14 1 -18 -15 -11 -19 21 0 8 0 -4 -4 -19 1 -12 -7 1 2 -14 14 -17 11 -11 2 7 -9 18 -1 -2 2 -3 -4 11 -8 3 -8 -9 2 15 -9 -12 3 -6 12 -19 -4 1 -2 -10 -6 -7 9 11 16 6 -13 -2 -18
-7 9 -2 -20 -15 3 -3 9 4 14 1 -10 12 7 -14 -5 -3 -6 -4 3 -8 9 -21 3 -6 2 18 3 16 -7 2 7 -10 10 -8 -8 10 -7 2 -12 -11 -6 -1 7 -3 5 18 3 9 -12 2 -2 -17 4 -12 14 9 8 6 -4 -2 13 4 -3 8 5 -5 -3 -3 -22 1
4 -10 -4 -2 22 -34 -14 -11 -12 22 11 5 -23 -15 12 19 -1 -20 15 12 -3 -7 10 -6 12 0 -1 -3 11 18 -4 -10 14 -3 4 23 3 2 12 5 34 -12 3 1 19 -18 8 0 -2 -17 -2 15 -1 0 0 0 12 17 -7 -11 -10 7 -12 3 -6 21 -12 -12 -6 7
8 18 15 -18 -10 -14 -14 -4 -6 -1 16 -6 -32 -2 7 -6 -14 10 9 9 -10 -19 11 4 5 9 -6 11 4 1 -14 -22 14 6 -3 -17 -4 8 2 -17 -12 1 9 20 -26 0 10 -10 5 8 -25 3 8 -4 16 2 -6 3 -5 -12 1 -4 2 5 -16 18 -13 14 7
17 22 -8 14 24 -6 -9 0 20 5 2 -12 0 -5 5 1 5 -13 -21 2 17 -5 -1 0 -3 -5 3 -8 3 -5 -12 -10 3 0 -8 8 -8 17 -9 -3 17 -13 -5 1 -1 -4 -2 1 -10 -16 2 4 7 15 1 -4 -8 -13 7 -12 -12 2 7 3 -6 -14 -4 -2
15 -1 20 -6 -8 4 3 0 -3 -4 -8 -10 -7 13 1 13 -8 -10 13 -18 5 2 1 18 -20 0 5 -16 -2 -39 7 13 9 -29 9 7 6 -13 -1 25 15 0 2 -7 -10 10 5 -16 17 -9 6 12 -8 11 -1 -7 -11 -8 -4 -10 -5 12 -8 23 -15 12 -2
-5 -6 -8 14 -8 -17 20 -9 0 -5 -1 0 -1 -8 23 0 -10 9 -10 14 -3 -1 9 10 3 -7 -11 0 -13 9 4 -13 -5 4 -1 10 -6 -16 1 4 -13 -17 -15 6 10 3 7 -15 -4 0 -16 -10 -8 -12 -12 -11 7 -13 -1 12 10 -21 -3 4 20 -9
-14 21 1 -1 19 -21 -13 -7 -5 15 -11 -22 -3 -7 4 2 -10 8 9 -1 -3 -5 -1 10 -19 17 10 12 -5 9 13 16 10 24 -9 -3 -2 -3 -6 3 -8 8 -12 -15 5 15 -4 -15 -9 -12 -8 4 -6 -6 -10 -11 9 1 -18 -6 -5 -4 -3 -32 13
8 -4 13 -11 3 -3 1 -9 -7 1 31 -8 1 -16 -18 13 8 3 3 8 12 -17 -4 21 2 14 6 -14 15 15 -3 9 3 17 -19 5 7 25 -3 -3 10 -10 10 -9 10 5 10 -10 7 12 16 -7 -11 8 -22 4 -6 5 5 -31 11 8 -2 -18
-5 -7 -19 -8 3 13 11 6 -14 -17 3 -13 0 -7 11 18 1 17 -21 -8 -9 -14 -8 34 10 6 1 0 -3 1 10 7 8 -12 -2 -9 -3 -1 14 4 -21 -12 6 -3 -16 -17 -2 13 10 15 13 1 15 -11 -15 0 4 11 13 -7 6 -2 -7
9 -2 7 2 27 8 7 -9 5 -4 1 -5 6 -1 0 -9 2 7 21 6 -2 -6 5 -7 8 -14 -7 -18 1 -5 -10 -6 14 -4 -1 -10 -8 1 -11 4 9 -7 13 6 6 -4 -8 1 -9 -1 -14 9 8 -9 -4 -24 9 -10 -12 5 -2 -3
7 -9 7 11 11 -5 1 12 27 -27 -9 0 -5 14 0 -21 -3 8 -14 -21 -3 -17 -7 14 -15 -1 2 -4 -12 -2 -8 -11 4 -17 4 -9 -14 0 -12 14 5 -9 23 6 4 7 -16 14 12 2 9 -3 -17 22 -9 -14 -4 8 5 -17 3
2 5 -17 -9 -13 20 -7 -13 -8 7 7 -12 11 -18 -6 6 -10 -14 18 -5 7 -1 -9 -3 3 -2 11 4 3 -5 4 17 7 19 11 -10 9 17 -6 9 4 26 6 -2 3 -15 1 13 13 -17 13 -10 8 -25 -18 1 2 -8 -5 27
21 -15 -23 2 6 -11 -12 3 12 -7 17 5 -15 -3 5 3 20 12 -14 4 9 -9 -24 -11 -6 17 2 -1 8 12 18 0 1 -26 -3 11 15 2 9 7 19 16 7 0 11 -2 8 -3 9 -1 -17 -10 0 5 21 -22 6 -5 -12
14 0 20 7 8 6 -16 5 -3 2 20 -5 23 -16 -4 3 13 4 1 -8 4 12 -18 14 4 0 7 12 -15 -1 -14 -20 4 19 4 -1 -6 5 -8 26 2 -10 -3 17 -3 12 -6 2 -6 -7 18 -12 20 23 -23 14 -6 8
14 -5 -30 -5 -2 -1 -5 -7 5 -3 -1 0 9 12 7 3 9 15 -5 5 -9 -9 -21 8 10 -4 -10 -22 -19 -9 -7 1 -5 -23 -11 1 -5 -19 -6 5 8 -1 6 -3 3 -6 21 10 -7 4 -3 11 -1 -19 7 14 -4
-17 -5 20 26 -16 9 -8 -8 -17 -2 -12 -16 -18 0 -13 -20 -14 25 -1 6 9 -5 4 -1 -15 5 1 3 -15 2 -12 19 -1 -2 25 -10 -4 0 -16 13 -1 -16 2 7 13 13 -6 2 -12 3 9 0 -3 9 12 0
4 -4 25 10 13 -5 -7 20 1 17 -14 -6 5 -12 6 2 -26 25 -6 20 7 -3 -7 3 2 -11 15 -1 -12 -13 -5 -6 -21 1 -3 3 3 4 -10 -5 7 9 -18 -6 12 12 15 12 -11 -6 8 -24 -3 1 16
-5 -4 6 7 -12 2 14 0 -23 10 -17 -14 -3 4 9 7 2 -8 14 13 0 21 14 -1 11 6 -6 2 1 6 -11 15 3 -11 -4 -3 -12 2 7 4 1 -17 11 -24 -7 12 -14 14 -20 -11 -4 -9 -1 15
7 -2 2 -27 -7 0 -8 11 -1 -1 -20 7 27 -20 -2 -13 2 -9 35 -7 9 -14 10 6 -1 -9 17 20 6 5 2 14 -16 9 17 4 -10 2 0 -6 7 -17 4 0 11 5 8 7 -3 18 10 9 -17
-14 2 -4 -14 5 5 0 -21 -18 8 -20 -15 -10 13 11 4 13 9 -3 14 15 9 -26 -1 -20 -3 -14 10 -1 -11 4 -26 -28 0 -11 -6 -10 -21 2 0 -8 7 8 4 40 1 -9 18 3 -14 -9 5
1 6 -2 -5 6 -2 4 -9 -1 -1 17 -8 -17 6 -5 -15 0 0 2 2 1 14 1 11 12 6 -18 -3 7 5 -9 5 -12 7 -5 1 3 -23 2 -18 -21 -5 21 -15 10 -10 6 -17 7 6 -3
-16 5 -13 4 -26 -1 -10 11 -1 4 -12 6 2 14 1 3 8 0 -15 -15 9 -7 3 6 18 -13 13 10 -16 -4 1 9 -13 -34 0 0 -12 17 2 -4 -2 10 7 0 6 4 -17 -3 12 -12
-6 -5 -5 -14 29 -17 -5 2 -1 4 -9 -3 -8 -6 -16 7 -11 -7 -7 3 10 0 -9 -2 -9 -18 0 -22 0 10 -11 14 10 11 3 -8 7 27 -12 2 -1 -2 -6 -18 -8 -6 -9 -15 20
6 1 -11 5 10 6 -8 14 17 16 4 -1 -5 -36 2 -7 -10 -18 7 -2 0 7 -10 16 -3 5 17 1 2 0 14 3 -17 -1 16 23 11 -9 9 -11 -12 -6 1 -22 -15 7 1 2
-16 11 -4 -16 -4 -11 -6 31 2 18 4 14 0 9 -14 19 -1 2 24 -23 -12 14 7 11 -23 9 7 -9 13 -7 -16 -4 17 -7 -2 -1 16 -4 -9 11 2 -6 13 -14 2 -29 -1
0 14 8 14 -3 7 0 -6 21 19 -1 6 7 19 3 17 -19 -11 -3 3 6 -16 -14 -11 10 -2 0 0 4 10 8 -18 0 -2 -6 -10 -15 8 2 -13 -4 0 21 -19 8 -2
-18 22 5 26 7 2 -6 -4 19 5 -9 -25 11 7 6 -2 -4 -9 -14 7 16 13 -13 -1 6 7 1 11 9 -27 19 22 3 -24 16 -3 5 5 -13 22 15 -1 9 -1 -2
12 0 -5 0 1 -15 5 6 17 -11 -9 6 7 -6 7 5 11 -1 17 -12 -18 21 2 3 -14 -4 33 -4 13 -17 -2 -15 23 -13 7 3 -5 -5 -19 -17 -7 -15 -1 -2
-5 11 -5 -2 -18 -6 4 -4 -16 -18 -10 -1 -2 -3 -10 8 0 -9 -11 1 -4 0 13 6 5 20 0 -18 5 12 1 -3 12 -2 3 -8 -12 17 -1 12 16 7 -4
-1 6 4 -2 1 -5 2 -35 1 -6 -10 -17 11 7 -7 0 -11 4 -3 5 9 -4 -16 -12 6 2 -5 3 -11 4 -15 17 9 6 -11 -4 13 10 -18 1 -3 -8
-15 8 -7 -9 10 -22 5 2 6 -4 1 13 -7 -15 2 5 -12 16 14 -26 12 24 22 5 11 -14 1 11 13 -11 -8 -5 -1 -12 -16 7 -3 3 -3 7 5
-8 0 6 -3 -9 15 -15 8 -4 -16 5 -13 7 0 14 1 -10 10 4 -22 -12 -6 15 -16 5 21 10 13 -14 -9 14 12 -2 12 -1 -8 -9 0 13 15
12 16 -6 11 -13 22 17 10 -17 -1 7 -15 -2 -1 3 -16 12 8 -19 8 -14 19 5 -2 4 0 -3 6 12 -13 -8 2 0 -5 -5 7 -12 0 0
-20 10 7 -3 -1 12 14 3 -20 -6 -2 10 -9 30 9 -10 1 -24 10 -11 -23 -4 3 -9 11 18 5 4 -9 -7 -7 27 16 -15 8 -7 -9 -3
-14 19 4 18 -7 -5 13 11 -20 -18 -7 -9 7 -6 7 4 -22 -10 24 11 -14 -4 -7 -3 3 -5 -5 -17 3 20 1 -1 -8 -33 1 -10 0
7 10 -21 -1 20 -4 -18 7 -19 10 23 2 4 10 3 11 -4 6 -9 -18 -3 -35 -5 10 10 5 -7 11 25 3 18 18 12 -10 14 -7
-3 -6 -2 10 10 -3 13 0 11 -21 -3 -11 -2 12 -18 -14 1 8 1 -1 3 2 -22 18 6 -18 9 -2 16 17 -30 2 -30 2 4
15 22 17 12 1 -6 1 11 11 -1 21 2 -19 -20 1 11 -23 -11 27 -12 0 -2 -16 -4 -19 14 9 7 14 20 17 -6 4 -4
14 -12 14 12 11 -6 9 -23 -10 3 -7 4 -6 -10 4 6 12 -11 0 -17 -2 22 -19 -5 -8 -4 -6 -9 3 -14 4 -14 3
8 1 -12 3 8 16 -7 8 -13 -3 -2 -29 -7 -20 -14 13 8 -7 14 12 -5 -3 11 -2 -2 1 4 1 2 -19 1 -5
3 -12 -17 -6 10 14 -6 12 -11 -10 -14 -15 -3 -8 -25 9 -4 -10 -9 -7 13 -16 11 19 -14 4 0 11 -18 4 -7
-3 3 11 -2 2 -3 -8 -19 12 2 -8 19 0 -10 6 -9 -7 7 8 -2 -25 2 2 8 10 -5 -4 15 -6 1
4 11 -4 -4 -1 14 2 10 -4 -15 -2 17 2 11 7 -3 7 12 -16 -7 7 -26 -2 -4 0 -10 -2 3 -8
0 11 -13 -9 10 -5 22 10 11 5 -1 9 6 2 -1 1 17 11 0 -9 -9 -8 -12 21 -3 13 -10 6
-11 -9 10 -10 -7 10 -18 -14 -20 -6 0 9 -5 11 10 13 0 12 9 -8 -8 1 -14 13 -5 -3 16
-12 -22 6 -2 1 -7 8 -2 2 5 14 -3 5 2 9 4 0 7 9 -2 -1 -11 9 2 15 -6
-17 12 3 -15 9 16 -2 -13 -22 6 -4 -1 14 -10 11 -7 -8 1 3 -4 10 4 -2 -1 -2
4 -1 -2 -13 -14 2 -15 -2 -4 0 5 12 -7 1 -1 6 -2 4 21 -5 5 -11 -5 1
-5 -27 11 8 9 -18 -13 -2 1 8 11 -25 14 -14 -7 -17 -20 14 5 -4 11 3 -11
-8 4 2 1 14 -9 -10 -5 -16 0 -2 -9 11 5 6 2 -11 -2 0 12 20 11
-10 -4 9 13 6 -18 -11 -13 -1 4 -7 -6 0 -1 7 -8 -4 -1 -8 7 4
18 14 7 7 -10 -2 5 -13 14 4 16 -15 -7 -7 -11 4 -7 30 -12 6
-7 7 24 -19 7 3 7 -16 -1 -16 0 -23 -5 5 -3 12 3 2 -5
6 -14 1 -25 -11 7 -12 -3 -4 0 26 -10 11 14 -15 4 -5 5
18 -4 9 -2 -3 22 -10 5 20 7 -9 -14 -19 -9 -7 10 1
-1 -1 33 -8 16 4 -11 -11 -19 9 -10 12 15 -20 3 6
-6 14 3 17 9 3 -9 -7 6 -3 6 13 -11 1 -20
-11 -10 -6 -9 -11 -1 -18 1 1 -8 -8 -2 -11 -1
6 5 11 19 -24 -3 -7 -12 2 3 2 -8 0
4 6 1 -7 -12 -6 16 14 -8 -5 2 6
-1 24 0 5 2 -7 -15 -3 -8 -4 16
-6 -7 6 9 14 2 9 23 6 0
0 10 -12 -15 10 -21 7 11 26
5 -5 18 -12 1 -3 22 12
-3 -20 13 6 7 -11 1
-9 -2 3 -3 10 4
-4 -20 -2 16 -18
-10 7 -4 -15
-31 12 -8
-13 -4
-8
