60
-11 2 -4 -10 -12 3 -12 -2 -5 2 0 -1 3 5 -6 30 2 23 20 1 11 15 -25 20 5 -12 6 -20 -11 -19 -18 2 -15 5 9 5 9 -10 16 -17 -23 -6 -2 11 2 7 18 11 -4 -13 -24 8 -13 14 -10 -28 -3 8 16
10 3 -11 -7 18 -1 8 -31 6 5 28 22 -17 2 22 3 17 -13 15 -11 -14 15 -6 9 0 7 29 -8 -11 -2 -14 21 -11 9 -26 -33 -7 -17 11 -2 25 6 5 -24 -31 -26 8 -4 -19 -4 -2 17 -21 5 4 -1 17 -9
-8 -3 -12 3 -2 33 -4 -7 -23 13 -18 -1 7 -22 14 0 7 -2 -16 -3 -16 6 3 -4 -13 -4 -8 -4 5 12 -9 27 -23 17 6 -1 7 -9 7 -5 -11 16 -8 15 -22 1 10 -20 5 -9 -6 -3 -17 4 5 -2 15
6 -13 10 9 -3 -21 31 14 -25 33 -12 26 8 7 -7 18 -17 -4 0 -2 -4 -15 3 21 7 -20 3 1 -19 11 -14 2 -19 -9 33 5 -9 3 -1 -4 -18 -2 6 -7 -5 -21 27 -1 -1 10 0 21 -11 3 20 -6
-10 -11 -6 6 17 -9 -11 -9 -4 -8 4 7 9 -8 -4 -4 11 -23 -3 24 -11 9 10 -6 1 7 -16 -34 6 7 18 -29 0 -2 19 1 18 -2 -18 15 11 27 -3 33 -25 20 25 5 -16 -27 -15 5 2 -23 15
4 -4 -18 6 7 8 2 0 4 -15 -27 12 -6 -10 -13 6 -3 8 4 -10 5 -9 2 -5 29 27 11 -6 -13 17 25 -3 0 -20 -7 34 4 25 -15 11 -14 15 -4 26 -4 -10 0 9 20 -8 -6 -3 -2 -9
-11 2 -24 0 9 -18 17 -29 6 -7 18 -10 -17 6 9 -20 -23 -5 2 -22 -18 -1 -15 -27 5 -1 -4 7 -15 -23 -2 10 -21 13 17 4 5 -4 -13 13 1 8 3 6 0 -4 37 -9 4 4 -4 13 20
-28 -4 -10 7 -17 0 -7 -13 9 -12 0 -18 -9 21 -1 15 -1 -8 -2 -12 -6 -22 -7 8 -13 10 8 11 -3 11 -1 10 -1 -2 -19 -7 -19 2 4 -2 -6 -4 -14 -19 8 26 -13 28 -4 -19 23 7
6 14 -34 25 -11 13 23 -6 24 -10 1 8 7 0 4 -1 3 -8 6 -1 10 -13 -4 13 -1 21 -24 15 0 16 -6 -30 8 11 -9 1 -3 18 2 27 -5 29 31 -17 -11 -18 -12 -1 15 -4 11
-15 5 1 1 7 0 -8 9 -7 -9 -7 0 8 0 2 -15 0 9 -12 24 5 -6 -17 -27 -16 12 17 -8 -10 14 -16 17 -9 -8 -17 21 1 9 -14 7 8 7 -3 -8 13 -11 25 7 -10 10
9 4 23 18 8 -17 -17 -2 1 -6 5 21 -7 -13 0 17 19 -1 5 5 23 21 13 4 -5 8 13 35 -25 -7 -13 -1 11 -13 -1 -3 -13 -3 9 35 7 -6 -13 -1 -5 -6 2 9 -22
-10 17 -5 -4 14 -26 0 7 1 12 2 -8 -11 1 11 6 -2 -11 -1 2 5 -6 -21 -21 -6 -21 -7 7 40 10 2 22 -14 4 -12 -1 -25 -4 30 -9 11 34 2 22 6 -19 7 -11
-21 16 0 11 3 17 -7 9 6 1 8 17 10 9 -10 1 14 -3 28 8 3 -6 -11 18 -7 7 13 12 -11 21 13 24 -6 -13 -20 3 21 7 7 -3 10 -2 11 23 2 -25 -13
-21 -1 21 -28 9 9 15 1 -7 -7 5 9 14 12 15 -7 -5 -15 -26 12 -3 4 -18 2 -17 -6 -22 -27 -22 -11 -24 11 -17 -5 2 -26 5 -10 10 -1 3 17 4 -4 11 -5
-7 -4 9 7 -5 -26 8 13 3 8 -11 3 8 -19 -1 -4 -9 19 -10 -20 -6 11 46 -3 -6 -16 0 8 6 -8 -14 -11 -7 -8 11 28 -11 8 -9 -6 17 3 2 -6 2
-10 -6 28 13 -8 -8 -1 -12 -9 16 -8 0 18 -3 -2 1 4 0 5 -5 -4 -8 21 10 7 6 -13 -2 -1 3 -8 -4 0 -8 19 19 -1 6 -16 -11 10 -1 -12 -19
-12 16 3 10 26 -9 4 -7 9 14 11 4 10 -11 -19 -11 11 -24 24 -23 -7 -8 17 -10 -34 -5 -11 -4 -12 -1 -1 2 -22 9 1 10 13 2 12 -3 -4 -10 9
12 -19 -2 2 -11 1 2 -13 -33 14 -21 -10 -2 -4 -3 7 -16 7 -11 -8 2 -9 -10 31 7 -18 -7 20 24 6 3 17 -14 4 -8 14 -4 -1 -11 -10 2 22
-23 -6 5 15 2 7 8 -15 -3 2 -16 -15 -1 10 -6 -17 9 -7 -5 -16 15 8 -11 -21 -10 -8 10 -7 -8 0 -3 -24 -5 19 -5 -12 3 -6 -16 -2 15
3 -26 3 -23 -6 -2 22 10 3 -9 21 6 7 0 22 5 6 -10 8 17 -9 -20 -16 1 18 -3 -13 12 8 -6 16 -22 -22 -7 24 -6 0 -6 -12 -9
6 20 -12 -8 31 -6 -17 11 13 -8 -15 -14 8 9 -3 -15 -9 -12 0 6 -15 6 -13 17 16 3 -11 1 -2 -6 9 8 13 -4 0 20 -15 18 -3
5 -3 14 13 -6 0 -20 -7 1 -8 12 15 -13 -6 4 27 -1 -9 -10 9 -21 -12 -7 19 -1 -17 -6 -3 23 3 35 15 -5 -6 5 -17 1 -14
-15 8 13 -11 -13 -9 12 14 14 25 -12 0 -18 21 -13 14 3 4 -21 2 25 11 15 0 -1 -2 -21 -10 -23 5 -6 14 -5 -7 -10 8 -11
-2 6 -9 2 32 7 6 9 1 -2 -6 11 13 -17 -5 -6 -19 3 2 -1 -28 9 -4 -10 1 6 4 12 4 7 -16 13 -3 -12 6 0
-16 -20 2 -17 -1 20 12 -16 -14 20 -6 -10 25 -17 2 -23 18 10 15 22 -1 -8 -2 17 1 11 -4 17 1 -10 7 -3 -7 -15 -16
9 -21 1 34 3 -14 20 6 19 -7 1 -5 -5 -10 10 -49 -11 -12 13 19 9 -9 6 -11 -3 -1 11 16 2 -4 -3 -22 2 -16
-5 3 5 23 0 5 20 19 17 -10 11 11 5 1 -17 -4 5 17 -2 11 6 -22 -23 16 -1 -1 -6 8 -8 7 9 7 -2
9 5 -2 -30 3 16 -13 -6 11 10 -1 -9 -6 10 6 -27 -7 -2 -16 3 -16 -20 15 -4 -13 -10 6 -9 -8 -3 -3 -8
14 -5 -1 -7 19 10 -14 11 -23 5 7 -4 -1 9 -9 -1 -3 -24 1 5 -12 -14 -10 1 4 5 9 11 -12 -11 -2
15 1 23 -8 6 3 21 -17 2 3 -10 -21 3 -8 9 1 0 1 -6 -7 14 15 -2 -3 -6 -21 4 -3 -15 -21
16 4 5 11 8 6 -24 -2 9 -16 5 -5 5 1 6 2 13 -15 1 5 -4 10 -16 10 -10 -6 -7 -1 -31
19 -11 15 -1 27 -12 32 -4 8 14 5 24 3 3 10 -8 4 21 4 5 1 22 18 6 -19 -8 -14 -12
-3 21 -3 20 11 5 -19 21 -1 -7 20 0 12 -3 3 -9 4 1 15 -6 -10 3 -34 -12 -15 3 -14
18 -8 -14 14 1 13 -8 -23 -6 -4 13 11 -7 -17 -9 5 -3 -21 22 -5 -28 -9 -9 -1 -10 -14
-16 8 12 5 11 -8 -1 -17 -9 20 -1 21 14 10 -16 -3 -3 4 -7 -6 -2 -15 3 -6 -2
-31 3 -9 9 -7 4 -12 2 -14 9 -6 4 -3 -1 -11 27 -10 -13 12 -18 -4 -2 13 12
-5 12 12 -18 8 -10 0 -15 7 2 3 -15 9 -6 -12 -10 -3 29 -12 -4 18 -21 -16
-2 -13 -17 -4 -14 -14 16 -10 -7 -10 -12 2 22 -4 15 -4 2 4 -4 -1 -2 5
0 9 10 0 9 18 -16 19 1 -8 -20 22 -4 -17 19 23 -2 -4 9 6 1
-7 -8 -12 -3 -5 -15 7 -16 -10 -13 0 -11 6 9 5 9 -14 8 1 28
7 19 19 19 7 -2 -2 -8 -13 -15 10 1 0 8 3 7 -3 -5 5
2 10 -21 0 0 10 -13 4 7 18 3 16 5 -9 14 8 11 -3
33 18 -8 10 7 27 10 3 7 -5 7 -16 6 -17 3 9 -5
-11 -12 -15 1 7 19 -4 -16 -5 7 -14 -5 5 9 -1 -14
-3 5 0 4 -16 -4 -16 -3 4 -1 -19 15 -9 -13 -16
16 14 19 0 -14 21 29 -5 3 -17 -2 -16 -9 -18
16 7 -17 14 8 -15 4 -1 -13 -17 10 6 23
18 -7 2 -7 -8 -21 10 -4 -8 0 3 11
1 1 3 6 -11 -6 6 -25 7 -26 13
0 4 4 -5 -18 8 12 7 -8 -18
15 -9 16 -15 16 9 -1 0 -11
-16 -22 -9 -19 11 8 -6 -1
-1 -17 17 -14 -15 -4 -4
0 30 2 -24 17 -13
0 -14 4 -5 6
7 0 0 12
-5 -19 -10
-4 -3
15
