80
4 8 4 -4 17 11 0 -24 14 12 0 -20 6 -8 8 -3 -10 1 -9 6 13 12 -11 2 2 -6 -7 -8 -8 6 11 -18 1 4 -3 -12 -1 -7 -4 -10 -1 0 2 -20 -10 3 -7 14 20 -9 14 11 -19 15 -12 8 -11 17 -4 -1 -5 -12 19 -8 -12 3 -1 4 29 -2 15 2 -15 -5 6 15 7 5 9
-2 -7 9 10 12 -11 -10 -8 3 -19 8 7 2 6 11 -9 10 11 13 -25 10 -5 -8 9 -13 -3 -2 5 -9 -10 -7 -6 2 0 6 -10 10 -5 6 3 -3 13 7 0 -27 -8 -19 -6 9 -10 -4 1 -10 -21 7 -9 -6 -12 2 7 -3 -3 10 -14 -8 1 6 2 -21 -10 2 14 -5 -6 -7 -1 7 13
-2 7 10 -5 16 1 -22 4 -6 11 -11 11 -23 8 -25 12 10 -7 -12 6 -14 -13 -10 5 8 0 14 21 9 10 8 5 -17 -1 20 7 9 8 12 0 6 -19 -22 -16 -14 0 16 -1 -2 -4 4 -10 11 -19 -19 20 -2 4 3 14 10 -21 -16 9 -6 7 -8 -1 -14 -6 4 7 -4 -14 17 -29 -4
-23 13 -13 -9 -3 9 5 -13 -12 -15 -5 8 -1 38 -9 -4 17 -10 -3 -9 5 18 6 -1 -18 -6 0 1 -5 14 -5 -5 1 0 -3 -3 -3 -28 2 2 2 11 6 -10 7 -3 -6 -3 -12 12 17 10 10 0 0 14 -26 -29 -10 -31 -18 6 -4 2 11 1 -16 -1 2 -2 37 16 14 -12 -7 -20
-14 -11 2 -6 -20 1 5 24 5 20 -2 4 -4 -17 16 -9 -1 11 0 10 16 12 3 16 -4 2 -15 9 -22 -1 -3 2 -5 -6 7 -3 14 7 -11 -4 7 -10 -5 -5 13 -1 -5 -8 6 -10 -4 -23 -20 15 -13 -2 28 2 12 14 14 -9 -10 2 -13 5 17 -2 -5 -10 2 -4 6 -8 -6
-14 -3 -19 -6 22 2 -7 -12 13 -15 -2 -23 20 13 9 -16 0 -5 -12 -7 0 -4 3 37 8 10 3 -2 -3 4 0 14 -8 -5 13 -3 3 -8 2 7 5 1 -1 -9 -18 -7 -5 -6 0 25 14 3 6 14 -9 -5 1 -17 -22 5 18 7 18 13 -11 13 11 12 9 6 -18 3 18 16
7 3 -12 6 -4 -17 0 -7 8 2 -5 7 -5 17 6 0 2 12 -17 11 3 -5 -10 -3 4 6 6 -2 13 -6 9 26 7 -1 -2 11 -8 5 3 -17 -1 0 22 -18 5 -15 -3 -8 2 6 -9 -3 -9 8 -4 -18 17 -13 4 1 7 -9 -5 -24 4 -8 -11 -2 -9 17 -5 -4 6
15 -26 -18 14 -4 -8 -22 -3 5 -2 7 2 11 9 7 1 -2 -12 5 -24 14 8 8 -8 5 16 3 -24 -2 5 6 1 8 -1 5 27 -19 -12 5 -6 -2 8 1 0 -2 4 11 13 -9 3 -5 -10 -2 -8 -6 -7 2 9 -4 -11 -8 3 1 -21 -5 8 5 6 0 -11 -10 -9
-3 1 -11 10 -5 -21 18 -3 -16 -11 3 16 15 15 7 13 6 19 -14 -8 -17 0 10 -13 12 -9 -22 10 4 6 -8 1 -7 16 32 0 5 -4 -8 9 -5 -8 -9 -2 15 5 -5 -12 6 11 3 -4 0 14 0 6 -3 8 -8 -2 -12 -4 -16 -14 2 19 5 10 -1 9 -12
-2 2 -4 1 -12 4 9 19 -7 -10 -11 11 6 -5 -17 -2 1 7 3 -5 -4 11 1 -6 13 5 2 -14 -2 -8 4 -25 -4 9 9 -8 3 -10 5 6 -15 -2 14 -16 14 -12 8 12 11 20 -7 -7 18 0 -5 3 23 9 -16 1 -4 1 13 -26 -4 8 -10 12 31 -9
7 -2 1 22 -17 -8 -12 -8 -18 -1 -17 -10 7 10 1 14 -1 8 -5 10 15 1 -16 -19 -5 -16 -14 -1 -3 8 -4 11 9 0 -17 -10 2 17 -8 -9 -1 -14 -18 5 -9 5 -11 29 8 1 15 3 -19 13 -2 5 6 1 1 0 -8 -6 -13 -7 1 -13 7 20 3
7 6 -6 5 0 13 19 -4 -14 9 5 -2 17 -7 -1 13 3 0 -3 -10 7 -5 10 3 7 -8 -4 1 -5 12 -13 -9 -24 2 0 -2 3 8 3 12 15 -10 -3 -1 5 -6 -10 9 15 -11 -3 24 7 10 2 16 -24 14 17 -2 6 -16 -13 -6 -6 3 6 -15
6 -11 11 -6 -3 -5 8 8 1 -2 -5 17 3 -12 0 6 -7 9 -10 4 -25 -2 -5 25 -8 -10 6 -14 3 1 9 -17 2 -12 6 22 -14 11 -3 4 7 -19 -13 2 -1 -6 -6 13 29 14 16 16 -10 9 10 -13 -1 13 -8 10 12 9 -9 -15 12 -9 -1
-8 19 -1 2 -3 -7 7 -6 14 13 3 24 22 -6 1 6 -11 -8 -14 -7 11 0 0 -21 -4 -11 -18 -6 15 -7 14 0 6 10 -19 2 3 -7 5 20 -20 5 8 5 -12 23 22 -1 -16 5 3 -19 -17 18 -26 15 -9 6 -4 6 -20 -5 -15 -7 11 -18
-22 12 -1 12 13 -25 -26 -28 1 -17 2 4 19 1 20 -3 12 5 -29 -21 1 -23 9 4 13 18 8 1 -18 5 -18 10 -17 -7 -12 -10 -4 -18 -3 -20 8 -7 -7 -7 2 2 14 5 -28 -14 -14 -5 -6 10 -18 0 3 7 21 -21 -4 11 17 -5 6
-27 -3 -1 -1 6 24 2 -1 25 19 -2 -6 -5 -14 -24 -8 7 -4 10 4 2 15 5 0 -19 -28 23 15 9 14 9 8 23 4 12 5 12 21 -17 -16 7 15 -8 -10 -1 -6 0 4 -30 -8 -10 12 -5 11 3 4 -7 -2 9 9 0 -25 16 -29
13 0 20 -16 -3 11 3 -29 0 -4 -5 -13 -4 3 17 1 -9 0 -13 -2 -13 12 5 -10 19 11 -3 0 -16 -14 -15 -3 6 -15 -13 -7 7 4 13 5 -2 16 -6 -2 -8 2 2 7 2 -11 0 -2 -5 1 -6 3 10 2 -10 11 3 -8 15
18 -8 -10 9 -14 16 10 3 -2 -4 -10 -11 0 -1 8 -3 -6 5 -3 -11 -8 -6 -8 -11 5 -13 10 3 17 0 -14 0 -10 2 -8 11 12 6 10 -12 -17 7 7 -15 -6 2 -4 7 -4 -6 -9 -10 -5 -17 26 -6 17 -7 0 -1 -9 -22
-2 5 12 -9 13 -21 -14 -3 11 -5 25 -6 4 7 4 -9 -10 -9 10 -8 -8 -12 8 -6 -27 12 3 12 10 -10 -1 -9 5 0 16 -29 8 11 5 -27 -8 12 -18 9 11 -6 4 11 3 -5 15 9 -15 -3 16 11 2 0 9 9 -1
-5 -8 14 -18 -14 1 2 -3 -26 1 -9 -5 -3 2 15 0 7 2 29 13 -10 5 2 -4 14 -13 -12 -13 -7 10 4 5 12 2 0 9 -7 0 -3 -6 10 14 3 7 -3 -3 3 -9 2 3 -2 14 -10 19 13 5 9 -13 2 27
-11 -2 2 16 4 1 1 3 2 12 -4 -26 19 0 -15 -4 -26 8 -6 -3 -7 6 11 19 15 7 -11 4 -6 11 -2 -2 16 3 -8 7 4 -7 19 8 -3 -1 -19 10 -6 15 5 -5 12 -7 14 0 15 27 3 -1 -28 15 11
-6 -7 12 -20 -3 -2 -10 -26 16 -5 12 17 -14 32 4 5 -15 5 2 13 -3 10 -7 2 16 5 14 24 -24 14 12 9 -9 -15 9 -19 -6 -5 2 -9 13 23 -7 26 -1 8 -21 -1 12 -6 -13 -2 9 15 9 -13 -9 -8
-4 -7 5 9 -14 4 5 7 2 -8 -15 29 -16 27 7 18 -19 0 2 -12 4 -4 10 -20 -20 -20 16 0 20 2 -24 26 6 -9 17 10 1 -11 12 -27 6 14 11 -19 6 -20 -15 -4 -1 -15 -7 13 8 -1 13 -4 7
-2 16 1 -5 4 3 7 -6 9 17 -18 -16 4 -1 -12 -5 9 9 30 -9 0 6 27 11 -6 -16 7 3 -12 10 6 4 -3 2 -20 26 -15 16 14 0 19 1 4 16 5 0 26 8 5 -14 -4 9 1 1 1 -24
16 -5 9 -1 -17 1 -20 -11 -4 -6 24 17 13 6 15 -12 12 9 -7 7 0 2 -9 14 5 -4 17 -8 0 2 -11 -1 4 0 16 7 12 6 20 -1 3 -13 -2 -5 6 -7 4 0 -18 -3 -15 -16 -1 -8 -12
-4 -17 -8 -2 -10 -11 -5 -6 11 2 14 16 -11 -5 -7 -4 32 0 8 4 10 -2 -12 -8 -1 1 12 16 -9 -1 -10 25 -6 12 -24 21 -8 3 -14 -15 -11 0 -3 26 -3 -2 -17 1 -15 -1 5 -2 -3 -25
14 -3 22 -16 10 11 -5 -8 2 -15 1 -12 -6 1 -16 17 -16 10 15 8 9 1 18 -21 -9 4 9 -13 8 3 -5 16 5 7 -4 -5 -10 1 19 10 9 -9 -9 -28 -4 -2 -10 -8 5 2 4 4 -25
-15 14 -15 -2 9 8 -6 7 -9 -20 0 16 1 14 8 -21 2 8 -7 -6 21 17 -10 12 25 -5 -13 11 -10 7 16 16 5 -7 17 8 7 13 0 0 -4 -6 -3 9 15 -16 -6 -8 -12 9 10 1
14 4 -12 -14 1 -5 1 -1 5 0 7 14 -2 -17 17 6 6 2 -10 3 -13 -12 2 -15 -14 -10 4 -11 -10 -1 -13 -9 7 2 -19 1 11 4 -10 15 -16 -8 -8 8 13 -22 -14 -20 7 17 -14
-3 -5 1 1 -10 -18 -10 15 -11 -1 -1 9 2 -15 7 13 9 22 -11 -7 -2 9 -1 5 -1 32 13 21 9 16 -2 11 7 -15 -18 1 19 4 -10 -19 -16 1 8 20 -15 -12 -24 -6 17 -15
3 -7 18 -3 -1 10 -7 12 18 18 20 -14 -15 2 9 6 3 14 -6 7 -2 -11 -13 31 3 10 -16 16 7 1 14 8 -17 19 -3 1 2 -5 -17 -2 -5 9 -6 15 12 5 0 -23 6
11 -13 7 -9 -10 5 -24 -15 6 -15 1 6 3 -16 -9 -14 4 2 -24 -1 -6 3 7 8 3 6 10 -5 -14 -18 -13 -10 -21 4 1 -11 17 -5 -7 -9 6 -17 19 -5 8 13 15 13
-12 -3 19 -15 17 -11 4 14 0 15 -12 -17 -7 8 19 -15 18 5 -1 9 0 -8 16 5 -5 5 -17 -11 2 21 8 -21 16 -5 1 -1 8 0 -13 -7 -9 2 -12 7 -5 -8 -3
-2 -7 2 6 3 10 12 -10 8 0 -1 12 -3 14 14 -3 1 -9 6 21 6 12 -16 0 -7 6 -18 -22 13 11 7 2 22 2 9 8 0 -4 -1 7 7 7 4 -18 -2 -9
15 -3 3 9 0 4 -2 0 5 -4 -3 -18 -12 -10 6 24 -2 0 6 1 1 -14 10 0 -1 4 -23 -21 4 5 -6 -23 -15 -2 -3 2 13 0 -9 10 9 -5 4 1 4
-5 3 -1 19 7 2 -9 -8 8 4 12 13 -8 18 -12 7 8 -7 -21 -7 20 -16 -19 -11 2 -2 -8 15 -7 34 -19 4 1 -11 -22 -2 17 -8 -14 -12 -1 -1 -6 0
15 3 10 -8 6 -20 -11 -20 21 -12 -17 -6 -5 -12 17 17 -9 27 -4 13 -2 -13 14 -6 21 -3 33 10 10 -9 18 -7 -1 -2 3 -14 -10 5 2 -21 16 -14 -2
-20 -6 0 -9 8 -5 1 4 -4 1 -8 -4 -8 12 -7 3 -16 15 -22 9 -8 -7 -18 10 2 11 -35 -1 3 -5 6 1 11 -8 -26 12 -10 2 2 9 -23 1
10 3 9 -2 -6 16 -15 -12 -22 8 20 5 -2 -8 -37 16 4 -9 6 3 -4 9 8 -7 -1 6 3 5 16 11 -14 -23 4 5 7 10 0 0 -7 -9 1
-8 22 -9 -11 -10 -2 8 -18 24 4 -5 4 3 6 -3 13 4 -17 -1 -2 5 12 5 2 0 11 -10 8 -16 -2 0 15 -1 -4 8 -10 6 2 7 -12
-7 10 -3 -3 -11 17 -8 -6 15 -1 -4 2 -16 12 4 -15 -1 -2 6 -13 7 10 -18 10 -1 -1 -4 17 -23 -8 -7 -9 1 -3 1 -9 21 -8 12
-3 -16 -11 -12 -6 -9 -17 7 7 22 8 -9 13 -1 1 -7 1 7 21 16 17 22 4 12 2 0 -19 -3 14 1 -2 18 10 -19 15 -3 -1 10
-1 13 -2 17 -9 14 -11 9 -17 11 33 -12 11 -17 22 3 0 -6 16 16 1 -21 -14 11 19 9 13 4 -1 2 9 6 10 11 -3 8 -18
-10 -23 -20 -18 0 0 7 0 -12 17 5 -23 -17 -7 13 -1 -13 -7 -9 -22 -13 -1 11 -6 -14 -4 8 -14 -7 6 -8 17 0 -11 2 -8
7 0 -6 -6 -11 -4 -33 -16 13 -7 -7 2 8 6 -1 3 0 -3 -23 3 0 -3 -15 4 -6 -19 5 -3 -11 -3 18 -11 -10 19 6
9 21 3 -5 8 -4 14 0 -4 9 17 11 1 8 -15 7 -3 -9 12 4 -6 15 17 -11 -5 -5 -11 -7 9 -3 4 7 3 5
3 14 -8 15 12 5 4 5 -2 6 19 -29 10 6 9 17 -12 6 6 -9 8 -3 8 10 10 10 -1 -7 -9 -1 -14 -4 -11
-3 5 1 -10 1 3 -9 3 29 20 -1 -19 2 6 -2 9 9 -15 13 -2 8 -4 9 -11 3 3 -15 -19 -8 -14 9 -5
-3 6 -10 4 -11 4 -14 -14 9 11 -14 -9 9 10 -6 12 11 3 14 6 -3 23 -4 20 -8 5 3 -3 -8 -2 -17
-21 12 23 -21 11 6 -14 0 34 9 21 -6 -8 31 -15 18 6 6 -8 -13 -12 2 -6 -27 -4 -14 -6 3 -11 -2
4 12 27 14 -25 -20 20 -5 -3 13 12 1 -6 25 -8 -16 8 2 7 20 -14 6 11 -5 -8 2 -16 -15 9
8 -16 12 17 5 13 -12 19 -4 21 0 15 0 11 -3 3 -13 -6 10 4 1 8 1 -11 3 -1 5 8
-11 6 6 2 9 10 3 11 -3 18 31 0 8 -5 10 6 13 6 11 -8 0 -1 -7 -3 0 11 18
-31 -2 -4 0 -3 4 -3 -24 -4 -1 -19 -6 -4 -9 -6 18 -1 -6 -7 13 -6 -3 -3 -5 6 -26
-4 7 11 17 26 -5 5 -8 2 18 3 -6 14 -7 -25 2 6 12 -21 26 3 3 0 -7 4
0 10 8 7 -15 -10 7 -13 -22 -5 -5 -5 1 -9 -16 9 -6 1 15 -6 -3 16 21 -3
-13 -21 3 11 -14 -5 -2 10 -4 -6 4 -7 9 -21 13 4 -9 13 -1 -2 10 25 4
-6 14 0 10 -6 -5 -4 -11 -3 10 3 0 26 -13 0 12 5 -15 2 0 18 4
13 -6 -5 19 3 -7 8 9 -11 2 -13 -9 3 -14 -30 -14 -5 -7 11 7 1
7 -17 0 4 -4 -1 -3 16 -18 -4 10 14 -4 -12 5 -2 -8 13 2 -18
-7 1 21 6 -12 4 0 -7 8 6 18 28 17 -2 -5 6 -1 0 19
12 6 16 -11 12 22 -8 -10 -1 -17 -5 12 -15 -13 -7 -1 -3 14
10 -2 -11 19 2 7 -5 24 7 -5 1 -2 -11 0 -7 5 4
-6 7 3 10 -5 16 6 13 13 -21 -13 -19 -5 5 -11 -8
8 -16 -2 1 -5 10 7 -3 -14 -4 11 -10 9 -3 27
-4 4 -10 -12 -7 -2 11 -10 3 8 3 4 0 -4
14 -6 6 -3 2 13 19 6 13 2 -3 13 0
-20 -14 20 -7 6 14 15 14 11 6 -3 -18
-3 -2 16 17 0 0 -5 0 8 4 17
-4 18 -25 -4 -20 4 1 -11 6 10
14 -6 11 9 13 24 4 0 3
3 -20 -3 34 -3 -5 9 16
2 -5 0 -8 -3 7 -15
13 -5 23 -13 -10 23
13 23 -10 11 7
20 3 -12 3
0 -10 11
2 8
2
