40
14 -6 11 -10 -7 -9 4 -12 -3 6 4 7 -8 -16 1 5 -4 2 4 -18 -11 -5 0 -1 14 -10 19 -10 18 27 -7 -39 -10 -17 14 3 24 -9 15
18 13 17 2 7 -6 17 9 22 2 13 -11 26 4 0 2 15 -15 -7 9 -9 -12 18 5 35 38 -11 21 -9 3 -8 -1 -19 -15 -19 7 35 16
-28 -28 7 -20 -5 -18 -1 8 -22 -2 -1 2 0 12 11 2 12 24 20 6 12 -3 -11 6 -2 -8 -22 28 4 38 23 21 -17 -10 31 -6 -27
14 7 8 23 21 -15 10 -5 6 21 8 -12 -1 -16 23 21 7 2 0 2 -16 -7 15 11 -1 3 -26 -22 -29 -13 1 -19 2 -24 14 5
0 37 -8 -11 26 17 3 -14 -3 -31 -18 38 2 -2 -23 -18 10 -1 0 -7 0 18 -13 13 -13 5 -7 -20 -8 -16 2 -4 -23 -21 9
-3 -12 28 11 -4 -5 32 -14 2 -19 -20 3 8 22 0 -1 33 -11 -32 23 -22 14 23 -13 -9 4 3 10 14 -9 -23 -22 -8 15
-22 -15 10 12 -20 -15 -39 -6 2 18 7 29 -15 -1 4 -35 -6 -10 15 13 -11 0 -7 1 11 -6 -16 -16 10 5 -28 -22 4
18 14 -1 -27 18 43 43 -18 -19 -26 -44 9 -33 17 2 6 11 -15 -13 1 -40 -19 -1 1 3 3 -18 15 8 -1 12 -32
-2 22 -3 15 12 16 -4 -12 -24 19 24 -7 13 15 -25 28 -7 2 15 11 9 -51 8 15 -16 -18 -12 -7 -24 45 -9
-13 -20 29 -6 9 -19 -10 -1 7 -16 2 -9 -9 16 -19 -3 -9 3 1 -3 24 20 -10 -29 -18 23 -25 9 -16 -29
-20 8 -11 -10 16 14 14 10 7 13 25 -3 -21 19 5 31 -5 1 8 -24 23 -4 -8 -3 -10 -29 -23 -18 -24
-19 5 -14 10 15 -7 -1 -25 -1 -8 6 -7 13 -15 -6 13 15 19 0 -17 5 -7 -5 6 -22 32 21 26
-13 28 25 -47 -16 -17 26 -21 24 0 9 -23 27 20 38 -3 -2 5 28 -13 -6 -27 20 -22 -5 29 -13
2 -9 21 -24 -26 7 -6 -20 10 26 11 -6 14 -7 -43 4 3 6 11 4 -6 5 14 -9 7 1
17 -35 -8 -11 3 -18 -7 -15 -1 7 7 -16 28 -41 -10 -21 14 5 -12 -3 1 -6 7 24 -17
-21 12 16 25 11 22 -13 -7 0 27 28 10 5 23 -13 28 -2 -4 -12 10 -17 -1 3 1
-6 10 -16 -8 -13 2 7 27 -3 4 -4 3 7 -1 -16 8 -17 9 -26 11 11 -29 0
8 23 5 -1 4 17 -19 23 12 -2 10 4 -1 0 7 19 13 7 16 12 -26 -28
2 28 2 3 -19 -6 11 -7 -13 9 1 -14 6 -23 -17 14 -16 -26 22 -15 16
-11 32 14 3 -18 27 19 25 11 -19 -20 -3 5 -1 -20 -9 5 3 12 -17
-4 -4 21 1 -18 -7 -19 31 26 16 -1 7 -11 47 -3 -19 -19 -10 -8
16 -9 -10 -9 15 0 27 -9 -1 -4 -1 17 -38 -1 -23 8 20 -23
22 -15 20 -15 8 9 0 -8 -28 7 28 5 1 -23 -7 2 15
-10 25 -9 8 -16 3 42 -13 1 5 3 15 13 -12 2 -9
-1 -3 15 -23 11 -4 2 11 -11 -6 -20 -3 9 18 -19
17 28 -11 -10 24 5 -32 -13 -13 -1 -5 -12 -20 7
18 -2 8 -12 17 19 -11 -33 -1 3 -21 32 -11
-2 7 -3 -24 -18 -16 -42 -17 1 -2 28 -3
16 -15 -36 -7 0 19 -7 -18 -22 -1 1
-15 13 -16 -4 4 10 -6 -18 13 20
5 -8 4 -10 16 1 19 -28 0
26 -19 -6 30 -9 6 -9 -11
3 10 -3 20 0 30 -27
17 22 15 -4 3 16
-1 2 -2 -23 -4
-12 2 3 -7
-13 12 1
-3 -10
0
