60
13 28 -6 -4 -16 -15 -12 -12 -6 6 -4 16 1 -33 -16 -12 -9 20 -10 -6 -6 15 -11 -6 3 2 -9 -12 -11 13 2 -27 13 14 -13 2 1 12 -22 4 14 4 -3 -14 17 -23 0 3 -15 -6 -28 5 -33 -25 -5 -4 12 -4 -7
-17 19 -9 -13 8 16 2 -9 10 -8 10 0 -10 2 -3 21 -28 20 -20 -28 6 -28 20 -10 6 -2 24 -2 12 8 -9 -13 11 8 -7 -7 -3 19 -26 3 -11 -6 -15 2 6 -2 16 -1 -11 -3 6 9 7 -12 -19 19 -3 0
-18 -1 -9 -10 -7 11 -13 -1 -18 19 23 -1 -12 -20 -11 1 -8 -12 -9 11 -7 -8 28 -12 7 -22 8 6 -15 -35 4 -3 -10 9 22 19 -1 -2 0 -9 4 3 -1 -6 -13 -15 -7 7 -16 7 -3 -5 2 8 7 -6 -4
-3 5 -30 -16 20 5 -21 -4 -22 9 3 32 19 3 12 9 1 9 -2 23 -10 -9 3 19 4 -18 4 2 14 24 19 -10 -10 -21 12 5 14 -8 -16 8 -15 14 -8 -19 7 -1 21 -13 -4 -2 7 -2 -3 1 -23 -23
-15 -9 -11 -22 18 11 -1 -31 -11 -4 16 11 -16 16 13 10 -8 -4 16 -10 -5 -5 -10 7 -21 -5 -14 -12 -15 -9 -23 28 14 -22 -15 -5 -14 -11 -11 8 0 6 -15 -6 -12 2 16 1 4 25 15 -20 -7 7 -4
-2 -5 13 8 17 -10 -8 23 16 9 -24 -12 12 16 2 0 -13 -7 -6 21 12 23 -24 6 -1 -15 -2 1 1 17 -3 -10 -4 -4 8 14 -16 17 -3 5 -8 25 17 -12 11 4 -4 17 7 -10 5 -5 -11 -13
11 22 -14 -8 -21 10 -4 9 -15 -9 13 -5 -1 7 -14 13 -10 14 -17 -9 1 -16 10 -2 -23 11 -8 -2 8 14 10 -6 6 -11 11 7 -3 8 -15 25 22 -17 16 2 23 -6 8 6 -3 -7 10 20 15
23 13 -3 -6 18 -10 -19 -12 -16 12 -7 1 24 -16 0 -30 5 -17 -7 -24 32 -4 14 -9 2 -21 -6 -31 -5 -24 4 9 -12 -3 17 9 11 7 -8 8 9 3 -9 14 11 5 -12 -11 12 -6 21 32
-13 -15 -15 12 -12 6 -3 -6 5 14 -3 -2 -15 -8 -17 -12 16 -5 11 0 -9 11 -11 10 19 -23 -18 -3 -12 12 17 6 8 15 18 3 -16 5 -9 12 14 28 -18 3 9 3 -16 14 18 19 -13
-6 8 -7 -11 0 13 21 -12 15 6 9 0 23 1 -17 0 -21 -4 4 -15 -2 3 -19 1 5 -15 -18 4 5 -24 7 -4 -5 7 -12 6 -5 22 -3 -21 -18 10 19 -4 -4 4 -5 -19 4 12
-10 5 5 -7 14 -21 34 4 -11 8 -12 12 -6 20 1 3 -6 0 -7 -19 -12 -6 -7 6 5 -1 -23 -7 -1 -13 2 4 -1 3 -12 0 -1 3 -6 -40 2 -9 18 -8 2 -17 1 6 10
6 -4 8 -14 9 -20 -10 -10 1 1 -3 -5 -5 4 23 22 16 2 -3 38 -2 -15 -29 -4 1 5 -27 -8 3 0 9 2 -2 -10 -14 -1 4 1 10 -18 16 -22 7 -4 -8 -16 -6 -1
-8 -29 -5 -41 11 -13 -13 11 3 -8 -18 -7 9 4 -9 4 21 2 -9 -4 -1 -13 -9 9 10 18 24 -8 19 -10 0 -7 -14 4 -4 -2 -8 -25 2 -5 -4 -26 -10 1 -4 -20 7
16 25 12 17 -9 14 -13 2 6 -1 8 -3 10 4 -21 27 -19 -35 2 -5 10 0 5 5 -4 11 -11 -4 -7 13 4 10 11 15 -6 -21 4 -8 -29 14 23 2 -2 -25 -28 0
-2 4 -2 16 17 -28 17 3 22 21 28 -6 10 -3 12 1 6 -3 6 6 5 -2 15 -6 15 12 -20 -8 0 5 -3 15 13 -16 12 18 6 -17 19 10 -19 6 -5 5 -14
13 18 -2 11 -2 22 8 22 -8 -6 -16 -7 13 8 -30 -21 9 16 3 -3 8 -22 6 4 6 -18 -23 -13 -18 -5 15 7 8 -15 1 3 -30 19 7 -11 -5 10 -29 8
11 -9 15 -1 1 18 27 12 -20 6 3 19 -27 1 13 4 17 -3 4 -13 14 1 -2 17 7 -1 0 -2 16 9 3 -1 -18 12 -2 1 -4 -5 19 -9 -18 -3 -12
-10 3 12 -19 20 3 14 -5 -1 -6 3 0 -9 -4 15 25 19 -1 0 -17 19 14 -25 1 6 -4 11 7 6 9 1 7 -30 13 -22 5 -5 17 -27 6 -3 11
9 7 21 -8 10 -17 4 2 -17 -33 -23 1 -7 -11 23 25 -25 -14 -8 3 -24 4 1 -3 5 14 2 -7 -5 -2 14 22 -6 -5 -13 -5 4 13 -4 2 3
-5 -19 18 -2 -1 9 -2 17 1 -6 10 -9 6 -18 7 -2 -10 8 -6 17 -1 1 -17 0 7 22 -2 10 -26 9 5 10 -1 -1 -9 24 -2 -7 -21 2
-8 18 14 6 -1 -1 9 18 -1 -21 -11 12 8 7 -16 10 -18 -4 -3 13 16 -2 24 5 -3 -11 -1 2 -1 -27 -6 6 -6 -14 28 -4 -29 15 10
-11 4 8 -7 -4 -20 -9 16 -18 -15 -11 25 4 27 -10 0 -12 -19 8 -10 -11 4 -25 0 12 -19 -13 0 12 0 -20 24 -2 -16 -14 5 -17 -12
-3 23 -4 -1 -1 2 -4 6 -6 21 -3 6 5 -8 -4 9 -6 12 1 16 -6 19 22 -16 14 -18 0 -31 -19 -2 15 -28 34 -25 0 11 3
8 -2 -6 -1 -12 -17 -13 6 21 11 3 -1 9 -1 25 7 17 -4 -13 -11 6 23 31 -5 -11 5 16 -1 -14 -6 -2 5 1 -7 -21 -7
5 -13 -7 12 -1 -7 -7 11 1 -15 15 -6 -14 -18 10 6 22 -3 -2 23 2 2 4 -7 -3 -11 0 7 17 -5 3 -9 -4 21 -18
-1 27 2 19 12 -9 -9 2 -7 -5 -7 -5 -2 10 -2 1 -7 17 -2 -13 -6 19 14 1 0 -24 23 -2 -19 1 -3 -2 -13 -1
4 -5 -4 5 5 11 -2 14 -6 18 -2 -23 0 10 5 18 23 -7 4 2 -5 7 5 3 -4 -15 -9 18 19 -34 1 -28 -21
-18 21 15 12 8 -1 1 7 3 9 -14 23 2 10 -3 27 -26 -9 -3 2 0 14 18 8 12 -12 14 6 2 -14 -1 -9
-1 -7 8 -4 -8 -27 5 5 -14 -9 16 9 0 14 16 2 -6 -22 1 12 -6 -18 -1 -4 15 -30 -5 -1 -15 22 22
-10 -16 12 -3 4 13 5 19 -11 28 -22 -14 -4 7 -9 -18 17 -4 1 2 -9 -1 -8 26 14 0 4 -18 3 12
12 -5 -16 5 -20 6 17 1 12 -14 2 8 0 14 -9 -24 29 34 -9 18 4 21 -2 -14 12 5 3 10 3
-6 5 -5 11 10 4 19 -1 -10 -3 7 -12 -5 14 -23 0 16 -3 4 -6 26 -28 -15 -15 -1 13 -7 -14
-6 3 -4 -15 -20 19 16 20 9 31 -2 22 22 3 2 3 30 -13 -19 -9 14 -9 28 2 -6 1 -5
10 5 -11 -2 10 -2 22 10 -12 0 -1 -8 0 -2 -3 -25 0 -8 -3 -16 -6 -8 -7 5 -3 -19
-10 -13 6 14 2 -9 -33 -5 7 -5 6 11 12 -4 -3 -9 -3 -7 10 7 24 -10 6 0 5
-10 -3 11 -7 20 13 -6 -12 -6 4 -5 -14 -14 13 9 -9 -10 27 -8 -6 -9 16 -7 -5
6 4 19 -13 4 -14 8 -9 -10 -6 7 0 -3 7 7 -12 0 18 11 -5 -4 -10 -13
6 7 4 -3 -25 8 8 -17 22 -7 -20 -7 1 6 -12 2 12 8 10 -11 -2 -9
9 16 -1 -18 -9 13 33 -8 5 2 -3 -6 -28 0 -10 -30 7 10 10 -14 5
-23 -11 -17 12 -4 -18 2 -1 0 -12 -13 14 -7 2 -7 12 -4 -22 -5 23
25 -3 -8 -1 7 -16 -4 -21 5 10 -25 -15 -17 -11 -3 26 0 -4 -28
14 11 20 -4 -14 -3 13 2 -10 -4 7 -2 -15 9 0 -19 6 -11
4 20 11 -8 1 20 17 -10 12 -14 20 -12 0 -18 -13 34 16
-2 -27 -3 -3 -1 14 -7 1 3 9 -3 17 -15 8 -4 20
-2 -1 13 8 -3 -7 -7 -7 10 -2 30 5 -4 29 23
-10 3 -16 4 9 -25 -3 -13 -10 12 -9 -6 -15 -15
-10 -3 -9 -12 20 -17 27 36 -12 -8 13 -6 -3
16 -32 -7 5 18 -6 -10 10 10 -8 6 15
-22 -3 -10 6 15 -3 -21 -16 -9 16 9
24 -2 -16 16 7 -3 18 19 -5 10
-16 -5 -12 30 -12 23 17 3 -21
-15 4 8 -18 -3 -13 0 29
-25 -16 10 6 -1 8 0
3 -3 -14 1 17 1
4 -1 6 12 -20
-15 -10 14 2
-14 14 -3
-8 -11
-2
