80
0 3 13 4 11 12 1 -26 24 1 -12 3 -6 17 -7 5 3 -22 -16 -5 15 0 3 -4 -5 3 -6 -13 -4 -3 9 -8 7 9 -8 -9 15 -6 12 -1 -7 5 -1 -8 -9 12 14 -11 7 -4 -1 -5 7 -2 4 8 2 3 10 10 -32 -4 11 16 -12 -2 4 13 -8 3 4 -5 -2 19 4 -3 -5 -7 27
9 -4 9 -16 3 -2 -8 -17 -2 0 -16 10 2 11 5 -9 -5 -9 7 -7 2 11 8 12 -9 9 0 6 -7 10 15 -4 -1 13 3 11 28 -7 -14 -4 5 -3 6 4 -3 14 -7 -19 0 7 -17 0 12 -35 -6 -15 7 9 -1 8 -4 17 27 11 -6 9 6 -11 -1 8 9 7 -7 -21 -8 -2 -3 -2
-5 -7 -6 26 11 15 5 -8 -1 26 -2 -9 -9 7 -8 -13 -7 -10 -1 -7 -8 -11 5 -12 -16 4 -3 -14 -7 -14 -7 -11 4 -13 -4 -11 31 3 -2 -19 -4 -10 -8 0 -3 10 5 -8 -15 0 12 0 19 1 -21 7 26 8 5 -15 -2 -10 -13 27 -9 3 19 3 -7 -16 9 -9 12 -6 -14 -9 -12
9 22 13 0 0 -11 -4 3 -10 5 -5 -1 -2 16 18 8 -10 -15 3 -2 22 9 -7 8 -1 -3 -6 9 12 -6 4 6 4 -6 0 1 -10 14 22 3 1 -14 -13 16 -23 -2 5 -12 11 -2 0 12 8 12 -9 9 8 -15 13 22 10 27 17 -5 0 -4 14 -4 -11 6 2 -3 29 3 -12 11
-13 -29 2 -7 2 -15 4 -2 -13 3 -10 11 5 14 -2 12 2 0 6 -11 -6 11 -16 -1 5 5 -4 24 1 -16 -17 6 1 -4 0 -9 -2 3 0 20 11 -5 7 -22 13 -4 -1 -14 -7 -10 -11 -14 -7 -1 7 9 -13 20 19 -6 12 -2 -9 -4 -22 7 4 -18 6 1 19 -6 3 4 8
10 -16 15 8 14 -5 3 6 4 -1 -8 -11 -1 -4 -13 6 7 -7 -14 10 6 9 8 4 -2 -9 -7 -10 13 3 -10 -20 -1 0 12 17 10 -18 -24 9 3 0 6 -1 11 7 19 -5 -6 10 6 6 -6 0 11 -17 13 7 -4 5 -3 -18 12 -9 9 -8 8 -2 2 -11 0 -1 -3 1
1 19 1 10 -3 6 7 7 2 6 -14 -27 -2 2 14 -20 0 -9 -12 16 17 16 -19 -3 1 7 4 -10 11 -4 3 2 5 -2 1 17 4 -7 -14 0 27 -2 -4 2 2 11 16 -7 4 1 -15 -7 13 1 -9 5 3 -5 -9 11 1 -7 20 0 1 -23 -5 -7 -27 -6 0 8 -11
-4 -4 -1 8 18 2 -22 -5 4 19 13 10 -18 2 7 -1 -2 15 4 -2 14 19 -10 4 5 -11 8 -17 -7 4 7 -10 -15 7 -17 22 9 -9 9 10 0 9 -19 -11 22 0 17 -18 1 6 -2 3 -12 18 -15 -9 -17 -7 0 26 -3 0 -4 6 0 13 -3 3 8 7 -3 -1
8 -7 -11 -2 -9 -12 -1 0 2 -8 -1 0 -1 -7 8 -24 -1 -21 4 21 2 4 -18 3 -1 -6 2 -4 6 -8 -4 12 -5 13 16 3 4 -2 14 -1 -10 -10 -9 15 -10 -20 1 -4 0 4 -11 -5 15 -19 -1 -6 4 14 -17 -12 11 -20 -3 9 -10 7 -11 -1 -8 -4 -31
-3 -5 4 -15 13 -2 -9 8 -14 -14 -16 10 7 14 -1 10 15 -30 -3 -9 -16 -4 -1 1 -18 -8 -10 10 9 -11 15 -13 2 -9 1 20 5 22 4 -4 -5 0 -4 -4 -13 9 -5 18 1 -4 8 4 2 -11 7 -9 -10 -7 -3 -1 -6 -3 -24 16 2 5 -2 15 -6 6
-2 -4 9 2 -10 -18 -21 8 3 11 18 6 -33 25 -2 5 -4 18 0 -1 12 -8 1 5 18 14 -15 4 2 -9 20 -6 -17 -3 -12 16 15 15 0 -4 -10 23 -1 -9 -7 -2 -12 11 -5 -18 9 10 -16 -15 -11 -26 0 5 15 -2 -24 4 -1 6 3 4 12 -8 11
-10 1 1 14 9 -9 20 6 -9 9 7 -3 15 12 -7 2 2 -16 -2 -13 3 2 -3 20 6 -6 6 -11 -3 10 19 -12 26 -31 -12 3 -1 1 -3 10 -2 3 -16 -2 -10 -1 -12 15 -22 18 3 -10 -30 6 2 11 -4 2 -1 -20 1 -5 -11 13 -4 -6 -20 -7
9 7 -4 -8 21 14 4 -14 -2 2 -14 -8 -14 -9 -12 0 21 -7 -3 -3 5 -5 -1 -12 4 5 11 3 -7 -22 -12 -11 11 0 -16 24 14 1 17 -15 -8 -2 -8 -26 -24 -5 -4 13 -22 -6 4 -15 -14 -6 7 -6 -3 7 2 -11 11 0 -2 4 6 -1 -8
0 6 -21 24 0 1 -2 -8 10 -14 16 -4 -10 13 -11 -14 18 -7 12 -3 -2 3 -3 -16 15 10 -8 14 4 21 -10 4 -2 -3 30 -12 4 16 -8 0 14 2 -9 11 -17 -30 -13 -4 7 6 -2 1 10 3 -19 6 12 5 -8 15 -28 -5 13 11 7 16
-5 -4 -2 4 -10 6 12 4 10 -8 -3 17 4 6 -3 1 19 -16 -8 -8 8 4 -11 1 6 -17 -9 4 -6 -13 2 5 8 -3 14 1 28 -9 19 21 -2 0 -10 14 -3 -15 -16 24 1 7 -15 -13 9 5 -2 15 -13 -12 -15 5 2 10 5 -10 4
5 7 -11 -8 7 5 -1 14 2 -7 17 26 3 3 -14 3 3 2 -1 -7 11 -14 10 -4 1 0 16 -3 -17 15 -1 21 20 -20 -13 -3 -14 3 -16 -6 -7 3 3 3 -5 -17 -3 -3 8 4 8 -6 -2 10 17 0 0 3 13 -22 0 6 13 7
-10 -10 -8 -8 15 -18 21 -4 7 -13 7 9 6 7 -5 -12 -6 12 -8 -3 5 -17 1 -19 -13 17 17 -5 -16 -1 17 -9 -5 1 9 -4 -13 7 13 8 -13 0 8 -13 -19 5 19 7 -16 -18 9 2 3 -11 -9 4 9 16 20 -27 11 -13 -10
6 5 11 11 25 13 -7 -1 3 7 -23 7 1 6 -4 -12 8 -13 5 25 1 -5 -2 -4 16 20 0 2 -3 14 -1 -1 -6 8 -1 -3 -4 -2 -22 21 -4 -8 7 -6 3 4 11 6 6 4 0 -2 21 28 -7 14 -16 2 22 2 16 3
6 7 -10 17 -21 -1 18 -23 5 0 17 -6 -7 -11 6 1 -1 21 15 21 10 0 -4 -3 1 0 8 2 -3 8 10 2 11 6 -12 9 -4 -6 0 7 -2 -2 11 -7 15 -5 8 -9 9 -1 -10 2 -4 13 -13 -12 -8 13 -4 -16 -11
16 -8 -3 -14 10 10 -1 4 -17 5 -7 4 1 -5 3 1 0 8 -23 13 13 20 4 0 -8 -1 6 -5 -4 -1 7 22 -1 -15 -13 2 -13 -17 -16 -12 -5 13 -25 2 -21 12 -15 19 13 1 8 9 0 -1 28 3 4 2 7 17
14 8 0 -11 -5 0 8 14 -10 1 8 9 24 -8 -9 10 2 4 -5 -5 -14 7 8 -13 11 13 11 -11 -10 7 20 -16 2 -12 -7 -3 -2 -3 -4 -1 -5 -11 3 8 8 -17 -1 -7 9 4 -1 7 -22 4 -10 -3 -17 12 9
-1 23 -2 -20 12 -3 -6 1 14 -12 -6 11 13 17 -3 -5 16 -17 -6 12 20 10 -9 -20 17 23 4 1 -21 7 -4 -4 5 9 -17 1 7 -1 0 -1 12 -17 -9 -14 -9 8 2 13 9 -1 0 0 2 -18 5 15 -1 -6
-3 3 13 -6 6 -14 1 -9 -31 0 3 -19 5 26 11 -2 -7 2 -6 4 -10 3 1 -1 -6 16 -2 -9 10 18 -13 15 -10 0 24 -6 13 -5 12 2 0 1 -12 -16 0 -5 -1 -5 8 20 -16 6 0 16 -13 -1 -1
-5 -15 7 5 0 -3 6 -4 7 17 -1 2 7 4 -3 -10 -11 -14 27 25 -17 -3 -7 14 -8 4 -6 8 -25 0 -2 10 7 4 -9 11 2 -10 7 7 13 -12 2 3 -8 -10 -7 3 -5 10 10 -22 -3 -18 29 -17
-10 -10 9 1 7 3 10 12 2 -4 6 -4 -9 -4 -5 -5 18 -8 -1 10 -21 -23 -9 17 -1 11 -6 -4 -4 2 -11 13 5 -5 -3 13 16 19 1 1 11 -6 -7 6 16 6 -12 7 17 11 -4 26 12 -4 21
0 -11 6 1 -1 5 -6 -4 4 -22 5 9 0 13 4 9 11 4 -12 12 13 11 -6 0 2 5 13 -4 11 -6 16 20 10 2 -18 10 4 19 0 -3 -16 12 4 -8 -12 -15 14 12 3 11 -7 6 -13 -4
5 -5 -1 -14 9 1 -6 4 -25 0 -3 -5 -1 -17 15 8 -5 8 14 -27 11 2 9 -30 -13 15 6 -8 1 0 -4 -4 17 6 -12 10 -12 8 0 0 -11 3 7 6 -5 -24 13 -4 -5 10 10 25 9
-3 2 -11 6 -9 -16 10 -4 -2 -8 -8 -9 -10 0 8 11 -7 0 -10 13 18 14 -1 1 6 -8 9 7 -6 8 10 -12 16 2 -4 12 5 13 1 -14 -8 4 18 -26 0 -13 0 -11 8 -2 27 -11
10 -23 19 1 16 5 -5 6 0 3 13 -11 -9 -4 -7 1 12 -11 9 -14 13 -12 -9 8 9 -9 -18 14 -12 -8 -4 -7 2 28 2 4 -7 -3 5 -5 0 -25 -8 4 -6 -7 3 -2 -10 9 -6
10 24 0 9 25 6 -5 5 0 0 14 17 -10 1 16 12 3 1 7 12 8 -7 5 9 -11 -15 6 4 12 -4 6 -8 -1 11 6 4 -13 -10 12 -9 4 13 -16 -19 16 -11 12 4 1 -9
20 10 11 -13 7 0 -17 6 -8 -7 -3 13 22 -3 -25 10 12 2 -6 18 2 -5 -5 10 -12 -7 10 2 -18 -6 -7 -2 -2 -5 10 10 -1 -22 -1 -2 4 4 0 -12 -7 0 22 3 -7
-5 -9 7 0 -3 -11 8 10 -8 9 4 1 4 3 11 14 -16 17 12 4 -4 14 14 -15 6 -2 8 -17 7 -9 12 0 17 18 13 4 22 -7 -5 -9 -18 3 -1 5 -2 -3 13 16
26 -7 -12 -5 2 14 -26 -6 1 20 -2 10 0 -1 -6 -2 8 -5 12 9 7 -16 -12 4 3 -8 -6 3 22 2 4 6 11 -16 -18 -3 -11 -2 10 -13 14 4 10 -6 10 28 15
-17 4 -6 8 13 5 -6 13 14 1 -7 -1 -4 0 -5 -12 10 6 -16 -8 -7 -4 12 3 -11 16 12 17 4 0 -2 4 6 0 -9 -10 -8 8 -2 -17 27 1 -9 0 26 -6
-4 -15 4 -3 -8 -8 12 10 5 2 -10 3 4 16 16 5 -4 21 14 5 15 -5 5 -4 -14 9 -7 -16 10 5 11 -7 -13 18 -17 8 0 6 9 -1 -2 17 7 13 -9
3 6 23 -4 -6 3 9 9 4 -24 0 -1 5 -25 10 8 -17 29 -9 -3 -3 -15 14 0 -12 4 30 -11 -15 -2 -7 15 6 -3 21 2 -21 -21 -6 -3 -3 -12 -26 -20
12 2 -26 11 -6 21 -6 -15 3 8 -2 -19 1 -26 -5 1 6 -2 -9 4 -2 -10 4 -16 -11 18 -19 -13 0 -12 6 0 14 -10 21 6 -18 -5 1 -4 -11 -21 16
-1 2 16 -19 22 13 12 4 2 9 -9 -3 -14 -2 6 8 -8 -8 3 -10 7 -5 -1 13 3 9 15 -1 -8 7 -11 -1 -10 29 7 -16 -3 4 -4 -1 8 -7
-10 -1 0 -5 12 1 13 2 -4 17 -17 -6 6 -2 8 9 -18 -3 7 6 -6 7 15 7 -12 -6 19 -4 7 1 -18 1 4 -10 -1 -25 -10 8 8 -15 -13
-12 6 -19 -7 -9 17 -2 -9 20 1 7 13 -4 -12 1 9 18 -18 4 10 13 -11 -3 25 0 -17 19 0 10 -4 -3 -5 -8 1 8 0 12 -13 1 -5
8 -6 -16 2 12 -6 -16 -17 -4 10 -13 7 -1 -13 20 -3 5 7 -7 -10 15 -16 -15 -20 2 12 -13 9 -2 -8 21 12 -17 -3 -9 -6 -22 -15 0
11 -3 2 15 -3 -14 -2 24 2 3 3 -7 -5 -1 6 0 -3 -4 -8 10 20 -2 -13 16 19 -9 26 9 -1 -1 0 1 14 12 11 3 8 3
16 -13 -10 -10 19 -13 1 -18 9 1 2 -25 9 2 5 -1 -8 -16 -1 17 8 0 23 -10 16 3 7 4 8 -1 10 10 -7 -4 11 14 9
-3 -2 -5 7 -2 6 9 12 -15 12 8 6 16 -1 -5 -16 -4 18 5 -1 15 -5 2 17 -27 12 5 11 -15 5 -3 -13 6 -2 9 -13
-17 1 2 -2 11 3 -11 3 -1 -10 -13 -10 -1 -14 -7 -5 25 -14 -5 7 10 3 -13 -4 -1 -20 -1 -5 -6 -13 10 -1 -4 -13 -2
7 -6 14 13 -12 3 -13 -13 -9 1 3 11 -5 -16 6 -2 12 25 22 7 -9 -8 11 -2 -4 13 -15 -7 3 0 -1 -9 16 11
16 4 1 3 13 -7 2 20 -2 3 17 3 -20 -17 -11 -1 1 0 -22 -15 1 5 -6 10 4 7 -23 15 9 -6 14 -14 2
-10 -9 -5 -9 -6 -9 1 -13 -33 2 -5 7 1 -15 -10 13 17 -2 -9 2 -28 1 -5 -4 -6 1 9 -24 -1 24 -4 -6
0 2 7 4 1 21 11 -5 -4 -3 -18 0 1 -16 6 -19 -3 -7 -9 5 -2 23 -23 -9 -1 -7 -6 15 2 1 -18
-2 20 -5 1 -5 4 -1 -9 8 -17 3 -2 1 0 3 -4 -10 -16 -10 -6 -24 -3 -5 2 0 10 20 -2 32 9
20 -16 12 17 3 -7 -2 -10 1 8 -2 -5 10 -3 5 4 0 -12 -4 5 -3 3 -3 -2 -9 -9 6 3 -11
-14 12 0 -9 -22 -12 -3 -16 -1 -4 -1 0 1 -10 -13 6 7 -17 0 -4 2 -1 8 -2 11 19 12 -1
11 7 17 5 15 5 -3 -7 22 -6 -10 -1 1 2 -12 26 1 -9 -3 0 8 -14 10 17 15 10 3
-5 -6 -2 -1 7 -4 -19 -9 28 -4 -7 -3 5 0 8 5 23 -7 -14 -18 -8 -4 8 1 1 7
0 12 3 -12 -7 -4 3 1 5 8 -12 10 26 1 -13 7 -7 13 -9 -4 6 9 3 -21 -16
16 15 -9 -12 -5 8 -19 -2 -20 -12 8 -12 16 13 25 0 -14 0 -2 8 -4 -17 2 10
13 8 -3 -5 9 13 14 6 -4 2 -4 7 -2 1 4 -5 -18 11 6 -12 -34 -8 4
-12 -5 6 1 11 19 19 8 -12 -16 -4 -4 -6 2 3 -9 -22 -6 -1 7 4 14
-11 0 3 6 -9 1 -17 1 -2 2 -6 6 -13 -15 -3 13 7 9 5 -5 -15
16 -8 2 6 -4 -2 6 -6 7 9 -3 -11 13 11 11 -1 -12 -17 -4 -12
-4 -1 -2 11 18 23 -29 5 -23 1 8 -11 10 -1 -17 0 16 24 2
-10 -28 -11 8 4 5 1 11 -10 4 0 -4 0 9 -2 -6 13 -18
1 5 -11 -9 7 7 0 9 7 -22 -7 -12 21 0 8 1 -4
32 -1 -5 -6 10 -19 6 -13 2 3 2 -4 -12 -16 12 17
-1 -14 0 4 3 -19 12 -9 5 -3 -12 -6 6 22 10
10 -13 6 -14 11 2 5 11 -9 -12 4 17 17 12
-13 5 -13 6 1 5 10 -21 3 15 -4 16 -8
2 -10 12 -6 -9 13 15 1 -6 16 -27 -2
-11 27 -1 -1 9 19 19 -7 -11 5 25
-6 1 3 -11 1 -12 -12 -18 -11 13
-13 -22 -9 14 0 8 13 -4 3
-6 -8 -6 -20 2 -5 4 13
7 4 -10 5 -5 -1 7
-12 6 6 24 27 22
-4 11 1 -4 10
-12 7 -4 0
15 -1 -1
9 5
11
