40
21 7 11 -3 14 5 -12 19 -2 2 -3 -26 2 5 3 2 9 -10 0 10 23 -22 5 -15 -4 -2 -13 6 -13 4 18 14 -22 1 -11 -13 4 1 -10
-13 24 -7 -19 16 -12 -21 -24 -2 6 4 20 12 0 -1 15 -7 5 3 7 -5 -13 -6 -20 15 1 5 5 5 0 6 -2 -2 0 -28 -28 -2 -30
5 -6 -12 -9 -6 -30 38 8 -19 0 -9 -29 -8 4 7 6 0 -4 -7 -7 23 11 32 6 -20 5 20 -10 -13 6 22 20 13 2 -23 -1 12
2 7 5 2 28 -4 -5 5 7 0 4 -5 -2 -16 10 -7 12 11 20 0 -3 -16 -1 -12 -14 18 18 -3 19 -10 -3 13 0 8 14 -25
32 28 -9 -4 1 -4 16 9 -11 26 11 -20 -15 -10 -6 -12 -12 -1 3 1 10 -17 19 -4 -7 -5 10 -9 9 -12 11 -7 22 4 0
-7 12 10 27 4 9 -7 -22 33 -2 13 1 28 -7 15 -19 20 -3 -1 4 3 -4 -13 -10 -2 -32 7 16 27 9 -3 23 8 -2
4 -24 -22 54 8 17 -13 26 17 -12 -4 3 5 7 2 8 -28 8 11 5 -5 -11 14 20 -4 -25 10 -13 -3 -25 20 30 -14
0 5 24 9 -11 -4 11 4 30 -13 19 9 31 0 7 -2 5 -13 -24 -11 -9 30 16 1 -9 6 -5 -15 16 42 9 -17
-10 -20 -15 -7 1 4 14 -30 -24 11 -9 20 42 2 -6 20 4 -2 10 -8 -16 2 7 -4 -25 -13 -15 11 21 11 -3
-9 -23 -14 -40 -19 -11 18 20 -5 10 7 -6 -26 21 5 24 1 -1 10 -5 -24 -2 -6 6 24 23 -16 11 -25 16
3 0 -29 14 21 22 -8 23 2 22 -11 13 -8 5 5 10 -20 -31 20 15 -19 -20 9 -21 -20 -2 5 25 -15
35 -6 16 -17 1 -26 -3 -4 -19 -19 -14 3 -6 -19 -9 -5 2 19 7 -8 2 5 -7 -7 -13 12 16 -6
9 -3 -9 -4 -7 22 -23 -14 13 9 -10 11 10 35 -12 2 1 10 5 -27 4 -11 9 -32 -31 -1 -16
-4 23 -17 29 8 -29 -20 9 8 7 16 -15 -24 25 -3 -6 4 27 -12 -24 -1 -17 8 5 12 -3
14 17 -4 -28 12 -8 6 27 -17 26 -9 3 -13 -23 -4 7 5 3 -5 9 -8 3 26 10 -36
-9 4 5 -36 -25 -4 16 -27 24 16 -4 16 -10 -4 -1 -4 -1 -8 -17 20 7 25 16 -25
16 2 -29 10 -19 -8 -2 -18 -6 0 -20 -20 -6 4 11 -12 11 15 5 6 1 -38 -2
9 -22 -14 11 -21 -11 -5 13 9 22 16 -26 7 16 14 -23 -1 -3 -34 4 -3 -13
-9 -1 5 25 -28 2 18 -8 1 -6 7 19 -20 -10 18 -18 19 -6 2 22 -10
3 7 15 3 -1 5 -9 -23 8 17 -9 -10 7 0 4 5 4 -6 2 -13
-15 0 17 -16 -15 -3 -9 -6 15 -9 -4 -22 13 3 -23 8 3 -26 10
-20 4 11 11 7 -10 -16 -11 -12 13 -23 -15 -4 -10 -25 8 13 -23
-14 1 17 4 -16 -9 3 9 -41 7 23 -14 13 26 -10 29 8
-22 2 -22 -25 -12 15 -43 -1 -4 -9 16 -41 21 -2 -29 20
2 -4 11 -13 -5 23 7 -10 -4 1 16 -8 4 1 -14
8 -2 -16 -10 -9 -40 -23 17 7 22 -4 -1 -2 10
-10 6 -18 18 -17 6 -10 1 -1 -44 -47 5 -14
-2 -33 25 15 -4 4 -6 -17 6 22 19 7
8 -10 14 24 -27 -27 20 -22 -3 -1 21
-38 -25 23 15 -7 7 18 -5 -6 -12
29 7 -19 -19 -12 -5 6 36 -7
0 -28 -20 -21 -16 6 -18 -10
-3 1 1 14 -18 6 -10
15 5 2 -27 -1 17
0 26 -14 -12 9
-16 -4 -22 -10
4 -2 17
22 -6
8
