40
-31 13 4 33 -10 14 1 -10 6 -16 -26 -38 3 -4 -5 15 4 -4 -5 -3 22 -38 -22 3 3 3 20 -3 19 -13 -18 -32 27 10 -17 -5 -9 -2 7
9 6 -45 -11 -14 -6 -2 -8 0 23 15 -29 12 -16 17 -3 -2 8 -18 -20 2 12 -13 -12 4 -9 7 -7 -3 32 4 15 24 6 27 -1 25 -12
-5 -10 12 22 -12 11 -16 -8 20 -9 -20 -15 4 1 -13 -20 -34 2 -23 7 1 17 20 -21 -14 -4 -3 -23 -16 -15 38 7 2 23 -23 15 -14
-6 20 0 5 16 -29 -20 25 2 -6 6 -30 -6 7 -15 21 -8 -18 -3 9 7 -2 15 -10 8 -38 -9 1 33 7 14 -12 -22 -21 -1 -9
-18 4 34 -11 40 -30 -10 -14 21 5 -17 -7 11 -16 17 -13 15 -15 -28 -8 11 15 8 -12 0 20 -14 -7 0 3 13 -3 1 -5 7
9 2 17 -23 15 4 -8 6 -3 13 -5 17 -5 -26 32 2 9 7 12 -12 15 -16 1 -13 7 1 -11 3 19 0 -3 -27 3 -12
-17 -16 2 3 1 -15 7 -14 -7 -11 0 5 5 -8 -4 16 25 13 43 3 -1 7 14 -10 -16 -22 -18 -17 -2 -2 -9 0 -22
1 -10 17 -2 5 1 -1 -18 1 16 5 37 13 24 -12 -26 13 -20 8 -6 -24 -6 8 11 1 3 -7 41 13 13 -18 -2
21 12 3 -26 -15 10 -8 20 -3 0 -23 26 -4 17 5 -16 -7 0 -4 -13 -9 -25 15 6 13 28 -3 18 11 9 13
-18 4 -10 -5 4 2 4 8 -24 5 -2 13 3 14 -5 19 12 -14 10 15 -5 -14 13 -3 10 -14 13 -1 29 15
12 -5 1 -19 9 -9 -11 36 8 21 25 27 -17 1 -7 1 -8 -25 26 -10 11 -18 7 5 14 5 33 -10 -23
22 -32 -16 -21 13 5 -24 30 2 -27 19 30 28 33 6 -17 -11 -16 -33 -5 20 29 16 -13 -10 -5 47 -23
-2 -6 11 -18 -2 -4 27 12 -31 12 27 6 -6 4 -11 18 -14 -8 0 15 -21 -11 -13 19 0 26 -8
-14 14 -8 -3 25 0 -17 5 -22 -29 0 -12 -5 -16 -12 12 35 -26 -5 -10 -1 -14 2 2 -40 10
-3 -14 -12 -16 2 -10 7 17 -23 2 12 16 34 -7 -29 -16 1 1 1 13 3 -6 18 -3 -20
-7 21 -4 -34 9 -1 4 11 -4 5 -6 9 27 14 3 -15 -5 -13 -11 -29 24 -8 -17 3
9 2 1 22 -17 -29 28 4 3 9 -17 -4 -3 -17 11 8 34 2 2 17 -10 10 18
-44 14 17 -25 -11 -13 -8 10 34 -14 3 -10 -22 -7 11 -16 6 -8 -19 8 -18 31
-10 -1 32 9 -14 -8 -20 -27 6 -17 21 40 21 -18 -6 -25 6 -4 -16 -17 -26
-17 0 -1 13 16 10 20 -17 -8 -2 -19 8 -2 -8 -10 11 0 36 4 -10
4 7 0 -1 14 -17 -9 -2 0 -36 4 20 3 -2 1 -17 9 17 16
7 -23 16 -4 -14 30 -6 20 20 -21 -12 14 6 30 8 -8 -13 4
3 -4 30 -2 4 -11 11 1 4 -7 0 11 6 2 5 5 -24
22 16 13 -8 40 -9 -13 8 10 2 -11 -14 21 -33 34 -8
38 6 8 -19 -10 -17 -37 0 17 -40 -6 3 -10 10 -10
7 11 2 -11 -36 -23 16 13 -21 -4 -3 -2 10 -12
3 1 -20 -13 12 2 -10 27 -8 13 -5 15 -3
-4 0 -11 2 -25 -8 -8 -1 -2 4 -8 -11
0 18 10 13 -8 -4 -5 18 -25 12 24
31 24 -20 -3 0 15 31 11 -9 -2
23 -8 -16 -1 25 18 -31 -19 1
4 -25 -5 1 24 1 10 -11
-4 -5 0 -20 -24 3 22
39 15 11 -16 -2 4
4 15 0 16 -2
16 9 -26 8
-4 6 4
-12 8
-2
