40
5 -9 -34 -4 26 10 25 3 10 -11 -1 -3 -4 0 -12 22 -10 28 23 0 18 -9 26 -7 -6 27 21 -29 16 -5 16 -28 8 0 17 20 -1 8 3
-1 24 -23 -12 -9 4 -7 -17 -1 11 1 -6 18 11 -13 -1 9 11 1 -14 -27 3 27 20 17 -13 4 -9 15 23 12 -13 -4 1 32 -36 -5 14
11 18 -15 -16 -15 -6 2 -3 -11 23 17 2 0 -13 -6 -14 -11 10 -22 2 -1 -5 -12 -24 -25 10 -23 -4 21 -12 9 5 14 -21 7 -15 -33
25 -13 -25 -10 -14 9 -1 -16 16 8 -24 -6 4 14 -9 24 0 7 5 -2 17 -15 -4 2 -1 -7 24 -25 19 -1 3 1 25 -1 -10 23
8 4 -17 1 21 -12 -10 6 -21 -19 22 24 -9 14 6 -4 24 7 1 3 -21 -8 -9 29 23 13 -14 -8 -6 4 6 21 -8 -12 -22
24 32 22 38 7 14 -19 14 -28 -2 21 -28 21 10 -18 18 -7 8 -21 11 20 10 -5 7 12 22 -5 11 2 5 4 15 26 -22
26 24 -1 5 -21 -2 11 15 -32 12 -16 5 -10 -24 3 21 -11 -29 -8 5 8 1 27 5 14 -28 -12 37 -40 21 -2 12 -20
8 -8 -4 -12 6 -1 -16 -24 19 -4 21 29 -24 16 -10 0 -3 -1 32 5 -29 -1 14 20 -8 3 13 -20 -7 5 19 -5
24 -10 1 0 -10 -6 -10 11 -18 3 -10 4 -1 -13 -20 -34 2 -3 -12 15 -9 -4 -19 -32 21 31 0 -8 0 -8 -31
-4 1 -16 6 -37 15 10 2 18 6 18 0 3 -8 -19 -20 18 9 -3 5 17 5 -34 27 52 15 11 4 -5 -9
-2 7 -14 -2 7 8 -7 3 -5 -21 -3 30 -25 14 31 -17 5 -1 23 10 13 -9 18 -9 14 5 6 5 -23
-18 2 13 32 1 -21 -27 14 21 11 -4 1 -5 5 21 -22 25 -16 -9 -2 13 22 -3 29 -4 -20 -14 7
14 -16 -30 -27 -7 10 8 -27 9 11 15 -5 -6 -10 -18 -2 19 12 -21 34 17 -3 -26 -22 6 6 -29
-1 -2 -3 -13 22 2 -5 -8 22 15 -25 7 -14 -21 -9 16 -5 -18 13 -14 12 -4 -14 26 13 -5
10 -9 -5 -8 -38 15 -10 21 12 -9 9 1 -6 -2 4 -2 16 -16 0 -14 -7 -19 -9 -17 -1
16 -1 -1 -20 15 -9 -20 -1 -8 -2 -6 -30 29 3 -20 16 3 -15 -1 43 8 -14 -15 18
-5 5 7 -2 -6 -1 -2 -7 15 -15 27 22 -10 -1 -12 -24 17 17 -5 31 9 6 -3
-6 0 -20 -28 -5 1 2 -2 -29 26 0 -20 0 2 5 -7 -4 -6 -5 -16 -14 -2
9 -21 23 3 1 -1 8 15 6 -7 19 27 -8 -7 -2 -3 -26 -15 8 5 -22
4 21 -30 -20 18 -4 22 -7 -6 -10 37 -2 21 -1 17 -13 15 0 -11 29
-22 -2 -17 13 -4 12 -24 -1 -8 -1 -2 -21 -8 15 21 16 1 -2 13
2 11 -18 -13 32 8 -2 17 8 -12 4 12 -21 -20 -4 -3 8 15
11 10 -8 -9 33 -33 30 -2 -26 -17 10 -3 2 -3 22 22 -21
-3 14 8 13 -20 5 -10 -1 7 5 -49 12 15 2 -10 3
33 10 -1 -15 -5 6 -8 6 -25 -28 14 17 -18 0 13
-35 6 10 9 8 -2 -2 -14 -34 9 12 6 -9 -27
-14 -21 -14 18 17 -5 2 3 -17 2 -31 11 24
-34 8 12 -17 -14 22 -6 -9 14 32 -1 8
-20 7 -14 25 1 -1 -7 -2 -35 -16 -8
7 -30 -12 -10 8 5 17 8 15 -3
-7 29 -1 20 -31 -5 -13 -31 -16
-13 -5 7 10 6 -16 -8 -18
-24 -26 -7 -15 1 13 23
23 8 -32 -6 -30 -15
-5 3 -4 -15 -5
15 13 -19 11
-3 8 22
23 8
9
