60
-14 2 -13 -5 14 -14 7 -9 -2 -13 3 -10 6 10 18 -35 1 9 1 -16 -10 -7 11 11 7 10 14 -19 -1 -4 12 31 -17 3 12 14 5 0 7 7 11 -5 1 30 6 -10 -12 17 12 -12 -18 22 21 -4 -6 -5 -7 -11 -24
12 7 18 12 12 32 0 2 -35 3 7 15 -6 -11 10 2 -2 0 -25 -39 -8 -7 4 -18 16 2 27 -14 13 2 2 -15 3 18 -12 8 13 -5 12 1 11 7 -24 4 26 4 -9 -4 -2 12 -11 -14 7 -3 0 0 -12 17
3 -3 17 16 -15 -6 6 -14 -15 -11 -27 7 2 20 -15 7 2 -12 -6 -24 -17 11 7 -6 -3 8 2 13 -19 5 3 11 -4 -13 -7 -5 -7 15 19 -6 -11 -13 20 15 6 -3 21 10 14 -11 -15 -24 -14 8 -21 5 11
8 24 20 18 -1 14 7 2 22 3 16 -8 4 17 -9 -30 -12 16 -2 -16 -4 -20 -37 -9 -13 10 5 7 -6 -13 -26 0 4 4 6 -11 -2 -6 10 -16 -4 -7 22 -17 11 -10 -14 -5 -17 -24 -17 12 -10 23 7 5
4 -18 -12 -1 12 13 11 4 -8 -4 3 -11 3 -7 -12 -20 -16 -1 -8 -12 -3 0 -16 1 6 8 -14 -9 3 2 6 -18 -4 5 -22 11 1 7 -14 -11 -12 -6 -14 17 0 -12 -8 17 12 1 6 11 11 -23 6
17 -2 1 -8 -23 -5 27 -16 23 -14 -3 -2 -15 -7 -3 -6 -14 -10 -15 0 -14 6 -27 10 17 -5 -3 -10 -4 6 -6 11 2 -11 12 8 17 -19 -15 -8 -8 7 17 11 -5 -5 -8 -3 -27 16 -5 33 16 4
-9 12 -6 -14 -11 4 -3 15 0 19 1 -2 -15 15 -21 -1 -6 19 -3 -30 -19 15 -2 -1 -28 5 -8 -8 19 11 7 -16 -6 -1 14 17 29 -3 12 0 -3 -5 14 7 0 -11 -15 -33 10 5 12 -8 15
12 2 1 20 20 21 1 -19 15 19 -18 13 -16 -11 9 15 -8 -31 27 11 -10 6 -12 21 13 -14 -16 7 -11 31 18 9 -30 0 17 -13 14 -24 4 28 -5 7 -16 -3 -16 -4 21 -19 -13 -11 0 -11
-13 8 22 25 -2 4 -13 18 -14 -4 19 1 6 2 -14 8 16 11 -2 -4 3 -1 -16 8 8 16 -3 18 -1 12 -11 -5 -10 -12 -5 5 -14 -6 3 -27 -1 -1 -13 -17 8 -18 10 9 -1 4 11
19 3 -14 2 23 -1 -9 -18 -6 -6 12 -11 13 12 4 -16 -14 20 12 -12 -20 -21 0 22 4 -15 14 16 -3 1 -1 3 -31 -17 -1 5 -6 1 22 -3 -16 10 12 -6 1 -5 -5 15 25 -3
9 -7 -33 3 -9 15 12 12 1 3 11 23 16 -19 7 -2 -5 6 12 -25 2 -21 8 17 -32 3 -5 -9 -20 -19 9 -27 -17 9 3 4 10 10 11 -11 8 19 3 11 26 11 -11 -3 -9
24 -17 -15 -23 18 -7 -3 14 -3 -1 -15 8 -14 -18 5 -23 -3 -3 12 -13 6 6 0 -22 6 8 -2 15 -15 -16 -6 -9 0 13 17 35 2 -9 -10 30 -18 9 22 -22 -4 -30 -4 -17
-3 13 -9 24 3 -13 16 -11 0 -5 -19 -16 6 21 -5 -20 27 6 -3 0 -11 3 -3 3 12 5 12 -19 3 4 -21 2 -32 4 -7 -15 -13 -9 -13 -14 -3 11 6 9 15 2 8
13 -4 -18 -12 -20 -3 -10 9 16 2 24 -8 8 20 -10 -6 2 2 -5 -10 -17 28 32 19 11 -2 -12 -6 19 6 -4 -25 -1 -11 -7 -19 -14 1 4 -3 7 -17 -24 0 -5 -6
-3 -3 -24 3 1 4 6 11 -17 1 -1 -12 20 -13 -6 10 -26 -6 -17 11 5 16 6 3 -1 -11 10 -10 -9 10 -8 10 -7 7 -4 3 -7 3 -6 -30 -10 6 13 8 -34
-6 -9 1 -3 4 -11 -14 -18 -3 3 9 -19 -6 6 10 -11 4 -3 -10 8 26 -4 -16 12 13 17 -10 13 10 3 -3 -22 5 -7 -18 -13 2 -1 -4 22 -19 7 -4 18
0 -13 -4 -14 7 -19 -8 3 6 13 -15 -4 10 -4 -10 -14 12 10 -12 -12 -11 -20 -3 -7 3 -24 -1 -18 8 15 25 19 10 -4 19 -20 -6 -1 8 0 -4 20 20
-5 -36 -5 -5 0 -6 -25 12 9 12 9 7 -12 29 12 -2 -18 -7 -11 12 21 -15 10 0 28 22 -6 -12 -6 10 -11 -5 -11 -21 -7 13 6 14 5 -2 -4 -7
1 -6 -12 -9 10 6 4 -4 -8 45 -10 -4 -13 8 -6 28 -20 7 -29 -13 -11 11 13 -1 33 3 12 3 -15 -1 -8 10 -2 3 3 -14 -8 16 -3 -10 -15
-2 8 12 9 -12 2 11 -2 -12 3 -6 7 24 15 22 2 16 -14 -5 10 -29 -21 -6 -23 24 -14 -8 -6 -11 -10 2 -8 4 -8 16 -4 7 -6 -2 2
-13 30 1 -15 -2 -4 1 2 -20 -3 -3 -13 16 -12 -7 -3 -15 4 -12 18 15 4 -5 -6 7 -17 17 -9 8 4 -5 10 -20 -20 10 -14 16 11 -8
-2 -16 -7 5 -4 1 -26 15 -14 11 -2 13 -16 -16 4 7 -3 1 -14 -25 9 -7 -2 -9 15 3 -8 -21 -6 -8 2 -14 12 -3 22 -2 17 -4
9 -18 22 10 0 11 -6 -20 -6 9 -2 -2 7 1 10 16 6 -16 -10 4 -26 6 -7 -20 -22 -12 20 -9 -8 25 5 20 7 -3 15 -16 -1
25 -22 -2 21 3 -3 -17 11 -3 9 -16 6 12 2 -15 16 -6 -14 -8 18 14 19 -33 9 7 9 37 22 4 5 4 -5 -7 -23 -10 -4
19 -20 11 2 -3 -4 10 4 -3 11 34 17 -2 -22 3 7 -3 -1 10 -5 20 3 0 -16 -4 14 12 13 12 -25 -17 -3 1 -12 10
8 -2 -2 14 -11 -18 4 -10 11 13 6 -27 -2 -4 0 9 -10 -9 2 -13 -5 -9 -24 14 4 -14 8 13 2 9 35 11 -5 7
-4 -12 16 6 13 -1 4 -1 -6 -7 1 33 16 -3 13 -2 0 -8 -20 -11 -1 -7 9 -7 -9 -8 20 12 -2 2 -15 -15 1
0 -13 -23 16 17 -9 3 -2 13 17 11 10 23 -4 6 4 -8 -18 -10 8 1 1 2 15 -8 -7 7 -15 4 -11 19 -8
-49 -18 -20 15 3 23 -1 -9 1 4 -20 15 9 -4 34 -1 22 4 15 -14 4 1 12 0 0 10 6 13 -15 8 11
-9 -11 -16 -2 6 -4 6 6 -6 20 -23 11 8 2 -4 -10 3 -18 -17 -3 -2 -20 4 15 -6 -11 2 2 -1 -17
16 -5 -6 -16 27 2 -15 1 -7 5 5 0 -13 -3 -11 9 -16 1 -8 17 18 -2 -5 -10 1 -12 23 -15 0
13 11 -7 14 -5 -1 5 -2 11 -17 11 -11 9 -15 -13 3 6 -10 5 -5 10 4 15 8 -5 11 -17 17
-10 20 10 6 14 20 7 -2 -14 11 0 7 -8 -12 -12 3 -6 -19 -24 -7 -2 5 -5 16 2 -9 10
-6 -3 0 -33 13 -41 5 -3 -9 -21 -28 2 6 0 14 -5 0 7 11 -5 -9 15 -17 7 11 -9
-32 2 -2 -7 -6 -1 9 -24 -1 11 16 -4 2 -7 16 -7 -6 5 6 -8 -7 1 2 17 -10
7 -5 4 -16 2 -10 15 -4 12 -16 -10 -13 12 -9 7 -4 23 0 -7 11 -4 19 -22 7
-2 -8 14 -8 4 1 12 10 2 -5 -12 -5 -25 -15 2 -5 9 -17 3 -2 1 -6 -6
-15 19 -9 -14 8 7 5 1 -23 18 -6 0 -6 5 11 0 21 -13 1 -18 -2 13
-7 9 7 19 -8 -3 -16 -9 -4 -9 2 -29 -18 -26 -2 -11 10 -15 -7 5 -16
-26 -8 -8 18 21 13 -16 0 -25 -10 6 8 -25 38 36 -39 5 -27 1 7
14 14 24 -19 5 -9 14 10 23 -4 13 13 -13 -36 -9 -10 6 13 15
8 16 -14 9 18 -5 -8 11 -21 -9 -3 -5 -28 -7 5 2 -4 -15
15 -21 -9 5 10 -23 -11 -14 -3 -5 -19 -4 -23 -12 10 -17 12
-2 24 -14 9 -17 -1 21 -11 -24 13 -10 -16 22 -22 6 7
4 -29 7 -7 -2 -1 -5 10 -1 9 5 -5 -9 18 -14
12 20 1 -7 16 24 0 5 -5 -4 -1 -14 7 5
0 -7 -24 -11 19 -9 -15 3 -14 9 -15 -1 -10
-16 11 -1 21 -1 -6 7 -28 -5 -22 31 -8
5 -8 8 9 -11 -2 21 -11 17 -11 7
2 1 10 -11 -16 4 10 -12 4 -3
5 -26 -7 1 -17 23 -3 -11 4
0 -13 24 -4 -27 -31 0 13
0 6 5 0 21 -15 -13
7 -9 -4 -6 -6 -6
-8 8 -17 -4 17
-8 23 -10 25
-8 -14 13
4 7
-13
