60
-18 6 -12 5 -31 4 -16 16 18 -12 15 0 -8 -13 16 21 4 -11 1 -6 4 -11 4 -6 -9 17 6 -19 2 -9 7 10 15 -3 -15 -20 22 0 11 4 -1 -10 6 7 -11 6 13 -4 -30 1 -14 -7 10 2 4 -4 10 -4 -1
7 12 -7 23 11 -5 20 -17 21 -2 -24 17 25 17 5 13 5 -19 5 -13 13 -3 1 -6 5 -12 17 2 -1 -11 7 20 13 4 -2 -18 -12 -18 -2 -9 -13 -7 8 19 15 25 -17 11 -14 10 -7 -9 6 1 -3 5 9 -6
-2 -6 14 3 -19 32 1 2 16 -1 19 9 6 -2 -17 2 -34 -14 -8 16 13 -18 29 1 13 22 -18 -13 3 -20 -11 -2 -14 -9 20 -1 6 -23 -7 -18 -10 11 4 1 31 34 -3 11 4 7 20 -2 8 -15 -6 15 9
-8 16 -6 15 13 5 22 -6 7 20 16 13 -3 6 6 -7 29 8 0 -11 -7 12 23 -17 2 9 -16 -1 -2 6 -25 18 -11 -4 10 4 8 -12 12 9 7 0 -1 3 -13 -7 15 -4 3 -11 -6 -19 0 -2 -17 -22
2 -14 13 -4 22 10 -5 -7 6 -13 9 15 -8 10 -19 -7 1 -11 20 18 -21 5 -9 16 19 -13 29 2 5 9 -3 3 9 -3 -9 7 16 12 2 -13 -22 3 -11 -21 -14 18 13 13 -4 -14 20 32 -5 -1 -5
9 -18 17 -10 4 3 5 11 -6 9 12 -11 0 -36 -10 0 9 -14 -6 1 -1 -9 12 6 -9 3 -5 25 11 25 5 -19 -12 8 -7 -3 17 1 24 18 5 5 3 20 10 16 3 -5 8 -10 -11 -4 -21 -5
-16 -1 7 4 -12 21 9 -5 -6 -7 8 30 17 -12 -5 8 7 4 -12 1 -10 -7 -8 -6 2 -13 6 20 -7 11 6 -31 16 -3 -13 -19 -4 0 -6 -6 5 2 -10 -6 2 -11 2 3 0 -3 28 -11 19
-23 33 3 -27 -2 14 -12 -5 -20 13 6 1 6 4 -16 28 14 -11 3 -9 1 11 21 -13 24 -4 10 8 6 -8 5 -8 0 7 -2 7 -18 0 1 -1 -22 5 -15 16 6 -3 -3 16 -1 5 -2 -15
-12 13 -3 6 20 12 -10 12 -11 -18 -26 6 -22 -23 1 -3 -8 -12 10 2 12 -8 27 8 -3 -5 -16 -13 0 1 17 -19 -11 -9 13 29 15 -10 23 6 13 9 -4 -9 14 -30 -8 -1 -19 2 8
-9 -3 1 8 -12 -6 21 10 7 -7 -1 17 -5 28 -21 4 23 -18 -12 6 5 -9 15 10 10 -5 -14 40 -3 14 -12 9 -2 -15 -21 5 5 2 -26 -3 -1 7 4 -10 23 1 3 27 -19 -5
3 -2 3 14 2 10 -2 -2 0 -7 -2 -15 5 9 -3 3 -14 15 -6 -6 18 8 -14 3 -10 7 -23 4 -7 8 7 -21 3 9 -6 2 -1 -12 0 -2 3 -19 -4 -3 1 6 13 -3 -11
-15 -31 -8 5 0 -9 -18 0 -9 -10 -5 -7 19 -7 13 0 16 8 -14 -10 -11 10 -5 8 5 11 4 7 -13 -20 11 11 5 -3 32 -1 5 -1 13 7 4 -21 28 10 -7 16 -11 -18
9 6 -2 10 -13 5 0 8 -1 9 -6 5 -3 -8 -2 9 8 -12 -7 6 -27 22 -12 31 0 9 13 19 -17 -7 1 -9 -19 -27 -17 -16 12 3 -13 -13 14 -3 10 -5 5 7 10
20 16 15 -5 23 -1 17 20 20 22 -11 -11 13 6 -2 7 13 5 10 -17 10 -14 9 -9 6 11 -15 -23 -10 9 -8 -2 -9 21 -4 11 -19 8 4 2 -14 6 9 -3 25 -13
33 4 3 1 4 23 14 28 -5 -5 -7 12 -14 -1 -7 -4 -21 -8 -26 4 -9 18 3 21 -16 4 -7 -16 -10 1 2 2 -8 -8 9 3 -2 -8 17 -23 -5 14 -13 17 -18
15 -5 13 -14 11 23 27 9 -1 -7 22 -36 -13 5 -21 -4 -23 -10 -14 -3 8 -11 13 8 0 -4 -10 -9 14 8 15 4 -1 -23 1 8 -6 3 4 -14 3 4 6 -18
12 0 -8 23 -1 -21 12 -7 4 5 -1 12 2 -17 16 10 3 11 -7 -9 6 -1 -13 -9 6 -3 -11 23 16 -1 7 -20 4 2 9 -1 3 16 21 -12 4 -2 7
27 8 7 -4 -32 1 -7 2 7 7 22 -1 5 -3 -6 -1 -7 -2 -10 20 -9 -27 17 14 11 -11 -11 10 9 -13 4 -16 -5 25 -11 -2 15 -7 -4 -3 5 -14
-2 -4 15 1 3 8 5 6 -2 6 -3 2 12 -6 -19 4 -22 -6 -1 -15 -10 1 -11 -2 -26 3 -3 -4 -14 32 -17 -8 9 11 -11 3 -3 9 3 16 -5
17 -8 5 0 9 -27 -3 6 -17 -4 2 -2 9 -10 -5 15 9 -4 -3 -13 20 -16 2 5 -17 -5 -16 -25 -7 -9 -23 1 10 0 1 15 20 10 9 3
1 6 3 -9 2 -1 -17 7 -1 -22 10 13 -10 -15 18 -1 -15 19 5 16 7 20 -17 12 13 -10 -11 -28 7 -14 19 6 -15 -8 -11 5 -2 6 -6
22 -10 -3 3 -17 -4 13 -11 7 9 -9 -8 -8 -17 13 9 19 -11 24 15 2 -5 11 -17 -4 21 -9 7 -16 -1 -10 25 -9 2 -6 24 7 12
-7 -14 10 23 -25 -6 -10 2 -10 -12 -5 14 -1 -1 9 20 19 0 1 -7 -16 -5 -9 -8 -4 -11 4 -23 -11 28 -2 14 -13 13 5 -9 1
24 -14 12 -5 -7 -4 18 25 -16 -4 3 -9 -3 11 6 -9 -23 6 -20 14 -3 10 9 0 -22 -37 -17 14 10 -8 7 11 -10 10 -9 0
-3 -4 -8 16 4 -6 20 -12 15 11 11 11 -17 2 -24 -23 -4 13 6 -2 -10 -13 -14 -15 -22 2 3 7 16 -13 11 -15 18 9 -1
10 -12 26 -41 -4 0 -24 14 -14 -4 -13 -2 -15 9 -15 10 -15 -18 -5 10 -3 2 6 -3 26 -3 17 4 12 -8 -35 18 -5 -7
-32 -37 6 -7 -11 -7 10 -7 -9 -3 32 10 28 -11 -19 -1 -9 12 8 7 -8 -6 -13 17 20 23 -19 23 -4 4 -5 -6 -23
1 -13 3 -4 -5 -1 6 2 -14 -8 -10 -7 5 -10 -1 11 -6 -10 -2 2 29 1 0 -1 5 8 -11 11 9 -34 29 -1
-16 -10 6 -8 0 6 -1 6 -15 -21 -21 9 -3 -6 -6 -8 -14 -1 -3 -8 10 6 1 -2 -1 11 17 -19 10 -14 -4
10 19 3 -1 6 7 16 2 10 -4 -8 9 29 24 -5 22 29 -13 3 20 -5 1 -9 -10 4 9 24 -12 12 -11
-10 -8 -15 21 -5 1 14 5 -2 -6 13 -1 21 -2 -5 21 4 -5 12 -24 14 -4 -4 17 3 -19 -12 7 6
-16 -1 -16 1 -9 -12 17 -1 2 30 14 18 34 2 -9 -1 1 -10 -5 -10 23 18 -5 6 15 1 10 6
2 5 -1 -11 -5 23 -6 3 -3 -9 -10 -19 -8 -14 3 -18 12 -22 -10 -19 4 -20 10 30 0 -9 -1
-2 37 -25 -14 -4 5 -9 9 12 14 -6 19 14 13 -9 3 8 -6 -2 1 21 0 -1 22 -24 -14
-2 17 -3 -12 -4 -12 27 -31 4 -18 -26 -18 -3 -18 30 -10 6 -14 16 5 25 8 20 13 -3
4 -27 16 1 -11 25 26 7 5 3 5 -2 -7 3 4 6 5 -4 9 -5 0 2 -6 -24
-12 -11 7 1 -4 -9 8 1 -14 -18 -4 1 6 7 12 -26 16 -24 13 3 23 16 -4
14 -2 -6 13 4 -13 -14 -12 1 4 7 -4 -2 16 2 3 1 -4 -10 -5 6 16
7 8 20 14 14 4 -14 6 11 -6 0 -23 15 12 22 -15 1 8 -5 16 -13
-4 -23 -14 0 12 3 -22 2 9 13 9 5 9 -12 1 -21 -2 -5 -6 -18
-2 7 7 12 -7 -7 3 -2 6 -20 -6 -12 8 -5 8 9 -7 -2 8
0 -6 -5 -12 1 -8 1 8 -20 4 -9 24 3 -1 5 10 3 12
15 9 9 6 -3 5 4 -6 4 30 -7 3 -22 8 -9 -10 2
1 -15 22 21 -6 0 0 -5 -4 12 -10 -3 10 4 -15 -21
28 -8 20 15 8 -9 16 0 -8 3 1 -11 -27 1 13
24 -3 25 20 -18 19 -7 -22 17 -13 -4 -28 5 -10
-6 6 -3 12 10 2 -29 40 9 -11 -9 -17 -32
1 7 -18 -2 -6 41 -15 26 -18 25 -8 21
8 -10 -2 -6 1 -12 -14 0 -37 20 -1
-12 9 -12 0 -1 15 7 -18 15 -6
-5 6 -1 -6 -1 -16 -1 -4 -12
11 -13 -9 -4 -11 -9 22 -4
8 5 10 -10 2 -14 12
-33 22 1 25 10 26
9 -9 4 -18 -13
1 13 9 2
-24 -1 -19
-20 11
-3
