40
-26 3 -1 -6 15 -4 35 -36 -10 -1 -15 5 -5 6 34 -7 -10 6 -7 2 10 3 23 -16 12 16 -10 11 -5 -8 7 22 22 -3 -4 11 40 -13 19
-17 -17 16 7 7 -14 30 12 -3 -1 5 15 0 -9 -7 17 -16 -12 -27 -21 28 3 -15 2 -21 -5 1 0 4 11 -2 -6 3 28 2 -34 -9 11
1 -15 -19 -22 -18 -13 12 -10 14 -24 1 9 -15 -18 3 29 0 8 -10 -2 -30 -4 13 -24 -13 -19 5 42 -21 -6 -8 19 -27 18 8 -21 15
5 -24 -16 -9 -5 2 26 -1 4 5 -6 7 15 33 -8 -7 -4 34 0 -1 27 10 7 -2 -17 -4 0 -5 11 3 -8 -4 -6 0 20 2
28 -26 -2 -6 18 -6 -5 16 -3 -5 -21 -3 -6 -17 33 -31 13 15 -15 -4 12 8 8 -14 -7 4 16 -1 9 -21 -11 -17 -24 8 -6
6 -18 -3 19 -13 7 31 -8 31 -9 19 -8 -4 19 -18 2 -10 35 26 -2 7 7 -4 4 13 -3 -8 22 6 -11 -25 -12 -3 -15
29 3 -20 34 13 15 14 37 33 15 -21 1 -43 5 -7 -1 15 10 7 2 -19 25 -28 -25 1 4 18 5 7 9 0 1 9
5 -23 23 11 -1 3 0 17 8 -7 18 -4 13 3 2 -7 -21 24 9 -6 11 -13 -21 2 6 -6 -18 -9 3 1 -1 -6
3 -10 22 -9 16 -19 0 22 34 -14 -10 5 7 8 -7 -29 -2 -31 9 -12 4 5 -5 22 -21 7 9 4 -19 6 -6
-21 -22 12 -14 -34 -10 -8 19 3 0 4 -5 12 -24 20 -2 11 -19 -6 -10 37 17 -4 26 9 -6 -16 2 22 -7
10 18 -20 31 37 2 4 9 -7 11 30 -9 -3 28 7 -7 -11 18 -17 -22 -3 13 0 -2 11 -18 5 28 19
-12 30 14 -7 36 9 5 6 30 -4 -10 -15 18 7 2 10 -19 -4 1 -6 -21 14 -16 8 18 -5 -32 -32
3 -3 10 -31 -2 -16 4 -29 -15 -1 19 37 3 5 -17 -10 35 7 9 13 11 20 -5 8 10 4 11
1 8 6 -20 -4 -13 -11 -32 17 -4 21 -9 9 -1 -12 31 -11 -7 -11 0 14 11 38 5 -29 -5
18 2 -28 -10 -14 -32 11 -23 8 22 -15 9 3 0 -7 8 4 -1 -10 34 -4 -1 0 -12 17
2 -11 6 -13 -15 -1 -10 16 1 -14 -10 -36 -11 -13 1 3 33 8 12 11 7 44 4 44
20 -1 -5 21 26 8 -11 15 -11 11 21 12 -30 -15 -31 0 15 -14 -14 -23 -21 8 -24
-6 -12 12 44 7 -17 7 23 -3 16 7 -25 1 -8 20 -18 -32 -2 -24 -3 4 20
21 43 18 -21 3 15 10 -17 -4 1 -6 0 -7 3 27 1 -16 -13 11 -5 14
-8 -12 -21 9 0 -4 -11 16 -23 20 3 11 5 5 -9 -2 -10 -10 -2 -22
13 1 -15 7 12 -9 23 17 -20 -3 8 -18 37 -19 7 12 -8 18 -18
-11 -9 14 -10 -4 29 19 -31 -19 -9 17 0 -11 -18 -40 6 12 27
-6 -9 1 -9 34 7 12 -5 -5 0 3 10 5 14 -24 9 2
-2 -3 8 -9 -6 -5 -8 0 30 6 -6 -1 -11 23 22 2
-20 16 5 0 4 10 -8 -5 22 16 7 -6 7 -2 7
3 -2 23 -18 -6 18 -9 -11 -34 4 11 4 2 -11
4 17 -12 -3 6 5 18 -10 -16 -23 43 19 -35
16 0 -17 -7 -5 4 11 11 -7 -21 -5 -28
-43 -46 -5 -7 15 -9 20 -26 -10 10 5
17 11 -10 -24 24 -5 33 7 -17 -20
21 0 -7 10 -23 16 17 9 -10
19 11 -7 25 28 23 25 -7
9 1 -18 -13 43 36 27
10 14 -3 5 17 -3
3 10 9 -10 27
40 -11 -30 -2
5 -26 1
11 12
-1
