40
12 -44 -9 1 -4 18 -10 0 15 12 -1 -12 -2 -2 26 2 3 7 4 -9 -11 19 -13 6 30 13 6 -14 -11 -5 14 25 20 -19 -16 -16 -4 -6 13
10 -3 23 -13 -12 5 -8 -18 -7 -4 -12 -12 -28 0 -15 -3 9 -27 13 20 10 -26 -39 -28 -5 12 16 8 11 -22 -6 12 -14 17 -43 15 0 2
-22 -28 -23 -13 22 -4 -25 17 -18 4 -9 -20 -31 -14 -18 -19 -12 20 -21 2 16 4 -36 -12 -12 -5 4 14 10 -30 -15 3 -4 -18 5 28 19
45 -2 15 -8 -17 -41 16 -33 -4 3 17 -7 -12 -10 27 1 4 7 -6 -5 -6 15 11 3 -8 26 -11 -5 -4 3 14 26 15 -19 -31 -13
17 -13 -20 -22 -30 -7 -3 -21 10 -9 2 14 -46 16 -2 12 13 14 7 -11 -17 16 9 -4 23 -4 3 19 0 9 -2 20 0 -13 -16
-5 17 -20 29 -8 -2 -9 -10 12 11 4 -9 7 8 1 17 -12 9 7 -20 -5 -5 -22 -17 -29 9 1 13 -2 13 3 -22 -18 -20
-2 22 -1 8 -25 28 -32 -15 2 -14 20 0 -7 -16 24 3 -22 0 23 -6 3 9 15 -11 13 -5 18 -25 -22 6 -2 -40 -2
-1 -2 4 -23 -9 -2 -5 -9 -17 -2 3 -11 -7 -4 -2 -8 -33 -3 -10 -9 3 -27 4 -11 -25 7 -3 6 -28 -22 5 11
14 -11 5 5 -8 12 -4 14 8 -2 -11 9 -9 17 8 -1 -9 -22 -4 9 5 2 -9 -5 -2 -6 -1 6 -18 -18 14
14 -2 -3 16 14 24 8 15 -24 -2 7 5 -23 9 4 -2 -12 28 2 4 -5 -15 13 -2 -17 -40 2 -4 -23 11
-23 13 13 4 14 2 -2 4 -3 7 5 -4 1 18 -19 -14 3 2 17 -14 -35 -12 10 -2 -18 -15 -6 -11 19
14 0 -10 20 6 0 -15 21 0 1 19 2 2 18 9 -2 20 -12 -3 -21 19 -8 18 6 11 45 16 -17
-18 18 -2 -11 13 14 -5 -22 -2 -8 8 -8 12 -8 4 4 11 -8 -6 10 18 -17 13 -6 34 -8 -10
12 5 2 -5 -11 19 20 -2 29 9 -4 -3 17 10 -1 11 14 -6 -6 -11 11 1 13 0 -8 19
35 -2 -16 -4 5 -10 17 20 10 5 11 21 -23 -7 -8 -1 9 -7 -14 -13 6 7 -24 2 -7
30 -5 -29 8 -7 19 18 -22 -23 22 26 -1 12 0 15 -5 -1 7 -28 -21 -9 23 1 -20
11 1 0 -16 7 -9 -12 5 2 2 16 -10 -5 -1 -10 5 -25 -12 -13 25 -18 15 -23
1 -6 -16 -10 -26 -23 -2 8 -1 33 20 -5 -11 -16 6 14 -8 14 5 3 -3 -11
-1 -16 -16 12 9 -6 24 -1 -2 -27 -23 -24 -12 12 14 -9 22 -10 -12 -15 2
-1 7 7 30 27 19 -4 -31 2 1 -24 23 7 -3 22 9 11 6 8 0
-5 7 8 12 -14 21 -9 2 31 -7 -2 -10 2 -9 -3 2 15 -20 6
12 -18 -4 -18 6 -18 12 17 -26 -10 -17 -17 -5 -6 16 -10 -13 -28
17 -21 1 18 -14 -21 6 4 8 -22 3 -1 0 -2 5 -16 21
11 -30 -12 3 -19 -5 2 12 16 9 11 10 7 -19 -12 15
-8 -11 -19 -15 -17 -47 12 23 -17 8 -6 32 5 10 -9
32 -2 7 -14 -2 8 18 -3 -5 -7 11 27 9 5
-25 2 6 2 -2 17 -21 -17 19 -10 18 15 -36
13 15 17 -6 18 24 -5 -18 6 12 -14 20
2 11 -9 5 -8 -19 -14 -2 17 13 14
3 10 -6 24 35 8 20 17 -30 7
12 -21 5 2 -8 -23 -4 3 24
-6 13 -12 -6 16 -3 9 17
7 -2 21 0 24 34 -7
5 19 -25 7 -31 33
27 35 -1 10 7
-30 -4 15 -17
-4 -11 -18
16 -3
-3
