40
-12 -11 34 -9 -23 1 -25 38 -38 -11 -25 17 12 -14 8 -14 -21 -2 -37 -1 -7 19 0 19 -2 -5 25 -16 -23 9 -5 -2 17 2 23 28 -22 13 -17
1 -19 -6 -31 0 -1 8 0 4 5 8 13 -25 19 21 -7 -16 -4 -20 -12 -8 42 -11 -9 -13 17 30 -1 -6 12 4 -9 9 -33 12 -20 -5 -20
-9 25 6 13 7 16 5 11 -4 5 -4 -20 -14 -3 -16 8 20 -24 5 22 -28 20 -5 2 4 13 6 -17 -2 -4 -1 7 -9 -15 -16 17 -24
-29 1 3 -1 17 -24 -15 -31 37 2 5 19 11 -9 -2 -24 -5 10 14 1 31 -2 11 21 -14 -37 8 -9 -15 10 19 8 12 -24 -2 3
32 4 -4 -21 30 39 -1 -11 -26 -20 -2 17 20 0 23 6 10 5 14 -4 20 -7 -13 11 13 -4 -1 -30 -3 -13 -2 -24 -12 29 -2
13 7 -31 22 2 19 9 -5 22 -22 25 2 14 25 -4 -15 1 18 1 9 10 -12 -7 11 3 -34 -6 -5 -16 0 2 5 16 4
-8 -22 14 -4 14 1 -12 20 -5 7 1 -4 -1 -16 -12 -1 -15 38 26 1 -40 -10 29 1 -24 -10 8 -3 6 19 0 -10 -27
-31 15 8 -1 17 -34 15 8 -7 10 -3 -4 -16 11 -7 15 -8 6 5 1 -12 3 11 14 10 0 31 7 -10 14 -18 13
-21 -6 -14 17 8 -10 -6 -18 -16 -29 7 5 -16 5 3 11 0 9 38 19 -24 -1 5 -6 19 14 17 12 -4 20 2
11 26 3 -7 6 -13 13 31 -11 19 -27 1 -6 13 2 25 -1 -27 15 10 5 14 -22 18 -7 -4 -11 15 -12 12
3 -14 -31 -3 -13 12 13 5 -2 -7 -13 -17 7 -18 17 28 20 14 -2 1 11 -9 15 -2 -18 -30 -12 -12 3
-16 4 4 -20 11 16 20 14 -10 -5 20 4 -4 -8 8 -16 4 -3 15 24 26 -9 -25 22 -1 10 -12 6
18 -13 8 3 -9 -2 8 -22 11 1 30 26 4 10 33 18 4 1 -12 5 25 34 7 -7 -4 -8 -8
-22 3 1 -21 5 2 2 8 2 -10 6 -16 1 14 9 20 -37 -8 2 -11 -5 3 -4 -15 8 -24
-6 -10 -10 -13 -31 0 -7 -9 18 2 8 1 -27 -29 4 31 -18 -13 0 4 4 24 -3 -15 16
-18 -30 -10 10 -10 -5 -22 28 -13 -29 -6 -4 -1 10 9 21 -22 -3 8 -25 6 3 24 7
23 -5 10 -6 -3 -23 24 24 6 22 18 18 -28 14 -15 -14 -8 -10 -12 -7 -9 -28 16
31 24 1 13 2 0 3 31 -1 -6 5 -5 18 34 -8 28 13 -10 -32 16 -24 31
1 -4 -4 25 -8 -17 -13 1 -9 -12 6 13 9 20 20 -13 -8 -32 -5 13 -7
15 -9 -25 -9 1 -26 0 -9 18 25 1 9 0 5 0 -9 -16 23 12 32
26 -17 -11 -4 -7 -13 4 -25 5 -10 -20 -10 -22 -24 7 19 -4 3 27
10 -3 -25 11 -30 3 3 -5 3 8 -16 -15 8 -3 -3 -12 5 -14
-20 11 -2 -26 -15 -16 -14 -15 10 -2 14 27 11 -26 -26 21 -15
-19 -4 4 9 -4 -8 5 3 -9 -2 1 -10 3 -14 2 -2
14 26 -6 -10 -14 -2 1 -9 12 4 13 3 1 -27 10
27 1 29 -3 5 -14 -10 8 -2 -5 -7 31 -2 -8
13 14 1 -22 6 35 -3 -6 11 -26 48 1 7
33 -32 1 3 0 16 0 -16 2 -6 0 2
2 17 -5 -3 -13 -2 -30 -11 21 13 6
-22 -27 12 -18 -6 21 -13 -2 -1 -8
13 -5 18 -3 -5 24 -6 -12 30
16 28 22 -23 -30 16 7 2
-1 -15 26 -9 25 -5 -14
27 -27 -25 19 17 23
-9 -31 -6 -10 19
6 -14 -25 -10
-9 -11 -8
19 22
-19
