40
-14 2 14 -5 -1 -4 -15 -7 -12 -3 2 -9 3 -5 -3 -13 15 -10 3 -4 -9 -7 -3 15 12 -2 26 29 25 -11 8 -34 0 -3 16 11 2 23 5
18 -1 8 1 18 21 -6 0 7 -4 13 -1 2 22 19 -13 2 16 4 19 8 -10 -33 32 -3 -20 -1 10 -14 -2 31 -11 16 6 -8 5 -10 -8
-22 -6 3 1 4 -15 -25 -2 4 18 -4 -17 22 27 15 -15 2 11 24 8 41 1 -27 0 1 -13 22 10 -17 6 30 -3 -19 23 1 -2 -5
39 8 -15 -2 34 18 -1 14 -3 -9 -11 -12 -29 8 4 20 -6 -19 11 -28 8 25 26 4 12 -11 -32 17 -23 -20 -9 9 -11 -9 -23 -14
-11 -25 -24 0 25 -14 30 -11 -25 5 -14 -21 -17 -15 33 -12 20 12 -28 16 27 -4 -11 45 -22 -24 -23 13 11 -1 -12 -22 -6 -27 -2
-4 11 -5 14 12 -23 -10 -4 4 12 3 -8 1 -19 8 3 35 -9 16 -5 -13 1 -10 6 5 -8 4 -2 -1 -7 -7 11 7 -29
6 -4 -38 2 -22 12 4 24 16 8 -14 7 8 -16 -29 -27 17 3 14 5 8 -21 28 -29 3 -13 -10 -4 -6 8 -19 11 2
-4 -13 8 -19 7 11 -14 19 3 -2 28 -30 15 -2 31 30 -25 -17 16 9 9 -8 22 2 12 -11 27 31 -5 15 5 -32
18 -47 -6 -4 -18 -8 -10 -21 -4 -4 -18 5 -9 -18 -9 17 1 36 13 8 -6 -18 -2 -14 -36 -9 41 -25 -16 -9 2
20 12 -18 4 25 -8 15 -1 -10 -5 -16 -10 14 -22 6 -11 -25 6 -6 7 -34 8 -9 -2 4 -1 -9 10 -3 13
5 15 18 3 0 7 3 12 -2 5 6 29 18 -11 -5 -19 6 -38 12 -2 11 1 0 -15 -18 30 -12 -6 -1
-16 0 0 4 19 13 31 6 -13 7 8 -16 2 -12 8 38 28 -1 10 -19 -5 4 9 -14 -20 1 0 -8
-7 3 5 -25 8 -6 -22 21 1 14 7 -15 -13 7 1 -6 8 -25 -12 -17 -8 -25 -6 33 2 -3 -13
-11 17 23 -8 21 15 -32 13 -3 5 -36 -20 -13 0 -11 23 4 30 -27 9 7 -19 -17 1 6 8
7 -15 -4 -27 -4 -20 -9 -11 0 5 0 -13 -2 5 -1 -27 13 6 -14 2 1 -13 -9 0 2
16 -11 16 -2 10 11 13 -6 9 1 0 18 6 24 2 -30 -4 12 9 10 -12 18 -11 -13
-3 7 4 -25 -2 -4 1 -14 -6 -20 13 -25 25 6 3 -4 16 37 -17 8 0 6 9
0 -26 7 -14 2 1 -8 3 35 10 8 14 13 32 -13 6 -8 10 11 20 0 16
-7 -10 -32 12 12 -15 -3 35 29 10 4 15 -5 -7 31 28 -23 -20 -9 7 -48
-28 20 -31 -8 7 20 -15 -23 -11 -13 -1 19 -4 13 -15 -9 -13 2 -4 21
8 6 -2 4 7 -7 3 -8 16 3 -12 31 6 -15 4 18 2 15 -5
10 -15 7 -1 -12 -4 17 -31 32 -22 13 -20 -23 22 -2 20 -4 9
-4 -12 -16 8 -3 3 -2 12 -37 25 8 -17 -3 11 17 -14 -45
2 -38 1 -7 -1 8 8 11 -4 16 5 -20 5 -20 14 -18
-3 -1 27 18 -1 -8 -23 -17 12 -38 1 5 26 -21 6
11 -10 7 -17 -27 18 19 -22 2 9 -27 -11 -38 2
26 12 -14 19 11 -1 -9 -4 15 -17 12 -7 -29
10 -5 -6 -4 -24 4 19 29 1 17 10 2
-18 1 -13 -2 -3 13 6 -29 11 6 -18
-26 -3 -8 26 6 -34 5 -13 20 4
-9 34 17 3 10 2 28 8 -8
2 -7 14 3 -12 9 -7 23
12 14 -7 -15 5 -25 -8
17 -37 17 15 -7 -20
5 -22 -26 15 2
-4 15 -11 15
-1 19 18
-2 1
14
