80
4 -7 14 13 -2 -20 -15 10 -7 -9 3 -1 4 4 -1 14 -18 -13 4 8 -3 -1 10 12 17 -5 24 4 6 6 -1 -14 15 -1 -12 20 17 -6 -1 -3 2 -19 3 -4 -7 3 8 11 -25 5 14 3 2 -5 11 17 -8 -7 -3 -4 -2 6 1 5 -2 -13 -2 -22 12 6 8 -18 19 1 -11 10 4 -7 -14
7 -19 10 -15 -12 1 -13 -34 -8 4 -7 3 -5 22 -1 5 -14 35 4 -14 6 -5 5 11 2 -4 5 -12 11 5 0 7 1 4 2 -8 7 9 -26 11 8 -8 3 3 1 7 12 12 -3 -9 10 22 -3 -19 -6 -12 -9 2 -12 -5 11 6 12 2 -5 1 5 7 -4 5 -6 -4 3 3 -10 22 -14 -2
-9 12 13 -9 -8 -10 3 0 -5 17 17 0 -24 15 -9 17 20 -13 -8 -5 -7 8 0 3 5 -7 -30 11 -17 5 -9 0 -2 -8 -10 9 17 -9 -15 -6 -1 21 6 -13 -4 -10 -12 9 -3 -7 17 -26 -5 3 -19 -13 -5 7 -17 19 26 -2 -3 -15 2 -3 2 11 2 0 1 -13 10 -3 5 16 15
16 23 13 -17 7 1 -20 -24 25 -6 -6 7 -14 -6 -8 -7 -4 1 1 25 -5 25 -8 9 0 0 -16 -1 2 -5 -5 -7 1 19 -12 -17 5 6 15 0 4 4 15 10 -20 2 5 4 17 -7 -17 14 14 5 -8 -8 -30 -9 -25 -4 -24 10 1 1 9 -20 -1 11 -3 11 -14 -5 8 -10 -1 -8
1 -27 -6 6 -8 4 -8 5 -15 8 -3 -16 13 -14 20 -21 6 8 0 -9 19 -5 7 -5 1 -11 15 -34 18 -5 -5 4 13 7 13 -7 -22 7 -10 -15 11 -1 2 -2 -18 8 15 -7 0 -1 20 10 1 -23 9 -10 -2 -4 13 1 -14 -7 1 -7 -3 9 -7 -16 11 13 -20 -12 -6 -1 -1
15 -7 -14 7 -14 8 1 5 -14 5 -2 4 8 5 -5 14 -11 1 -8 2 16 5 -16 2 -24 -10 21 4 -17 -2 -4 12 0 -10 -14 3 1 -6 12 -8 27 13 4 7 -11 5 6 -7 -16 19 -1 -19 3 -14 -4 -6 10 5 3 -4 -12 12 11 -19 3 7 -10 12 4 -8 4 -10 34 -3
-14 -6 8 19 21 7 7 -3 15 -4 3 24 -18 5 -17 -7 14 0 4 16 -3 5 -2 -1 1 13 -12 16 11 -7 -20 8 -11 16 -5 14 23 -2 11 -1 0 9 12 -18 -8 13 -15 17 -10 -18 12 11 -10 0 10 6 -18 -15 0 5 -12 -1 -18 -7 -4 10 -13 3 -22 -17 -21 0 -10
-14 -21 13 1 -5 28 3 6 8 11 13 3 4 -17 17 -15 -16 -21 1 -31 22 -6 12 -7 8 -8 -9 8 -4 -4 24 -8 -26 -2 8 -19 -11 -3 13 8 -5 4 -5 5 5 10 8 -6 -7 6 16 -5 12 3 -3 8 5 -10 1 -4 2 17 5 -17 -13 2 10 8 10 10 22 1
0 -17 2 -3 13 -2 -10 -5 -14 13 -17 1 7 -10 18 17 -10 1 -5 -1 14 -1 -10 -25 3 4 7 1 -8 -6 -19 -2 -9 -8 1 6 -18 -23 24 -9 2 1 -9 10 -1 9 -13 13 -4 -5 1 -8 -15 -4 17 0 10 -10 -5 6 8 -7 -7 4 10 -6 -8 18 2 -21 -2
3 -11 2 -10 -21 -8 -7 1 -5 -8 9 -3 6 -10 14 -13 -5 3 2 2 -4 9 -3 1 4 19 0 9 -5 -5 1 9 -3 -2 29 -5 -14 -3 -12 1 -9 -11 -14 -4 -7 6 3 11 20 10 2 -12 15 4 10 2 -11 1 -2 -10 6 -5 15 22 10 19 -2 -28 2 -12
7 14 9 22 -12 -3 3 18 -5 16 -14 13 -5 -17 -14 6 -27 -9 1 -3 -6 -4 5 7 -7 -12 -17 -17 -5 19 1 10 21 -3 9 -8 -19 19 1 7 24 -11 10 18 -7 7 27 25 17 -8 11 -2 24 -13 -15 10 -20 -19 2 0 -10 6 10 6 -23 -10 -5 12 14
-7 -7 0 1 14 2 11 -15 0 -15 -14 -12 -13 -28 12 -27 11 16 3 -2 3 8 -7 4 -3 6 -2 3 -13 7 -10 2 -37 -5 -3 9 21 6 0 -9 5 -4 23 6 -12 -10 20 -24 -2 -13 -8 3 9 -9 -31 -9 -1 -14 -1 -18 3 -10 17 -8 -8 9 0 23
12 8 -31 1 -3 -3 3 -23 -7 12 4 -7 7 9 -10 -15 -4 12 -13 4 6 -13 0 -3 -1 -9 9 19 6 16 6 18 -16 -8 -17 -21 9 -7 -2 -10 17 -14 16 11 14 -18 -3 -11 16 -9 8 -19 5 -3 -6 -15 -12 15 26 19 10 -2 -2 -9 -13 14 7
7 -1 40 -25 17 -4 10 -12 3 10 12 -7 14 -4 21 -3 14 -21 2 -11 -1 1 -7 -15 6 -11 -4 10 -7 -10 10 -10 -9 10 -5 -5 -10 9 7 14 -8 -24 -1 0 -11 -18 -4 21 9 20 -11 5 1 3 -3 16 -7 -10 -1 13 -6 -16 -15 8 3 -6
3 15 -11 1 -7 0 -6 -11 5 11 16 -1 -8 -11 12 5 7 -17 1 18 4 -3 6 14 12 0 -6 -15 5 -10 12 8 -10 1 22 -7 17 -9 13 -3 -25 2 21 -3 15 5 16 -2 19 -4 -11 -6 -7 9 6 4 2 -6 -4 10 5 6 12 8 4
-6 12 -1 19 -2 1 -19 -7 -1 1 -5 20 22 -13 16 8 -13 -21 28 -2 6 -11 16 -5 -1 -15 15 2 -3 17 15 11 -3 16 -5 7 3 -20 6 -13 -31 -1 5 17 5 20 -5 -7 -1 -3 -1 -7 0 -5 -6 2 4 -4 5 10 -3 11 -9 -12
-24 4 -6 15 -4 1 -2 9 3 -8 -7 8 -1 7 -35 0 4 1 0 4 3 11 3 -15 -8 -14 -21 3 4 4 0 -3 2 -5 -12 -1 0 -9 -11 -2 10 -26 -8 -2 1 9 13 10 9 -17 14 2 29 2 -17 -2 -8 14 -7 -4 4 -2 -3
-17 0 -10 0 9 -21 -28 -16 6 -15 -11 0 -14 -1 7 1 -2 3 -10 -10 -3 -8 -4 -9 14 13 3 4 -4 -2 8 -2 0 -5 -14 -10 14 11 10 17 7 10 1 1 -10 1 0 -21 0 6 -8 3 15 9 3 0 13 0 -2 0 7 1
-13 5 -8 -1 -13 12 -3 -3 -16 27 2 21 -17 -4 -18 19 -14 -4 -3 -11 -11 4 -7 8 -7 -1 4 7 8 17 7 23 -1 16 13 4 -15 -7 -8 14 -1 0 4 -7 0 -10 4 1 0 2 3 4 -27 10 -1 -1 -9 -13 -6 14 -2
-20 13 9 -16 -5 3 -12 19 -4 -31 2 -6 6 2 0 -5 6 -13 13 0 -9 3 15 -27 9 3 -3 -10 -33 -9 -3 -6 -18 17 -22 -7 -5 -25 -14 17 3 -2 -4 3 10 -15 -15 5 -10 14 9 0 -11 -1 -13 5 -8 17 13 -10
-25 -4 -14 9 -4 17 4 5 7 14 -11 6 -1 10 7 -12 4 -2 -1 -10 -2 -17 8 -4 6 19 -9 9 -4 -9 -10 24 -18 1 -9 18 3 21 1 -3 -7 11 -3 12 -20 -6 23 12 26 1 -19 -14 12 -3 8 21 8 -10 -5
5 18 -8 7 -1 23 -30 -9 -15 7 -9 3 -3 11 2 16 -5 -2 -2 -3 -1 -11 -10 11 14 4 -7 -7 3 -3 -21 20 -2 6 2 13 -22 3 3 -5 -4 5 -12 -1 28 0 4 -13 11 7 -15 -7 4 3 14 -10 7 -4
-4 -13 9 -23 -10 -12 5 3 6 26 0 18 -16 -8 3 8 -10 -15 17 -9 -27 24 3 9 -11 -10 4 -4 -6 -9 -3 1 -5 14 23 2 -11 3 -13 -9 2 13 -7 8 -10 -9 14 8 16 1 12 17 3 -9 3 12 -13
16 14 -4 5 -10 20 -4 14 -4 0 -6 -1 1 -7 2 -12 11 1 0 2 -3 -7 -1 15 4 1 -12 10 10 -4 -23 -12 -8 26 -9 3 -2 -2 -1 -10 -15 9 16 -24 -12 -5 0 12 -7 1 1 -18 -9 -2 -9 -3
18 7 11 12 0 28 -6 -9 4 21 0 3 6 -8 2 -2 4 -15 4 -7 -9 -11 14 -13 -6 -14 -12 11 0 -13 -13 -1 -7 8 3 -5 5 -1 -5 -7 17 14 -7 11 16 -4 -11 10 0 -28 -1 8 -18 -11 -37
-14 29 -5 9 6 4 5 -12 17 8 23 6 11 13 -1 -7 13 -16 16 18 8 3 -2 8 -8 0 -2 7 -2 -15 2 19 -20 4 22 15 -7 17 -1 12 25 -4 23 5 -4 14 -6 -2 -3 4 -5 -6 -6 -8
1 0 -8 7 -14 2 4 -12 14 2 -6 -11 1 3 11 -8 20 -18 -7 -2 2 8 -8 -19 14 -13 15 1 5 4 -18 13 -10 -5 3 24 8 -3 16 -2 -5 10 10 -1 -15 6 -4 -13 -21 -3 -8 22 -13
7 1 8 9 -6 -16 19 -10 -1 -13 7 1 13 -10 -7 1 5 19 -7 -4 -16 -14 -2 -10 0 -15 -17 -1 -11 -11 -9 8 21 10 9 -7 5 11 15 -9 1 11 -12 12 1 0 -13 -2 -1 -5 -3 -12
-4 25 -5 -9 -12 16 -5 9 3 5 -12 2 3 5 -18 -10 -10 -4 13 -12 -6 11 -7 16 5 9 -17 -21 -18 10 -6 6 9 -5 -13 18 6 -4 3 -4 11 -17 -13 -6 -16 -4 8 -15 3 5 -5
5 9 4 -11 -3 -1 -13 7 -10 -28 11 12 -6 -1 -8 -27 9 5 14 11 8 -14 21 -7 3 6 -9 5 2 2 0 10 -31 -4 -15 15 -6 7 5 5 7 0 4 -10 -3 -4 1 10 10 8
-3 16 -21 12 9 -3 -13 20 -10 -3 -6 -18 10 -3 2 -3 -13 -9 9 10 -7 -8 8 1 -16 -15 4 4 -11 12 14 -15 -12 5 7 8 8 -14 25 20 -1 27 2 -2 15 -22 5 4 -13
-4 -6 0 -5 7 -10 12 18 7 -11 -1 17 -9 7 -1 -2 11 5 -5 19 -2 -11 -5 -13 -23 9 4 4 -12 -6 5 3 -2 8 -7 -15 -28 -17 -4 20 9 1 7 6 2 -8 -17 11
-5 -3 0 -17 -9 24 -21 -9 17 -2 -12 9 6 5 -15 -10 20 -1 -18 -1 -1 10 -20 0 5 2 -23 6 -12 1 -7 -1 6 8 7 4 16 13 1 8 -19 -2 -1 4 13 21 8
-4 -7 2 11 -11 -3 12 13 9 6 -8 -5 24 -1 0 -16 -4 11 -6 -3 -2 11 28 -6 -2 9 -12 -20 11 1 11 -5 -7 13 -12 1 -1 -3 -17 -7 12 -8 1 -17 -1 -23
-19 -7 -22 24 1 -8 -8 -14 -8 6 17 2 18 12 21 -17 -4 -1 -9 19 -2 -11 12 1 -3 27 3 17 25 -5 -4 5 -25 18 5 9 -12 -11 -6 -3 12 -19 14 -9 -6
-10 21 16 -12 -23 9 5 -4 0 -1 -1 7 -2 -2 12 -21 3 23 14 -2 0 13 10 13 12 -3 -3 -7 10 -12 21 16 18 -13 21 -12 3 5 -9 2 17 -10 12 -10
10 0 18 14 5 -14 2 8 8 -1 0 16 -24 2 24 -8 6 -12 -9 -1 6 4 -5 17 2 8 -14 28 -1 -1 9 -1 8 -5 10 -8 9 6 13 -12 -12 -1 3
-8 -5 -11 5 -11 -15 -25 4 31 8 -11 -12 6 7 9 13 -13 17 15 -7 -5 -6 -10 0 1 -12 4 0 -1 19 22 -2 18 0 -15 -1 4 17 15 -28 16 -21
-1 -23 -18 -9 -22 15 23 -6 8 -9 11 -4 -3 9 -1 10 -14 -18 8 -26 -19 24 12 11 11 14 -5 -14 6 3 6 10 -20 -22 -10 3 17 -12 17 5 6
0 -7 -18 7 6 14 -13 -15 20 -17 -20 15 9 2 10 5 3 -9 -5 2 19 6 3 10 -9 -12 -5 -13 -11 2 -5 -1 9 -3 -1 18 -10 12 -33 20
-9 13 19 -4 -4 -8 -11 -8 -22 3 10 -5 -12 -10 -2 -8 6 0 10 -12 22 -23 -14 -15 0 15 -1 -22 4 -12 3 12 -22 -16 -8 -7 -18 1 -9
-7 -3 13 -2 -1 1 0 -2 5 -13 6 20 4 0 12 -13 18 -10 -6 -20 -7 -13 7 -2 5 24 7 5 9 22 1 21 -10 -14 -19 -8 7 20
-6 2 3 4 17 -6 6 0 9 2 10 3 -9 -18 -3 -15 21 -33 5 -12 5 -24 6 11 -16 4 -15 -23 -5 16 -5 13 -21 -2 -11 3 -1
2 5 -19 -21 22 -3 1 40 -6 -21 -2 16 -5 6 23 7 -15 19 6 -13 -27 9 8 2 -9 -17 -3 15 14 -4 -7 -2 10 -11 -8 7
-8 -14 -19 -16 11 2 2 2 -1 -21 -9 2 10 0 4 7 6 9 11 6 6 -8 8 -4 3 -11 23 5 27 13 7 2 2 1 15
11 -5 10 1 -1 22 -18 -16 -2 -22 -9 6 -7 5 14 -3 7 13 4 -9 25 -16 16 -1 12 -13 6 9 30 -6 -24 -1 4 8
-1 -2 -2 4 9 13 -18 -8 -6 3 1 0 6 -9 -10 -13 -18 4 -5 -4 17 8 -1 21 13 -10 3 14 14 4 -1 25 -10
23 1 -3 -16 26 6 21 -4 -34 -17 -3 -9 -10 -16 -1 15 11 13 -2 -14 12 -12 -12 -18 -5 0 -3 -10 2 -5 -3 -4
3 12 16 3 11 19 -4 -1 13 10 1 5 7 10 2 -3 -7 16 -14 -6 -20 -7 -11 1 7 14 -7 -14 13 -7 14
-15 -3 -27 6 0 -9 -17 -2 -4 3 -10 -3 19 6 0 15 -4 -22 18 -18 1 10 14 -1 22 12 13 1 5 10
-7 18 5 4 2 3 -2 0 20 -10 0 -13 -25 8 0 9 15 -17 -18 -7 -1 0 12 -17 -10 14 6 5 15
-24 -3 -21 14 0 -1 3 1 -6 15 12 12 -20 9 -3 -24 -9 0 -3 -7 -5 20 5 -6 -20 -8 3 -1
-9 22 -7 -3 -1 6 -11 -20 -4 -21 -15 -5 -1 -11 20 6 10 -23 -14 -22 0 -18 -2 11 7 -13 7
2 -13 3 -10 -14 10 -4 -10 -4 26 -15 11 21 -1 6 1 -3 -7 -17 -6 -8 5 0 4 11 -3
-2 -6 9 7 -11 -4 -7 -19 3 -3 4 16 10 5 -2 -10 -8 13 -13 1 -10 -5 7 -17 20
3 -15 -12 -1 12 1 10 -9 -6 -8 -6 5 6 -21 28 -9 -23 12 -21 0 -10 -10 -7 -4
11 0 -1 -4 4 2 5 9 -21 -11 15 -13 13 1 5 -19 22 -10 3 20 -4 -1 -10
3 6 2 12 -10 10 -12 -15 19 1 -5 0 3 17 -1 7 22 -7 -8 -3 -11 -8
13 8 -3 -1 -10 9 -17 8 -10 4 -6 1 11 6 19 -6 -2 21 -3 8 -3
3 5 0 -4 0 -11 25 -8 -15 -12 3 0 -2 10 -5 -3 18 -4 -9 -11
21 17 8 29 -22 8 -6 21 4 23 0 -18 1 2 22 -20 11 5 0
-9 -13 -8 -1 -1 -7 -8 -2 -9 4 9 -13 -2 -5 0 6 10 -7
21 25 8 3 -16 6 -7 2 1 -23 18 8 1 4 -12 2 0
-8 14 -5 -17 12 2 4 -6 -12 8 -6 4 -4 20 5 5
-26 -16 6 -5 10 -5 6 -14 21 6 9 4 -3 26 7
8 -2 6 0 -12 2 28 -26 -14 -1 -1 -12 -2 -1
-12 10 -24 -11 8 0 -3 -8 -9 -2 -8 -6 -14
4 10 25 16 -17 -7 -7 15 0 -17 -5 11
1 5 -14 -14 2 2 20 9 8 15 -10
3 -18 -2 5 1 -2 -7 1 8 -17
1 -9 -1 -14 22 -13 -3 14 6
12 13 9 9 12 -2 -5 9
-6 7 -18 -17 0 0 -1
9 -18 -11 -15 -3 -1
-13 -13 -16 -1 9
18 18 3 4
13 19 -6
3 1
-6
