80
-5 0 -12 -5 1 1 -4 -4 -9 -7 8 -9 -1 3 -4 23 -7 18 -2 0 -20 -2 8 22 -10 -10 6 -11 13 20 18 -4 -4 6 9 14 19 -23 -1 22 -1 4 1 9 -6 23 -7 10 -6 3 -3 0 4 4 4 -13 4 -3 15 13 25 11 -24 -2 -14 -12 3 -21 -3 30 18 -8 -12 -3 -8 16 16 12 8
-22 -5 -11 21 -15 1 1 6 17 16 -6 -4 18 21 4 -16 0 -3 4 7 14 -3 -2 1 3 5 -4 6 -1 -7 -4 -16 3 -18 -12 16 -8 0 -22 -4 0 10 -25 -14 2 -24 6 0 2 -13 7 0 -6 3 0 -9 -2 -8 -25 -4 -19 20 -17 22 -12 16 18 -8 -4 15 -12 2 31 1 8 -14 6 -2
-11 11 3 6 14 -4 -10 1 -21 -6 5 -9 12 5 -7 -10 -15 -18 -8 7 12 -12 -13 1 12 -18 -5 14 23 8 -6 -11 -5 6 -17 -4 -10 -9 -4 10 6 -14 10 25 -9 -18 2 -13 8 4 0 18 -4 -8 20 15 4 12 -16 0 -18 0 -3 8 -15 2 1 3 -9 -1 -2 -3 -5 -5 -4 -7 13
1 -10 2 10 3 13 -9 -13 17 -10 32 -10 -4 23 -7 11 12 17 -1 -2 8 8 -11 -2 -22 15 -11 1 -14 2 4 10 15 -11 13 0 5 -17 -11 2 -7 7 -14 1 -14 8 -3 -15 2 3 -5 14 19 -10 -17 -14 -10 9 -4 16 -16 9 -16 -14 -7 3 -13 12 5 5 -2 -8 17 5 3 0
3 8 8 3 10 -12 -21 -5 -17 15 -23 -5 17 -20 6 7 11 8 -3 0 -3 -6 2 -21 -9 5 -5 -10 -15 -9 14 15 -2 -10 1 13 -21 2 -3 -2 1 2 -12 -10 -7 -4 15 -3 -19 14 -11 16 23 5 -17 3 -12 3 1 19 -15 -3 0 -11 2 -6 -10 -6 -6 9 18 -11 -10 -16 -1
-7 -1 -10 8 10 9 17 1 2 8 3 -13 26 -2 7 4 23 10 7 6 -16 -6 5 -9 -1 19 -14 -11 -13 0 6 11 10 7 -11 -19 -6 24 -16 16 -4 -8 0 -17 -2 -6 14 -13 0 -3 18 9 3 13 0 -2 11 0 -6 6 2 9 -5 18 12 16 1 -15 -9 10 9 -17 -5 0
-1 -25 -7 -1 -13 -20 -20 -9 -8 -17 16 16 -7 -4 0 13 19 -4 2 18 20 -6 -6 9 29 -19 11 7 -6 27 -18 -13 1 22 -11 -17 8 8 27 2 -2 -6 -4 -6 -10 -19 -13 -1 -10 0 17 3 -2 -9 -18 19 -1 1 1 -13 -15 -17 9 -15 8 -9 -21 3 -5 6 -6 3 -5
-2 4 -6 9 -3 14 -10 -18 2 15 -6 14 -13 -1 11 -3 -12 -5 -7 17 -9 -7 6 -8 9 -17 2 -11 -6 11 -7 2 -3 11 -6 -12 -19 13 27 -20 3 6 14 -10 20 -18 13 4 13 0 13 12 7 4 1 11 -3 -9 -9 1 -8 22 0 10 1 -4 -1 5 6 -3 -8 -28
13 -4 -10 13 15 -1 -16 -3 6 -17 13 23 31 9 1 9 1 2 3 20 15 -8 -15 -8 8 7 -19 0 -3 -1 2 2 13 -1 -14 -13 -15 -9 20 8 -8 -16 -2 0 17 8 1 4 0 -11 -18 -10 4 -6 14 5 -15 -10 -12 6 23 -7 12 -1 18 -16 -3 3 -3 14 -14
-3 29 20 3 14 -1 -5 7 -6 -6 4 33 -1 -4 -5 3 -2 12 -1 -2 -1 12 -16 4 12 12 -8 -6 -5 -1 7 7 -22 4 -7 -32 -24 0 -8 -23 -2 -1 9 -2 1 -23 19 4 -5 6 -13 5 -6 22 1 -7 -24 0 -25 -8 7 -2 -10 -1 -11 2 -14 -5 -7 -5
7 5 -3 -13 10 20 -7 24 15 10 -4 28 -13 -10 24 8 21 11 16 -3 8 11 11 5 10 3 -2 1 16 -1 9 0 19 -6 24 17 -13 6 1 1 11 -6 -9 -16 8 -6 -19 -5 -2 18 -1 -9 -15 1 8 0 9 6 3 -7 -4 2 16 7 -6 5 -20 0 4
16 0 1 17 -1 1 2 -3 4 5 -7 6 -1 8 -13 11 11 -6 -13 -1 -15 14 16 11 -28 14 -14 -2 0 2 -18 12 -15 -24 5 10 7 4 15 -3 -17 11 -11 -2 -8 -19 -8 -3 -5 10 13 3 -12 -1 -35 8 -2 -7 23 1 -9 4 -21 10 -5 9 -11 10
5 -8 8 -9 -7 -2 19 -8 -10 10 -17 -18 -4 -6 -4 1 13 5 8 -9 -12 -16 -4 -5 -12 16 12 -2 8 -17 2 0 -11 -19 15 8 6 -2 2 6 1 23 2 -1 3 -7 2 -12 2 -10 15 8 3 -14 1 -6 -8 25 -1 -4 0 -17 -1 3 12 11 9
-14 -1 13 6 -11 3 -8 -9 -8 -6 -1 -22 -1 1 -8 -8 -24 -31 9 -13 -11 -23 -11 9 10 2 1 -13 12 -12 7 -1 -2 14 -21 -15 7 18 3 -1 -2 19 -5 -15 -4 1 2 -12 -1 -7 1 1 12 20 0 -3 2 -3 12 -11 -4 1 15 10 3 -3
-5 14 3 -12 -14 17 21 -14 9 11 -12 -16 -2 -12 11 -16 -9 -19 13 -8 -2 3 -4 -1 8 -8 -13 12 8 -2 -13 2 -5 -16 2 -9 -3 -25 -1 0 10 0 3 -13 -1 -7 10 -3 15 1 26 -13 7 4 7 0 8 -1 12 0 8 -2 -6 -8 1
-9 -4 7 -6 15 -8 6 19 -11 7 5 -1 -12 10 5 3 11 -17 -5 -4 -8 3 -11 15 -26 5 4 1 -1 -1 -9 8 -1 -12 -2 -18 -1 3 2 24 -5 -20 8 -2 -12 -14 -4 -18 -17 1 -3 -3 29 -4 8 1 -7 -1 7 14 -8 11 17 2
-8 -7 13 -11 -1 3 -11 -2 11 12 2 -8 8 -16 0 6 1 -3 4 -11 14 13 -7 -8 -11 22 5 -1 -5 9 -17 -5 -1 7 23 0 7 7 13 8 12 -6 0 -4 3 0 -8 -5 1 -2 28 8 21 -16 7 19 5 9 -9 5 -8 -18 -17
-15 -6 0 8 3 -3 13 17 -8 27 9 -5 6 2 1 -7 8 -8 1 -18 -6 -16 1 -6 -1 -3 21 0 6 3 -2 -2 -11 -16 -1 -19 -4 -15 16 -12 20 -17 2 -6 4 -10 -3 3 -4 -12 -2 22 -16 9 -10 10 -29 -1 0 -5 9 -12
-8 9 -20 4 1 8 6 -1 14 -6 3 18 8 -12 9 1 18 24 5 -6 23 -10 4 -2 10 13 12 -4 -1 24 0 -1 2 6 -5 -20 7 6 -21 10 3 4 9 23 -11 6 3 0 -2 -13 4 19 23 -7 -10 -3 -21 6 3 24 -7
14 -19 11 -16 -16 6 18 -2 2 8 15 9 31 -32 3 -7 -10 11 -8 -15 -7 9 2 -12 -21 3 -3 -8 5 -8 3 -12 5 23 12 -8 -5 -1 -18 -12 6 -3 7 4 -11 -5 -12 21 5 -3 -12 -19 1 4 4 -4 4 4 -7 -6
21 -8 3 12 0 3 17 -1 20 -7 -15 -1 8 3 14 9 -1 -10 -3 -21 8 -9 -23 -30 5 -8 2 6 10 9 -14 -11 -4 6 18 -9 -6 -16 -33 -1 22 -16 -3 -5 -9 -4 17 5 -2 2 7 -2 -6 3 -13 12 -5 2 -16
-1 24 7 23 3 12 0 0 -17 -5 -21 22 -6 -7 18 -16 1 -4 -6 5 -1 -14 -9 3 -9 8 -9 -7 -11 -15 4 -3 2 6 26 -9 -1 -11 -1 5 5 14 3 -2 -15 -12 -2 36 -18 -4 13 12 -11 14 -4 -12 -9 -20
-9 -6 17 -1 7 -4 20 4 19 -1 -9 21 -17 3 7 2 12 -2 0 -14 25 -7 4 12 2 8 -10 -11 9 10 -19 8 -6 -4 7 5 16 6 -7 7 8 -12 0 8 3 -11 20 -18 -4 -15 -21 11 -8 0 -18 10 -8
4 5 -7 10 -4 -12 3 1 -14 8 16 -2 18 6 -8 -15 7 -1 -12 -9 -16 15 24 3 -18 -4 -19 -7 2 4 -14 1 3 -15 4 -8 4 -19 13 0 -10 -10 -26 -22 -10 22 14 -16 -22 -2 0 5 8 -10 -1 24
-11 -18 -5 7 -16 11 -17 -18 20 -8 15 8 1 -5 0 -8 -16 -2 12 13 -8 3 21 4 11 0 6 0 21 -20 -7 3 -5 -7 -13 4 26 1 -11 6 4 1 4 4 -1 2 21 15 -7 -15 -2 1 9 8 4
3 -7 15 -5 -5 1 -4 12 9 30 -5 2 2 -2 -13 8 13 -2 2 11 -12 11 7 9 2 -4 1 8 -12 14 19 -15 -1 9 0 -7 11 7 -4 -15 -7 -3 0 27 -6 -20 8 9 -8 7 4 -2 -4 -11
-4 13 21 5 15 27 -3 10 -16 -16 -6 -2 -5 0 20 4 -7 -5 -5 14 -12 3 -10 16 4 -7 -13 -6 8 -6 -1 -19 -2 -37 -27 5 0 13 -4 5 14 4 2 -7 -12 -3 -12 5 -1 -12 -2 3 -9
-15 11 8 17 -12 -4 9 1 8 -9 -6 -7 -4 1 -11 -14 -12 -4 20 -6 4 -3 -16 -2 -5 -12 5 -8 -6 -3 10 -25 10 -1 8 -9 -12 13 -13 -4 -6 11 -7 0 -11 4 -6 -8 14 -7 -21 -6
1 -4 -7 28 25 16 -3 -10 -14 6 6 15 19 12 16 -3 -2 8 -9 13 2 10 -15 -9 6 -24 -16 -19 -5 0 19 -14 -12 2 2 16 -16 -9 6 4 13 -3 -3 8 -3 -16 10 -10 16 -12 -7
5 6 -7 -7 23 -16 -8 -9 -18 3 -1 6 0 -2 -10 -10 14 -7 0 5 -7 2 -18 -8 -2 19 -9 -1 -8 -12 -8 12 -10 -3 -4 4 3 18 2 8 1 4 -6 4 -1 -8 23 0 10 -10
0 2 -23 2 -3 8 -11 -24 -2 -17 9 8 -12 4 1 2 -9 -6 14 1 -31 5 7 -13 -14 -12 12 19 -1 -8 14 2 0 2 1 12 -18 -17 -4 7 -2 -39 1 10 -19 -1 -2 8 12
-2 -14 1 -1 10 -4 -5 -29 7 6 -18 24 0 6 -4 -7 13 -16 -21 -16 8 -10 1 -28 3 12 -2 12 -2 -18 0 -10 -2 -8 -14 -3 -1 9 2 10 -2 0 -2 3 -10 -15 9 15
-19 2 -9 -22 3 4 -13 11 23 5 -9 -8 4 8 -20 12 2 8 -15 24 -16 12 -1 -22 -17 6 18 -1 -4 -5 -6 8 -8 19 8 3 6 -16 -28 3 9 0 -1 -13 3 -4 8
-9 6 7 -3 12 24 20 -1 -5 6 10 6 8 23 3 17 5 13 -9 9 -19 1 4 -8 -11 -5 8 16 7 10 -1 2 -1 -9 13 4 7 2 4 -8 -16 -9 -10 5 -1 -12
-4 -26 12 5 -24 11 2 -19 8 -15 -21 11 -16 -4 -5 -13 -2 -11 4 -12 5 -22 7 7 -9 -13 -7 -7 16 -13 -23 -8 -4 -24 6 -1 -3 -16 19 5 7 11 -28 -6 6
1 -12 -4 12 1 -1 -11 -8 -4 1 -17 -10 10 8 6 12 -9 6 -18 3 9 -3 -12 4 2 5 2 -7 -7 -20 0 -1 -6 -1 20 -18 14 -6 1 -6 13 4 -29 15
-2 -7 4 0 3 15 8 3 23 -7 3 -5 -11 8 -12 -5 -6 2 -16 8 6 18 12 20 -18 6 -3 9 5 -19 -15 -11 12 -2 7 -2 -22 4 -2 16 14 8 -2
-12 -4 -8 9 -1 9 -19 -8 7 2 10 -3 26 15 16 9 -1 -7 3 5 15 22 11 21 -4 8 -3 -8 -7 -7 8 -14 -9 12 9 -12 23 -4 9 7 14 1
-4 2 -13 -2 15 4 -7 -15 -6 7 4 -8 7 1 1 2 17 9 12 4 -2 -17 -24 0 -6 4 -11 3 1 5 7 1 3 0 10 1 20 -6 -24 -23 -13
10 -1 -1 -2 -1 18 14 15 14 -3 10 18 -12 3 -15 17 10 -1 -7 24 -6 18 17 8 4 19 10 -10 -2 5 3 1 -8 -7 -2 12 -22 24 0 -18
-17 -21 7 13 8 10 -6 4 -15 -4 7 3 -4 -2 -21 -4 7 -12 10 0 -2 7 -2 8 -21 2 -4 -32 4 -10 1 6 6 -11 -1 1 1 -1 14
-7 -17 -8 -7 -2 12 14 15 12 10 6 -18 2 3 -9 -8 16 17 1 -1 -18 17 2 6 -3 -17 17 4 7 2 2 1 -17 -1 -14 13 -5 -15
-5 17 8 11 2 -8 -3 0 -2 -6 17 11 10 3 1 8 7 9 -17 15 -5 19 -3 11 7 24 2 -19 8 -3 -10 18 19 -15 11 8 -3
-8 6 -11 -10 2 -13 4 1 -14 8 -11 -1 1 -3 3 22 -10 -8 12 -14 6 10 -14 -11 -12 -8 9 28 6 4 3 12 -8 -10 -7 -4
-11 -20 8 3 -8 -11 13 -17 8 -6 -10 2 -16 -19 8 10 6 -5 -5 13 10 28 -8 11 -6 -12 9 8 -11 -12 4 -13 0 31 -7
4 2 0 -11 4 -20 8 9 -9 22 14 6 8 9 23 -5 3 -25 -28 2 18 -9 -1 -3 -2 -3 4 3 9 -5 11 2 8 10
-18 4 3 12 12 7 -21 -3 -19 -6 -13 4 6 9 0 3 -11 4 -5 -16 -6 -10 5 0 -15 -19 -17 -8 6 -11 7 -1 5
-13 10 -16 15 -13 4 4 19 10 -14 -3 -4 14 2 4 0 -7 16 2 1 6 -4 5 -6 12 -2 -10 3 -26 21 26 12
11 9 0 14 6 -7 -2 1 3 18 4 -1 12 -8 -3 -11 -21 3 -5 6 12 6 11 -5 1 -11 12 -7 -1 11 -1
18 4 11 -11 0 27 4 -5 10 -18 -8 25 -13 1 11 -1 -2 10 7 6 -10 -1 2 6 -7 4 -3 -4 -19 7
1 0 -2 1 3 -11 -12 11 33 -11 23 4 -3 2 -14 -18 14 -13 -22 8 3 10 -17 -2 -10 8 20 -18 -7
-4 -11 2 0 8 -7 -9 -11 12 1 0 1 0 2 13 16 4 -12 2 -12 14 -8 3 -2 -3 8 -7 -3
-22 17 -11 19 -4 18 1 -1 2 -2 -14 -7 -16 10 -16 -6 -3 -12 1 -1 3 12 -8 9 -6 8 0
-16 -5 -6 5 -21 -2 4 14 -6 6 -13 0 -2 -10 12 -10 -3 8 15 13 4 2 4 2 4 3
-3 -7 19 -8 -7 5 1 11 -2 13 8 7 13 6 -8 -11 12 20 -3 5 2 -4 -2 6 -13
0 -8 -2 -9 -2 -1 -1 -6 -13 6 14 6 8 9 19 8 8 14 4 11 11 0 -13 -9
7 2 -8 -10 -7 10 -4 -5 -11 0 2 2 3 -12 11 18 5 -12 14 -2 -13 12 -17
0 9 -10 -11 -1 4 5 -7 6 8 2 0 -4 12 -7 4 6 4 -4 -9 -15 -6
6 12 -3 12 -12 -5 -13 1 -15 -17 11 -1 -3 -8 16 3 -4 10 1 -2 16
11 10 16 8 6 6 0 -14 -32 5 5 8 6 -17 9 8 -13 31 0 -4
25 7 8 1 18 15 6 -2 -7 3 -6 5 3 -1 -10 13 12 -2 6
0 3 3 20 12 0 -15 -10 -1 20 4 6 -14 -23 2 18 7 -3
-12 17 8 -4 3 -23 6 2 8 1 16 -2 -4 -13 23 -5 -1
0 16 4 -13 -7 9 6 5 -9 0 0 1 -12 -7 -4 -20
-4 -18 13 9 19 -13 14 6 5 -7 7 -23 0 2 -9
23 -11 16 -18 -15 6 6 1 7 3 -15 9 4 -16
-6 -8 -20 -15 7 23 13 6 -8 4 -10 17 -6
8 2 2 -7 13 -3 0 -13 12 -7 -5 5
5 -21 4 8 -9 9 7 -13 -2 -1 -13
-11 5 -6 12 -23 10 4 -20 -19 -18
-1 -22 5 -25 -15 10 10 -3 9
25 11 -7 -7 -2 -3 25 -28
7 -1 7 5 14 13 -18
-21 -4 -3 -28 -8 9
5 -1 -1 15 0
-30 -8 -12 -9
-11 -14 13
2 -5
3
