60
-4 8 8 9 -2 13 0 18 22 -39 17 -3 -7 -5 11 -29 1 -20 5 -5 10 2 10 -10 -17 -11 6 19 -2 17 3 -11 -8 -27 8 23 -1 -27 4 10 -22 -3 44 3 12 -11 9 3 10 -4 -9 -3 10 -5 16 -4 1 1 -4
-13 -20 13 -11 15 -13 6 -2 -3 -12 -19 8 -21 -2 10 18 5 11 8 12 10 8 12 -4 17 24 11 2 -4 -2 2 19 -3 9 0 0 16 -14 3 -14 2 -5 -6 -32 14 2 -5 -8 4 0 -7 12 -3 21 -3 -15 -4 -10
6 19 -6 7 15 2 -13 -12 -15 -11 25 21 -14 3 1 2 1 16 -17 6 0 4 4 -22 4 -15 -9 3 26 -10 7 -5 -8 -15 -1 -3 9 -7 -6 -9 -8 6 20 16 8 -2 -13 -17 -15 14 -16 9 1 1 5 -3 29
7 3 5 -1 11 4 -9 26 7 -4 -8 2 -11 -5 -9 6 4 4 9 -14 0 -13 -37 9 3 4 10 1 14 -7 -11 -8 2 -7 7 -13 4 20 -6 1 -2 22 -7 -17 16 1 -7 -4 1 10 -2 -6 -9 11 -5 -8
-7 -6 -1 11 -7 -19 1 -1 7 15 14 -8 -7 -7 -8 12 -6 9 -9 -2 -18 -14 0 -3 9 -1 -6 -26 2 -9 -7 -17 -7 -7 -1 7 -24 -6 10 10 6 15 28 -15 -30 -10 -10 1 6 8 5 6 8 8 1
4 16 -2 6 -5 -11 -15 12 -3 1 -8 2 4 2 -3 16 2 -6 -9 14 15 -7 5 2 28 -12 17 1 6 16 3 -8 -9 9 -1 4 20 -11 4 -12 9 -17 -17 11 7 1 -9 -3 -19 -7 -12 2 3 9
-6 4 7 -18 7 -23 15 -13 -15 30 4 -2 13 -19 26 28 24 11 -1 -18 -9 36 22 31 4 8 11 7 -10 -4 9 2 -17 0 -4 6 11 14 2 1 5 0 -10 -1 -21 -15 -13 -7 -13 25 -8 19 8
17 -4 15 8 0 1 -1 -5 8 -12 0 -7 -1 13 4 29 14 -14 -1 3 -5 -14 29 -13 -15 -3 12 6 -18 3 -11 14 -1 0 -8 0 -4 1 -3 6 -10 0 -11 15 -5 2 9 -22 -7 -8 -7 -8
-31 -22 -3 13 -9 -16 14 -3 2 -11 6 3 -16 -1 8 -3 -22 -18 2 -5 0 35 2 -21 9 11 0 5 7 19 -14 13 -16 -3 3 12 11 -3 16 -22 -14 -12 9 -6 11 -6 0 -4 19 4 3
-11 2 -30 -21 -6 -8 -23 -37 15 32 12 10 10 -3 -13 1 6 38 27 16 8 14 14 13 -4 -8 11 -13 -15 -4 13 9 17 30 -20 11 -10 -7 8 10 4 0 -26 5 -4 5 -11 -1 -7 -18
-9 11 -15 2 -11 17 15 13 9 9 -18 -6 -1 12 14 16 -8 -6 -1 -19 -3 1 16 4 24 -4 -16 -5 7 3 5 -20 -18 -13 11 -9 8 -3 4 21 7 -7 -21 26 -8 -1 -13 -8 11
11 -5 22 -6 -13 -2 -15 5 -16 31 19 21 15 -10 -21 -13 -11 7 1 -30 1 -15 -1 -12 10 -9 -12 -3 -10 15 2 3 0 10 -6 -25 14 -10 -10 13 -5 12 -20 -4 -16 -20 22 -19
-18 14 3 -9 13 -2 -22 -12 -7 0 12 1 3 -10 -29 -3 -29 -8 -8 -22 -12 3 9 -13 -10 7 2 0 15 11 16 15 1 -23 23 5 17 -23 5 9 13 10 5 34 7 10 15
5 4 19 -4 -7 -1 3 16 22 -5 14 17 0 -10 3 -4 -11 6 0 -7 8 -19 14 -13 -7 -11 -19 -13 -2 -2 19 -3 7 -19 -1 3 -34 7 6 14 8 6 -16 -3 -13 7
-11 1 -5 -9 -9 -11 8 1 22 8 -9 -13 -25 -23 -9 -12 -2 -8 -21 -16 -7 -11 -19 -12 19 -28 -18 13 -6 19 -5 -9 -5 19 -4 2 -8 10 -6 -2 -8 10 17 -8 6
-20 -11 1 0 7 -8 -10 -13 -12 13 -12 20 7 20 -4 -17 -7 -10 -18 2 4 -10 10 -2 -22 7 -9 16 5 -2 -4 6 -13 6 -18 2 15 19 6 21 -5 12 -16 -22
10 3 9 -22 8 14 6 5 13 7 -30 10 -3 -15 -10 10 12 13 11 -2 16 12 10 1 6 -6 -33 -9 -9 -22 13 -13 1 6 -24 -2 -5 1 -19 6 2 5 3
-5 -16 -8 -13 -3 9 1 14 9 -25 -9 -7 -9 13 -9 6 14 18 -6 -1 11 2 6 -21 16 -36 15 0 -2 3 34 20 19 1 3 -4 2 9 6 -1 3 7
14 -2 -14 -20 -24 -5 14 17 -10 6 8 -19 -1 17 10 -2 1 0 14 11 5 8 -5 -3 -11 13 -18 -3 5 13 -9 -6 -7 -28 -7 -22 -11 9 5 13 -6
16 -6 8 -16 6 0 8 20 29 7 -9 6 12 32 -14 16 39 -10 10 0 5 -3 13 -5 -12 -3 1 0 -26 -21 12 -38 13 14 -25 9 2 14 -4 -13
-18 10 -7 -18 -7 -16 18 -17 3 -9 2 7 12 12 -11 -5 -30 0 -11 -6 10 11 -8 12 -10 14 9 2 0 -8 -10 8 11 12 30 -18 0 -21 5
9 20 6 -9 -6 8 -10 14 -3 -21 -9 -4 -12 -10 9 15 -2 -24 11 21 5 7 18 -13 8 -9 5 6 -12 6 -28 -17 -5 4 7 -7 -3 -4
7 4 -8 -7 -8 13 5 18 -8 9 3 29 -4 -5 -20 3 -3 1 5 -5 -4 -1 -5 11 -6 6 17 -16 -17 -21 5 -8 8 -1 -22 -1 15
21 -10 -1 -15 9 -14 23 -17 -10 -7 13 8 -24 3 -13 0 -29 -13 12 15 18 -1 -28 16 1 19 -5 19 -12 -3 11 -11 9 -4 -9 -8
0 17 -14 -2 -3 4 -16 14 -1 -9 -19 -3 -4 -8 -2 -17 -2 -8 0 22 -7 4 -5 -20 -9 -5 7 -12 -21 -6 -20 -4 9 -12 2
20 4 -23 20 -3 14 -5 9 6 -4 0 -12 11 8 -11 5 3 -4 -10 1 -8 -14 3 -5 -3 8 6 12 13 -11 -9 -9 13 11
-10 1 -6 5 6 14 12 -2 22 33 -5 7 14 1 -7 -2 -5 -12 -23 -7 -7 -14 16 12 -15 -8 0 3 -19 10 0 8 -14
4 22 1 -8 2 29 -16 -20 4 4 21 -21 25 10 -9 25 -19 20 13 -6 3 -12 -3 15 21 15 2 26 -7 -12 -2 -9
-12 12 -10 9 19 -14 10 4 11 10 -14 2 -8 22 21 -10 19 -4 14 5 22 12 -14 2 7 -15 -5 26 -2 6 -4
-1 -11 0 -6 12 -9 -5 5 25 -12 16 7 -17 2 16 -2 19 -9 10 -3 7 -9 -13 3 -5 -7 -8 -5 7 10
5 -9 -1 8 3 -1 2 7 5 -5 -15 13 24 8 7 -13 -3 -15 8 -1 14 -8 4 9 -9 3 -3 21 14
-6 -5 7 5 -3 -15 -11 -1 -10 -15 -8 -7 -17 6 6 -9 0 -9 -8 -15 -10 -16 23 0 -4 11 -7 12
3 5 -12 8 -6 -4 -8 10 7 -19 -28 -8 1 -9 -5 -3 -1 12 4 -3 -15 -21 7 -17 -1 2 -17
1 3 11 -2 23 -33 27 12 5 -21 3 25 -2 10 -10 -18 -3 -15 -6 -1 -23 -4 27 -11 14 16
-7 -23 -4 -14 -6 -10 -2 0 -21 12 -8 -6 3 13 11 -20 10 -2 -4 7 6 -19 -7 22 28
-2 -11 -3 29 0 3 11 -17 -24 1 -29 13 -14 30 29 -20 6 3 3 4 5 20 -13 16
-10 6 -6 4 -5 2 13 1 3 -7 -25 -18 0 5 -14 13 27 -15 21 -12 -9 -6 -8
18 -17 18 10 0 9 -8 -3 7 9 8 -1 3 12 -6 -7 -15 -19 16 -10 10 -6
-28 19 4 20 -14 10 -1 20 -11 20 3 9 -12 9 3 -11 0 29 -3 3 5
-24 -15 -3 -8 -3 -15 -7 -10 -13 9 41 -28 4 7 -2 -10 2 22 -3 -12
2 -11 -18 -13 10 17 5 -7 -5 8 4 -4 -10 2 -4 -2 -11 9 -5
12 2 -8 13 9 -14 11 1 -13 -6 -7 10 -15 -15 -9 -7 9 -4
11 8 -10 2 -19 12 6 14 4 6 28 -11 3 15 9 -3 -13
9 6 -5 17 0 -3 -26 18 -3 28 30 14 3 -2 9 -9
-4 15 5 12 8 -25 0 -15 -2 -2 -1 18 13 6 12
-10 6 11 13 1 26 9 -3 21 -17 -3 3 17 13
-23 9 -17 3 -8 -2 0 -11 -10 -3 -10 5 0
-2 3 -1 5 -10 2 11 12 24 32 -1 15
28 9 -4 2 5 -5 -7 -1 -1 14 16
7 3 4 8 10 -1 6 23 -20 20
-11 5 -14 -22 -2 12 17 -4 -9
-16 4 21 18 -23 -19 2 -10
26 10 16 -11 16 7 5
-6 11 -7 8 3 -21
6 -20 -3 0 -3
-11 4 -13 9
8 -3 6
-19 -8
16
