80
12 10 16 -4 -31 -12 -2 8 -8 23 13 -8 19 -1 0 0 24 -9 1 9 2 10 7 15 14 -2 4 1 0 4 21 21 -6 -3 -17 7 -5 11 13 -5 4 4 4 1 -14 13 -2 10 -9 1 4 -13 29 14 6 7 -2 -2 -4 16 -11 14 -4 -5 -7 -11 1 17 16 5 -9 -10 -4 8 -2 3 21 19 21
-1 -2 10 3 -4 -16 1 4 -6 9 -6 1 14 23 -1 -3 7 10 9 3 -9 2 2 5 9 -23 -35 0 -14 -2 7 18 7 18 -18 -3 -25 -13 1 9 -18 -5 -13 5 4 -19 9 1 3 -18 -3 32 14 -2 -23 -13 -1 8 27 15 0 -2 2 -11 -16 9 -3 -9 6 -5 -13 -4 -6 -1 18 4 -10 7
14 -2 1 -14 2 -10 5 5 8 1 9 4 -1 9 -1 10 11 13 -10 -19 1 -15 20 -8 -9 -12 -6 -17 7 17 -7 -6 -2 -3 9 11 -11 -15 -4 -4 1 -4 0 -17 11 -4 8 4 -5 5 15 -4 -7 6 -1 7 11 2 -21 1 -2 -8 -6 -9 15 8 16 18 3 -6 15 -3 -3 -17 6 5 -1
-6 -7 -10 10 1 0 4 -9 -11 1 -29 10 -1 28 6 -8 -7 13 -6 -8 6 6 0 -3 -4 -12 -5 3 4 -6 -22 -13 26 19 -3 12 7 -10 13 -1 -16 3 -16 -10 -8 -11 -7 4 3 1 9 18 16 -17 7 2 26 -3 -30 -8 12 4 4 5 3 -19 -3 -7 7 10 6 -7 8 19 1 -12
14 -3 -2 16 -9 -13 1 -15 -4 11 11 -25 7 -1 -5 -2 3 11 -21 -17 -14 8 -10 0 4 -23 -17 2 13 -10 -3 -2 -7 24 6 18 -7 -1 -6 4 1 1 -10 -1 2 7 -23 2 4 8 -12 8 4 6 13 -15 12 12 -10 -15 0 -1 -7 -1 4 -9 -8 -6 2 7 -17 24 -21 22 -2
20 5 4 -15 4 -10 16 4 -3 -16 -15 1 0 -19 -7 -3 -5 -14 -4 -13 3 -9 8 -15 -27 2 -7 4 11 18 11 15 -4 3 10 17 -11 12 1 -6 6 -2 -10 6 6 -4 1 1 -21 -13 9 -2 -3 -2 10 9 -11 -1 -17 28 9 -12 -10 7 2 1 -15 22 1 15 11 -2 2 11
4 6 3 12 -13 -15 14 -13 -10 1 -21 15 -12 5 -4 9 17 11 -5 4 3 1 -2 3 11 -14 -4 18 -16 11 15 -11 -3 3 15 -12 -7 14 -1 2 2 0 2 33 -7 -13 -28 -1 6 -8 -9 -11 -17 3 6 1 -3 23 -6 -7 -15 -11 6 3 26 -1 24 -3 -10 7 7 -4 -10
-3 10 7 10 -9 -27 -4 2 6 -16 -12 -21 -10 -4 3 -3 15 19 8 -24 9 -3 7 -11 -10 7 -9 9 11 0 3 7 3 -9 -15 6 14 21 4 4 -21 2 10 5 24 -17 8 6 -1 3 7 6 1 -4 -11 -17 0 9 -19 11 -6 5 -7 -6 -15 2 -5 9 2 8 -2 -26
2 1 10 -1 -10 5 -12 -11 -1 -5 2 2 -6 4 -8 8 -14 -8 15 -13 -27 -7 -1 -13 6 4 1 8 -19 11 19 23 -26 25 2 1 -9 8 -6 17 -12 1 -5 3 17 2 -4 2 -2 -2 -3 5 17 5 -10 -11 4 -4 6 -8 -5 -13 -30 -3 6 7 13 21 10 14 10
5 11 -6 -5 -1 13 -14 -2 18 10 0 1 -22 10 5 8 18 -5 -11 -13 25 -11 -25 9 16 3 -9 -11 -18 -9 8 -18 -8 2 2 9 -9 0 -13 2 4 -5 -6 2 15 11 14 -7 -2 17 -5 -17 -5 3 3 0 -2 13 -3 5 -4 -7 -11 1 -2 -1 -18 -13 -15 -1
13 -2 8 -5 8 -5 -15 4 -15 6 -10 -13 4 14 3 5 1 0 -5 3 27 -8 4 9 -4 12 6 5 6 -6 -3 -3 25 -6 1 2 5 -5 -12 -5 -8 -1 15 7 10 -9 -13 -19 -1 -4 5 0 -12 -9 4 12 15 21 11 13 -4 -5 13 20 9 -2 11 -4 -5
0 -3 5 -5 11 16 -10 9 -8 4 6 -5 12 12 2 -8 12 4 -9 -7 -7 0 -6 -14 -6 5 4 16 0 1 6 11 -6 -4 7 -13 8 -28 -1 15 16 26 18 -17 -2 -8 8 23 -7 -9 10 -11 -23 -15 -13 -5 3 12 -10 -11 -11 -19 11 10 4 9 -8 16
1 19 -4 12 13 -9 -9 10 12 17 -8 -14 -14 -19 -8 13 1 1 -4 2 1 11 -9 -20 -4 -12 15 17 1 -3 18 7 9 11 6 11 -10 -5 10 -8 10 -8 -6 14 10 -21 -4 -21 7 -8 -2 -17 18 -2 4 2 -7 6 6 -8 -13 -8 13 -16 -9 -13 8
24 -22 9 -1 0 1 17 -5 0 -4 -10 -19 9 1 7 9 8 6 10 -21 -5 -11 6 12 -8 -12 -16 13 7 -19 1 -5 14 1 1 -5 -18 -10 -13 8 -6 -14 22 22 -19 3 15 -18 5 24 21 1 -1 6 2 13 24 9 5 17 16 -8 2 -1 -2 -3
-8 2 -7 1 -3 15 12 13 -15 -8 -11 -7 -2 18 6 -11 -19 1 -10 8 -6 -12 -12 -14 -2 11 -1 10 24 -6 4 15 5 14 5 -7 -15 13 -6 -12 -7 24 4 -27 -4 -8 0 8 0 5 5 -15 25 -8 -2 3 2 -26 8 14 11 14 -7 -3 11
1 -12 14 6 -4 6 -8 13 -1 10 24 -1 -13 5 15 -11 -7 7 13 10 6 9 3 -13 -9 12 10 12 -19 8 -9 14 3 6 27 -14 14 4 21 19 -13 -23 8 15 7 -6 13 -11 -1 -8 7 -5 12 -4 -25 9 -10 -4 10 2 -1 3 -8 -3
-1 3 23 -1 15 14 -18 17 -3 -11 -8 3 7 -1 16 24 -11 -9 2 8 -3 -7 6 -14 2 -6 7 -9 -2 1 -5 16 9 5 13 11 -1 1 5 -4 6 -7 -2 -1 5 5 -2 5 7 -12 9 5 6 6 6 27 -4 -12 11 -12 -2 -24 -13
-15 0 7 23 10 -21 9 -7 0 -6 4 -1 5 9 -1 10 -12 -3 -4 -10 12 -1 8 12 -7 6 -12 -25 6 -3 17 -8 -7 3 11 -6 4 4 12 -17 -1 0 -4 -12 -13 -17 -7 -2 10 2 -5 -10 -16 -2 -11 8 -18 -25 -6 8 2 9
-16 1 -10 12 19 9 -4 13 -19 -26 -11 5 9 -4 11 2 -4 4 10 -18 -1 -21 -13 -7 -11 -20 -1 -8 -1 -1 8 12 -17 -9 1 -8 5 -9 0 -19 -11 12 -3 21 -18 -2 7 19 12 -6 19 -6 1 1 11 18 5 -9 9 -4 3
-9 -7 -5 11 -22 -6 5 -8 2 12 8 -8 16 1 8 7 -7 -9 6 -1 5 10 9 24 2 -3 -15 -3 7 1 3 4 12 13 1 -13 9 -19 20 4 -19 -3 6 8 4 -3 -8 9 -18 -15 -4 11 -1 5 -17 22 -5 6 -2 -9
-17 -12 -5 11 -1 -3 5 -4 -14 0 4 3 -2 -1 5 13 -2 -2 -13 -5 -2 -15 -9 2 2 23 5 -7 -13 0 -15 7 15 16 -1 16 1 -11 12 2 -14 11 3 -7 5 10 5 -4 3 34 -2 17 -8 -1 -12 -21 7 -9 26
-4 -15 5 6 5 -3 0 -3 -8 -4 13 -12 16 -12 1 6 -6 37 7 12 3 12 -13 6 5 15 23 -17 15 15 11 -18 1 8 15 -8 -1 8 3 -6 -8 14 4 20 12 7 3 2 6 7 -14 15 -12 -16 10 12 8 1
-14 6 -27 -3 9 34 22 6 12 1 13 11 -4 3 11 4 14 0 23 -8 -2 -9 -30 20 -8 14 19 3 5 -11 -8 8 5 -9 12 -3 -31 -5 25 10 -12 5 -11 1 4 -22 -6 -22 3 5 1 -6 6 13 5 -10 -2
-3 18 14 5 -33 -1 17 -1 -2 23 30 -10 -3 24 4 -13 -17 -14 -12 2 -2 8 12 19 3 9 26 4 -8 14 -19 -4 -3 6 -11 -3 4 -6 -2 0 -1 -18 2 7 -21 11 16 12 -20 2 -6 0 -1 -15 4 14
0 13 15 -6 -8 -3 -5 -19 8 5 -14 28 18 -5 20 -6 5 -5 -2 -22 -5 6 7 -2 -8 22 -17 -6 4 16 3 -18 2 -16 -4 20 -17 18 -24 -5 6 12 4 7 -4 5 -6 4 5 -2 -1 -9 21 -20 -4
10 -11 -9 1 4 -6 6 -10 -10 6 17 1 13 -4 -11 -13 -5 1 20 14 8 2 -23 -13 10 10 12 8 18 -15 -11 -1 -9 11 1 -10 -22 0 -25 -15 -22 -3 4 0 4 -6 -18 -14 0 -2 -4 0 17 24
0 -8 1 19 1 -13 13 14 5 14 24 6 4 4 12 -6 -6 -6 5 3 0 1 3 -3 -29 8 15 8 6 7 7 -4 2 6 -11 -9 -4 -13 -12 11 5 -10 17 0 4 -13 13 2 5 -10 13 8 4
6 1 4 -15 16 -3 10 -10 19 3 18 -5 -6 12 3 -1 -6 -25 -1 -6 -1 13 1 9 -4 -4 10 2 -9 9 -14 -5 6 3 6 11 12 -14 2 -17 13 -20 2 6 7 -8 11 14 -2 0 3 19
9 7 -6 -2 -28 -18 -27 5 0 0 -4 -1 16 -9 18 -9 -21 -1 -3 -5 -7 -3 10 19 -12 2 1 21 7 7 -13 -4 3 12 13 -6 6 0 -14 -10 8 -16 -4 2 -2 -1 4 -4 9 -13 3
3 -21 11 15 8 -2 -6 -5 -1 1 3 34 -28 -6 6 -3 0 18 -1 8 -10 10 -4 -10 -8 -17 -12 1 -18 -30 2 4 6 27 -9 -16 -14 -11 -1 -2 -4 -3 3 -6 -2 6 3 -14 -11 -8
13 -12 3 7 -9 -9 5 -1 -12 -11 4 0 -4 19 16 -9 15 -20 3 11 1 -8 -11 6 8 5 -2 9 -4 6 -9 -16 -7 7 -13 -1 -2 13 7 5 22 0 -7 0 -5 -5 1 -7 -5
-7 0 6 9 -12 -10 2 3 1 -18 4 -12 12 -16 9 12 1 -2 -24 14 -11 3 -2 1 -6 -17 8 -4 16 9 -11 -17 3 -7 17 15 -4 15 5 33 31 1 16 -3 -4 -1 8 -5
-8 -18 5 2 -9 20 -11 0 2 -2 19 -24 -1 -7 -5 0 17 2 10 16 1 -1 -3 -4 24 2 14 -13 0 -3 28 5 -10 -31 -5 -4 -10 20 8 9 -3 8 5 4 -8 5 16
1 7 -14 -7 10 1 -11 18 -31 -4 -4 -13 -9 -2 -14 1 -14 -18 -17 10 -3 -3 -20 -7 -7 -11 25 1 -15 -16 -5 -19 -1 19 -25 -22 -9 4 -20 4 -15 0 7 -10 8 2
8 5 21 2 15 18 10 -2 18 -3 -5 12 34 29 9 25 14 -17 9 -7 -15 0 -9 9 -17 -16 -1 -8 -1 -9 -4 8 -8 -12 7 11 3 -8 10 -6 9 -3 1 -6 3
2 -15 -2 -13 -1 -3 -6 -4 17 -14 7 -10 -2 13 2 5 23 -6 1 4 1 0 5 3 2 23 -16 2 -3 3 -1 3 -4 3 1 -8 4 -1 15 16 0 -15 0 5
21 11 16 -3 9 15 -2 -1 -8 -4 19 -6 7 3 6 8 -13 14 -13 13 -2 -10 -4 10 -9 1 11 -16 15 3 5 -3 -10 1 -8 7 12 30 13 7 12 2 2
-6 12 -13 3 -1 -5 -12 18 11 12 14 -14 21 -7 -13 7 10 -6 7 9 6 5 4 -7 -1 4 7 11 9 -12 17 9 11 20 -10 -2 13 -5 -8 17 1 -16
-7 17 12 9 8 6 -27 2 -2 -2 -3 5 12 3 -4 -8 -5 6 5 15 17 -12 -8 -1 -19 -19 -8 -3 -3 -14 -10 -1 10 15 1 -1 5 10 4 23 -2
10 3 17 4 8 12 0 6 -2 -24 8 9 -16 4 -9 -8 10 2 -4 3 3 16 0 -1 -10 17 5 13 11 1 0 -10 -5 -1 4 16 -6 7 10 2
-18 14 10 8 -4 2 7 12 -11 -9 13 3 5 0 -6 -3 -4 15 6 -31 13 -26 -4 -11 2 -17 -7 -8 -2 -6 1 8 4 3 15 7 -5 -2 0
-15 9 2 -19 -13 -1 0 13 9 2 0 -12 -6 -4 -5 -9 -2 -18 24 3 8 3 4 -11 11 -3 0 -7 -8 14 -23 10 -28 4 0 13 -17 1
14 0 18 -8 8 19 2 -4 3 -20 -6 0 3 15 -5 18 17 -12 -3 -4 0 9 18 0 5 12 -11 -21 2 -2 -5 18 -5 11 6 19 -2
-14 -3 -15 9 4 8 16 17 30 8 -28 -11 10 -19 -6 4 -22 2 -9 -12 -17 11 -3 10 -5 -2 2 0 -34 26 -6 11 4 16 4 2
-3 6 -7 -29 -17 -1 16 -17 -16 -2 -21 4 -7 -14 2 -8 9 -16 -7 -5 -11 -15 -4 29 -11 6 11 4 -17 5 -2 8 -29 19 -3
10 11 4 -9 9 -9 -10 -12 13 9 11 5 8 14 -8 -6 -7 7 6 12 -23 -2 10 2 10 5 -19 -11 0 -2 -21 -13 4 -4
-9 20 -20 4 12 -15 19 15 -7 -3 21 -19 -3 -10 4 17 5 -12 -5 -16 -3 -6 -4 14 -14 1 -12 -3 -7 -7 -17 11 13
13 18 -4 28 -3 -24 -6 -21 3 -4 12 -9 -6 -9 3 6 -13 16 12 11 -2 6 -1 13 -4 13 3 13 -11 8 -14 0
15 13 -5 -6 -12 6 12 -1 0 -6 -18 -20 8 24 16 -2 9 -3 2 -11 6 -16 -17 -9 1 -12 -8 -17 6 -8 2
0 -3 -9 -25 -11 28 -15 10 -3 -5 -8 22 7 -3 3 1 -7 -3 -19 1 0 -5 -9 26 -13 9 5 7 -19 2
-7 12 -8 -3 13 1 -10 6 10 -11 3 13 -9 8 8 -20 -12 11 16 0 -4 -25 20 -10 -13 -12 -5 -14 5
-4 -6 -11 -27 -3 4 27 -5 -3 11 -14 21 -8 9 -12 -5 8 -8 18 3 0 -27 -1 29 -3 -20 4 5
-1 -14 -4 15 -14 4 13 -1 -4 -4 2 2 -3 5 7 -6 9 -13 -3 -8 20 7 14 2 17 -4 6
5 -12 -9 2 4 17 2 -4 -6 -3 -27 -7 6 -4 7 15 16 -13 0 -5 -3 4 3 11 -11 7
18 0 -7 13 16 -9 0 -1 1 1 -18 -12 -3 -1 -19 -11 5 16 -31 28 -6 -7 5 -13 -1
8 -6 8 8 5 -1 5 2 27 11 0 -1 -11 0 -9 -12 0 19 -10 -12 -4 12 -18 -5
3 2 12 5 -13 5 7 -3 27 9 15 -12 19 8 6 9 6 18 8 -5 3 13 12
-18 3 -1 13 20 13 -8 4 -5 -5 -6 12 12 -19 15 -24 0 -8 -19 -18 2 19
14 -6 -5 -11 14 17 15 4 -18 2 3 -1 1 9 -4 1 14 7 9 10 -12
-8 -9 2 -2 -2 12 -13 -1 5 -12 14 5 3 -7 12 -4 -4 1 -6 6
-7 -4 3 16 9 7 23 7 -1 -2 1 1 -4 14 -3 16 13 9 5
2 -7 -22 2 5 -3 -2 4 -11 -16 1 -11 1 17 16 -14 -11 0
5 -9 16 22 -14 -1 18 -1 -26 11 -3 2 3 -18 9 -9 11
8 12 -14 -7 -1 -11 22 -21 3 -8 11 10 7 -35 7 7
-8 -10 15 5 -31 -2 14 -4 14 1 -21 10 9 -6 -26
25 12 5 12 3 -6 0 1 0 10 -13 12 -1 -18
-11 -7 18 7 4 12 5 -8 -9 4 24 -2 -5
-13 -4 -12 3 -10 3 8 4 -6 -5 -11 -26
15 -1 4 1 -17 7 -6 -4 -10 12 -10
-1 0 -4 13 5 1 -20 3 -2 12
-7 11 -4 -3 -5 5 -13 11 19
7 -2 10 8 -9 2 6 -27
-18 17 0 -1 1 -9 -7
-6 1 19 32 -4 -11
18 16 -4 7 3
-2 -1 3 11
2 23 -3
-4 -7
12
