80
-29 1 21 -18 -26 -2 -4 -12 0 9 -6 -23 -7 1 -15 -4 -2 10 -5 -17 -9 12 5 -4 -13 0 5 -3 6 18 1 3 18 7 1 16 4 6 3 6 -8 -10 23 2 18 23 -10 -13 -3 -10 1 23 -5 10 10 11 2 -13 18 -3 -18 -10 -2 -2 0 -10 3 8 11 -4 19 9 1 -10 19 -2 7 21 13
-11 -21 0 7 -11 1 2 -3 -8 -9 -3 -5 13 8 14 10 4 -14 2 -9 -2 6 0 -12 0 6 -7 -16 1 8 4 -11 -11 -2 -9 10 -9 3 0 9 5 -11 -2 -12 -20 -15 -11 -8 -6 2 -10 0 11 2 0 -4 12 -8 -4 5 -18 28 -7 0 16 7 -13 -10 0 -9 -5 -6 2 -3 -7 -5 -8 -6
4 23 14 -4 7 -14 21 -9 14 10 17 3 -6 2 -3 21 10 10 -7 -2 5 15 2 4 4 -27 1 6 -5 -40 -3 1 9 12 1 0 -7 5 -7 -13 -2 0 -2 -7 4 -13 16 9 -4 -19 -4 -19 11 8 8 -17 -2 1 20 23 1 26 9 12 3 1 -10 -3 -10 7 -11 3 17 22 -15 5 12
-14 -7 11 -20 -9 -11 20 5 -3 8 -1 17 -13 -9 -15 -1 -15 0 9 -13 22 6 -8 -1 -6 26 4 -4 -1 9 -1 -15 20 -5 12 -15 13 6 3 17 -1 -17 9 -24 -14 1 -15 -7 0 2 -5 -5 5 -5 -28 27 -7 -1 2 6 -16 10 -4 -3 -13 -11 -4 7 -1 10 4 10 -11 20 -2 -9
9 24 -7 3 1 -10 7 4 -3 3 -1 11 7 10 19 -10 -13 1 5 -3 5 3 -19 2 6 9 14 3 4 -14 4 -11 -1 1 -7 -7 15 11 5 15 -10 -7 11 9 13 5 6 -5 -8 9 -6 11 -10 1 -3 7 30 1 -12 7 -15 4 29 -14 -22 -11 -9 14 1 0 4 12 -17 10 17
6 0 10 8 -9 14 2 2 -3 5 5 18 4 -15 7 12 -14 13 7 9 16 2 -9 8 -10 -9 -11 4 -14 1 -2 -3 -2 -8 -9 -10 -11 -17 -3 -1 -16 9 5 6 -5 3 -6 0 6 -24 8 7 0 6 0 24 12 2 6 4 -6 -10 12 10 -4 -17 11 11 -8 -26 -8 1 23 -5
-9 14 -6 2 -21 9 -1 7 10 -15 9 0 -7 2 -3 18 -6 -10 22 -13 1 2 4 13 -7 5 6 2 6 0 14 10 -7 7 12 -7 -19 17 0 2 -11 12 -6 15 -9 5 -2 -21 5 11 -13 16 9 -3 -2 9 -11 1 -7 -14 -6 13 -3 6 -1 2 24 21 21 2 12 17 -1
1 -9 27 -15 -19 1 9 -15 -8 23 2 18 -2 0 -13 2 -4 -18 20 -11 4 -7 -14 -14 -5 -10 21 10 -18 -22 -17 7 9 -5 9 1 -13 19 9 5 -8 -23 0 -3 0 4 11 6 -5 -15 -5 -2 -13 10 10 -6 -6 8 -3 -7 -14 5 2 -22 -10 -7 -19 2 -12 -27 3 -27
5 5 -9 10 19 1 2 -2 15 3 -9 14 -7 -15 11 -1 15 -6 -4 18 10 4 -2 -6 19 -3 20 11 5 -21 14 -7 -19 0 1 9 4 2 -9 15 12 -13 4 -1 10 3 -10 8 27 7 6 -6 3 17 -14 -19 10 11 14 -8 -11 5 -13 3 5 9 -5 5 8 1 5
-4 10 3 22 -2 5 12 -10 8 0 15 1 -6 4 6 12 -9 25 -17 9 -3 -5 -12 -10 -20 15 22 -2 16 1 6 -7 9 11 -6 0 -7 -5 -14 11 -6 -11 8 -14 -3 -7 -23 12 -1 10 -16 -22 2 4 22 -2 -5 -7 13 12 -9 9 -16 4 -6 -3 5 -3 20 -8
-15 -13 0 -5 -2 -7 -6 -25 -7 11 24 -9 -3 -4 -12 3 3 -8 15 -13 -15 -17 -10 11 9 4 15 7 -7 26 12 -7 9 -6 -20 13 -14 -11 2 2 0 -7 -19 15 -12 2 0 -12 9 -1 3 0 -4 -9 -5 -1 11 -1 -4 -8 -3 -21 -5 -2 12 -1 16 -6 -22
2 -2 21 5 -13 -17 7 -10 2 6 8 -4 23 17 -10 -5 8 4 -9 2 -12 9 -20 16 0 6 3 -4 4 -17 11 8 10 7 -8 1 -3 5 -7 -11 7 12 -4 5 10 -2 -30 -1 -12 19 2 -2 3 -10 19 0 -9 -2 -5 10 11 -2 1 -1 0 -1 7 15
21 -5 -2 0 -4 -4 -12 5 2 7 -3 -8 6 -16 -12 -9 -8 -9 -11 -10 -14 2 6 8 1 -3 7 -6 1 -1 4 2 -7 -25 3 5 -3 21 -2 2 1 2 -6 19 -2 12 11 18 10 15 9 7 21 2 6 3 -7 4 20 14 35 24 6 4 5 4 20
-5 -9 6 19 0 4 19 -6 -31 -17 4 16 -9 -4 0 17 11 -18 -16 4 6 5 -3 -8 15 6 -3 -7 -5 -2 6 -3 -2 -12 -16 1 0 -12 -16 3 -15 19 11 23 -9 16 -14 4 -6 9 -1 -12 -24 13 -19 8 4 -6 5 16 12 7 -5 -10 16 -14
-6 -6 6 2 -3 3 -13 7 18 11 -8 -14 23 -13 -21 -10 -15 11 -2 18 -2 -5 3 -2 0 -5 -14 -9 6 -12 7 8 3 8 8 11 -1 -3 10 3 -22 1 -4 4 19 -7 -1 3 24 2 8 14 -20 4 4 8 11 0 -9 12 3 -9 -2 -23 5
0 -19 12 12 -4 1 3 -2 -5 18 0 3 -8 9 -10 7 10 -6 14 10 9 10 8 7 7 -1 -3 22 8 -17 -19 7 5 -11 9 -8 0 -20 13 0 -23 -8 7 6 4 -18 21 -4 -6 -5 21 7 -3 4 -16 14 -13 2 -4 -2 -22 5 -19 -5
-5 1 5 12 -13 -19 0 -11 -6 13 3 11 2 5 -3 9 7 9 3 -11 -15 -6 -18 -9 3 -9 7 4 -18 7 19 0 20 -3 3 2 -14 13 2 -2 5 10 -3 27 2 -5 25 3 -12 -17 16 -1 -1 -16 6 -8 8 -1 -11 4 -1 -8 -12
11 -15 10 -11 4 9 -9 -6 8 -2 2 6 -9 -13 -13 -3 -8 21 -16 -9 -18 -6 -16 16 3 -19 13 -2 4 -12 -7 -17 -4 0 12 5 -8 -16 1 5 13 1 -5 13 1 19 9 19 -6 8 -1 25 5 -24 13 7 6 -20 10 -1 -11 -5
18 6 -16 -2 -8 -6 13 -8 4 -24 4 19 -5 9 17 -12 27 6 11 -9 -10 4 -6 -7 28 10 17 -13 4 -10 1 6 -7 9 9 -9 3 6 -3 -7 2 -2 1 25 -2 29 -6 20 28 7 5 -4 -4 2 -11 -22 -6 9 -11 2 9
-11 -35 -31 -5 -7 3 8 -14 -7 -2 18 -2 29 -6 4 -15 -5 -5 -2 11 4 -7 8 10 -11 6 7 28 9 10 6 9 13 3 4 12 -5 -10 -19 -22 19 2 12 -19 5 -13 17 16 -12 -3 9 2 -13 -11 -5 -7 -15 -15 -15 8
5 -29 13 1 2 -15 20 -1 4 -6 -4 -5 -4 -1 18 3 -12 14 -14 1 0 -10 10 0 -25 -2 17 1 12 2 -15 -10 8 -10 20 -2 16 17 -12 3 -15 1 5 10 -6 5 -6 5 12 -2 -16 -9 4 8 -3 5 4 -10 -4
-5 8 3 2 -4 12 5 9 5 -14 -30 -22 -13 -3 -3 9 17 -14 0 -3 -13 -20 1 -11 2 10 -2 -3 3 -14 -10 0 6 -10 -27 20 7 16 -31 -5 -22 -15 -4 -5 -14 -12 -6 2 3 0 4 -1 -11 6 13 8 -1 -16
4 -6 5 -10 6 -3 -12 -18 15 -13 6 -2 -6 19 16 -18 2 11 7 -6 -9 7 20 -13 -18 -15 -10 21 6 7 -16 -6 5 3 -6 0 24 -10 -7 6 14 6 2 -3 6 -3 -9 -25 5 15 2 16 13 2 14 6 24
-2 1 -8 25 -20 -12 2 -4 -8 -16 -6 -10 3 7 -10 0 -20 -6 -16 -4 -8 -6 1 16 1 25 -2 -2 -15 -4 3 -2 -2 9 28 8 -18 2 1 8 15 -1 11 -7 0 6 -6 4 10 3 0 -9 9 3 -18 5
0 -4 10 1 -6 8 -16 -16 8 -2 29 -2 -10 5 -21 0 -17 7 -10 0 4 -19 6 -34 8 -19 -16 -13 22 -19 1 -7 -9 -19 1 -11 3 12 -16 -12 8 5 -7 28 -6 -11 9 -7 4 12 -4 -6 2 -12 -1
-6 15 7 19 -3 2 -4 8 -17 7 21 -1 -8 -13 4 -13 -14 8 9 -14 -20 8 5 -6 20 -24 -12 -7 -8 8 -4 1 -6 6 0 2 9 -8 -3 -10 -2 15 8 11 -3 -9 19 8 8 8 1 16 -4 -2
-12 18 -1 -22 8 -7 12 0 18 -3 -12 -1 -11 -14 5 6 -7 -2 6 26 -5 -4 -8 -16 11 -4 1 7 -15 -17 4 -10 -27 16 7 -6 2 5 -20 -15 6 4 7 -1 -5 3 -7 -20 -6 -5 7 1 -13
-11 12 7 -12 -26 -20 6 0 8 -1 -15 -8 4 13 -4 -4 19 -22 -5 -7 -6 0 14 -5 -13 -4 -5 -8 -14 6 14 8 -5 -27 4 -3 8 -2 -2 -2 26 12 -1 -1 0 -3 -3 -10 1 10 -15 -18
24 -14 3 0 7 -2 -2 -13 -10 -4 -2 -6 -26 31 -20 13 1 5 -5 12 -6 -10 -8 27 -3 2 26 -2 13 -19 -1 -5 5 -5 -7 -31 -14 -6 6 -6 -2 5 -11 4 3 4 15 -2 -9 15 5
-10 -2 -17 -1 -8 20 3 -11 9 -16 16 -3 28 -10 -14 -18 10 -5 1 20 4 1 -15 -11 -6 -3 -4 8 -26 20 -2 -8 0 -5 -2 7 -16 7 3 16 -14 -14 0 3 -26 5 14 -10 14 -2
-8 9 21 -3 -22 5 7 -11 12 8 14 -7 7 9 8 -11 7 -14 15 -20 -5 7 4 -11 12 5 17 10 -19 -9 3 -7 -12 -8 -14 -8 14 -14 5 7 7 -2 -3 5 11 -8 0 -11 -22
22 -9 -4 0 4 10 1 13 -6 11 0 -2 2 8 1 -3 -1 9 -7 4 7 4 9 3 -3 -1 23 -6 -9 -1 11 6 -1 4 -2 5 7 -7 -5 5 -17 -10 -1 18 1 -10 5 8
9 5 -19 -27 6 10 -3 1 -2 12 16 -10 10 -16 25 8 -10 -1 14 21 6 11 -6 -3 -8 5 -6 1 -5 -4 1 -9 -3 1 -14 -5 19 9 33 -7 -2 -14 -13 -25 -6 -2 14
10 6 8 -1 -12 -1 13 -3 -5 33 -10 24 0 6 5 4 -15 11 -7 -2 -9 10 0 31 -15 -1 16 -9 8 -1 10 -3 -5 4 -6 -12 -10 10 19 -15 -1 0 3 34 14 4
9 -29 -7 -15 14 8 3 -17 12 3 1 7 2 14 -10 27 14 -6 -10 -2 3 -3 -2 7 9 19 -5 -2 5 2 1 3 -4 -7 10 8 17 -24 8 6 3 -15 13 -12 -10
-10 3 6 -9 0 -3 7 2 6 -6 -1 -6 -7 -7 -7 -19 -4 15 -14 -4 -9 -13 -7 2 11 7 15 -10 6 -6 0 11 20 13 -16 -5 -4 -1 -20 9 8 -8 4 7
0 4 5 -8 -20 -7 16 5 -5 -2 -3 -6 18 -30 -10 -4 -12 -2 -6 6 10 -2 4 -8 -11 14 14 -5 11 -1 15 14 -14 -23 2 -5 -2 11 20 12 3 -16 0
0 9 8 5 -8 -3 8 8 -8 -14 5 1 2 -2 12 -20 -8 -4 3 -5 7 8 -2 4 0 -13 18 -22 6 11 -6 -7 3 14 -11 -8 -12 0 24 8 -1 11
-13 3 2 -2 5 -7 -7 11 -6 -14 -6 -24 -4 5 19 -4 -2 -32 1 -7 26 -4 -17 -6 5 7 -12 -13 -22 9 10 2 5 -10 -17 2 17 8 -6 17 -1
7 12 -8 4 9 15 2 -2 8 -30 0 -8 -3 13 14 0 12 -2 2 11 0 4 7 -9 -1 -6 2 12 -6 4 13 1 7 -7 9 9 -21 -8 0 1
2 9 7 -6 16 -9 -5 9 -26 0 8 9 -14 -16 7 -7 9 -23 9 1 -3 5 -9 3 -5 16 4 -2 11 -11 1 -4 10 -1 12 4 -16 29 -10
-6 4 14 -15 -8 -26 -18 -16 17 -1 -5 7 -1 -13 -7 -19 17 -15 17 -16 0 14 23 0 -14 2 1 -8 -1 3 7 4 0 4 1 13 -8 -31
4 -3 3 -9 -7 5 -6 -19 23 2 2 11 8 -2 -21 -16 -10 -6 0 11 -19 -25 8 0 -9 -13 11 6 -13 -14 1 -31 -1 -14 -21 15 -4
1 -9 -8 2 -5 -1 2 8 6 -2 29 -6 -5 -8 -2 10 19 -19 15 16 -10 0 20 6 -10 -4 -7 9 -10 -8 -15 -12 -7 14 -2 -17
6 5 -4 -4 -25 -2 0 9 3 -8 -6 -1 -13 14 3 -15 15 6 -6 -7 -23 -8 23 4 -7 13 6 0 1 18 -7 11 1 3 -13
-3 9 2 -11 -16 17 18 17 -20 7 -16 3 -2 5 -2 5 4 -3 4 -13 -12 3 -9 -12 5 7 -3 -10 -4 0 -4 9 14 17
0 9 17 -18 18 4 -4 -1 -19 1 -2 8 3 -3 -4 -26 -8 0 -19 -2 -8 -14 -6 19 -6 2 -5 -4 10 17 6 -2 -6
9 10 2 -3 2 -2 2 0 -3 18 19 -5 4 -7 2 -6 -1 0 -6 1 0 4 -3 1 -3 1 -2 -6 0 5 -19 8
-8 17 11 6 -5 -19 14 -3 4 8 -5 16 -3 -5 -16 0 7 19 -15 -11 -1 23 -19 14 -11 -11 -15 9 -10 4 24
-2 10 -4 -16 0 -5 17 14 0 -9 0 -1 3 13 2 11 9 3 4 -17 -12 8 -9 -3 10 13 13 -4 -13 10
-8 -14 -9 11 7 10 -9 5 6 3 -27 7 -2 22 6 17 -6 4 12 -2 5 10 11 12 -5 -1 6 5 10
-19 10 -5 -25 -14 4 -12 -9 19 1 -4 2 -3 -2 21 -4 -9 1 10 19 3 1 -17 -17 6 -1 7 1
-16 10 0 -3 -1 1 -5 -11 -6 -4 20 -10 -1 13 8 -12 -1 1 -1 -13 -5 14 3 5 4 8 11
-21 3 -9 -7 -4 -11 -3 18 12 1 2 0 2 -5 7 -3 -6 -9 -3 -6 -5 -3 -12 6 -3 -9
-20 19 0 -1 -4 7 -9 -8 1 -17 5 10 5 -4 1 -4 -1 -11 -3 -4 0 -24 -3 -5 -5
13 -1 -12 -9 -15 -4 -10 -15 -9 -2 -11 4 -14 0 -2 -11 -7 -1 11 15 -11 -14 10 11
-6 -8 -8 5 25 -5 1 -3 12 -3 11 4 -14 -4 -5 11 32 18 19 -17 -12 12 10
0 3 -9 -12 -9 15 21 7 -5 -7 -11 6 -1 -12 4 -16 21 -5 16 22 4 6
-2 2 -17 -3 14 10 -10 -16 -19 1 -11 -2 -10 -7 1 12 -16 16 17 -23 -22
-10 1 2 0 10 8 -21 -2 4 10 2 6 24 2 -1 5 5 8 22 16
10 2 -2 4 -13 10 0 9 -20 19 -12 8 1 -3 -1 7 24 -12 12
0 -11 0 -2 -7 21 -8 -9 12 -20 2 -3 0 8 0 -4 1 18
-2 3 22 17 2 32 -14 -4 -1 -6 -8 6 5 -8 -1 -1 -9
0 13 4 -8 4 -7 -17 8 -5 4 22 2 11 8 -20 -20
-4 1 7 17 -3 -9 0 13 -9 0 -13 21 21 7 9
2 -29 35 22 -1 10 -6 5 13 -9 -5 -5 -4 15
2 -8 -1 8 2 2 -12 -4 1 15 -12 -21 7
-18 -14 -17 4 1 9 -2 12 -2 1 -5 10
14 0 28 -5 6 16 1 4 -4 2 3
-1 17 -11 8 -25 -15 -9 -18 3 0
-4 12 -18 12 6 11 5 -8 13
4 21 9 1 -6 -1 -7 9
-8 5 5 -1 2 14 27
-1 -2 -6 -9 22 -8
12 -7 22 -15 7
-11 -16 4 7
2 5 7
-16 4
11
