60
8 -36 1 13 -14 9 0 -3 -16 6 15 2 -3 11 -5 -6 2 -2 -19 19 13 16 -12 12 12 -18 -12 5 -4 4 -18 -1 -5 14 31 5 -11 19 -11 -14 -33 2 -9 4 24 11 9 4 7 8 28 13 -4 -21 5 -12 2 20 -9
-10 16 1 0 5 -5 -15 10 -8 -9 -8 -22 14 6 -5 -3 23 6 -6 3 13 2 4 22 -5 1 22 -13 2 -7 8 4 -8 -1 1 -1 6 10 6 2 -7 8 -12 5 -10 8 0 5 10 -16 1 -16 -14 -1 -2 12 -20 -22
8 -18 -11 2 -17 6 19 -2 -5 2 -11 -4 1 15 -27 -15 1 -2 -8 -2 11 -4 -27 -25 29 -5 21 -3 18 -9 -6 1 0 -12 2 7 7 13 12 -22 -18 -12 3 8 0 16 -4 -1 -28 4 39 14 5 -2 2 -6 2
2 -16 5 -6 13 -2 19 12 1 14 12 26 -15 -7 5 -27 1 7 27 -14 11 -5 4 10 3 -9 6 -2 3 5 -1 7 -1 5 11 -30 18 13 -8 15 -8 -3 -19 17 17 29 -20 0 -12 23 6 15 -6 12 -11 6
9 -21 -8 16 1 7 6 7 4 14 -8 -6 9 -3 0 19 8 19 -11 -25 5 14 27 11 1 27 -18 4 -6 -16 4 -10 18 2 -29 -2 6 -24 -19 26 3 -13 21 33 -16 -29 -1 -6 -9 14 11 -2 -21 -2 9
-8 0 -10 7 -11 -8 -14 -2 0 -8 1 11 17 17 -13 -9 1 16 -10 -6 9 -7 -9 -15 -8 -2 -4 -6 -5 11 5 15 -19 26 -20 6 5 -8 11 -12 -4 21 5 -4 6 -11 -17 -17 1 1 3 -29 -11 13
3 -17 -2 3 9 -28 -17 6 -12 -2 1 0 10 -1 1 -2 2 33 8 8 -7 0 0 -47 25 0 -8 -6 14 -8 8 -8 -17 4 1 5 10 19 -21 19 9 -19 -4 -17 -4 -11 16 -12 -7 -32 9 5 -1
1 2 -2 -21 -26 -12 -9 -25 -2 -19 32 5 -6 5 0 0 1 -19 12 -11 -17 4 -6 -1 -13 7 -4 21 24 17 25 9 -2 1 -11 -12 8 -14 -20 -10 -10 2 22 -1 -6 -10 -3 -2 13 0 8 8
16 23 27 18 4 -3 -6 6 0 3 -16 5 24 14 -8 -21 -1 -1 32 -18 -5 25 -26 7 4 -3 1 -15 -1 11 -2 28 -6 -5 -34 8 -13 6 30 28 3 -27 -15 -6 4 21 -2 6 -32 -13 -7
29 -7 -6 -9 3 -10 -12 -15 16 -14 -8 -3 -19 -15 1 -8 3 -19 12 -9 2 0 -1 -14 4 11 6 9 -13 7 15 25 7 -17 20 12 2 23 6 14 -25 -18 -13 -9 -6 -14 6 -13 -11 5
40 4 20 3 -7 -25 0 2 -5 16 5 17 -18 -4 5 3 -9 -1 5 24 -38 -7 -13 6 -3 -7 21 -7 -8 22 -1 19 -2 0 3 11 15 20 29 -16 -4 -22 -18 15 -17 -3 -16 -16 28
-10 14 14 9 -15 26 -25 -1 0 20 -4 -8 6 14 19 23 4 0 3 -6 5 3 4 9 -18 -6 7 -10 2 -15 11 -8 -16 5 25 14 -2 -6 -33 -5 20 18 20 10 -13 -21 -16 -1
18 -11 -7 -26 2 -4 -13 -1 1 -8 9 -14 -7 -13 -2 -1 27 26 -3 23 -15 24 -23 -9 -4 16 -13 11 1 2 -10 -9 5 -1 -6 18 1 -9 12 -17 -6 -3 19 17 6 -8 -15
-18 -3 -30 14 12 11 -1 26 -1 -1 -6 13 -3 -3 -7 3 17 9 12 4 20 -6 -7 -8 -7 -23 -1 -3 30 2 0 0 -4 4 20 -22 -21 19 -1 -12 5 -14 9 22 12 11
23 -9 18 -22 -9 16 6 2 -9 -6 3 19 14 13 -2 -7 -6 6 -8 6 -2 0 7 15 -13 -6 6 22 -21 21 18 -20 17 -14 9 -4 -2 -24 -14 1 -12 -3 2 -36 4
12 3 2 11 -12 6 18 4 12 27 14 14 5 -1 1 -5 -10 9 13 -11 20 -13 -3 5 -19 1 15 17 -7 18 -1 -3 -5 14 -7 -3 -22 -6 -11 -3 -7 8 -10 -6
-1 7 1 6 -3 0 21 -10 8 -6 9 4 5 -17 10 14 -5 -6 7 -11 -23 -8 18 6 0 -15 15 -9 -4 -11 3 2 -10 14 2 12 13 -1 7 15 -11 1 -2
-3 12 3 -2 -19 -27 -15 6 35 9 8 -8 -7 -6 11 28 -12 1 -22 9 7 1 -10 3 0 -4 -2 -6 0 0 -15 -11 -7 6 9 -16 -8 -12 -3 -6 -13 11
28 -14 -12 10 4 11 1 1 -20 -13 -4 11 4 15 15 6 12 3 22 4 24 25 11 1 -4 3 -7 -31 9 24 -4 9 -12 -14 -10 -24 -3 8 5 12 -8
-22 7 4 8 9 -5 10 4 -20 4 -5 8 14 10 5 -10 -4 -8 14 28 4 8 10 -10 12 -14 8 -2 -6 -22 10 -10 -4 -11 -14 -5 7 14 -2 -1
-2 25 11 -4 2 4 15 -2 -14 -4 -3 16 -5 -11 13 3 -8 -4 -9 4 -23 12 9 10 2 2 -4 15 16 -6 20 -13 -26 -2 -27 6 -3 0 8
18 39 7 3 -13 15 -23 6 4 6 34 7 0 9 7 -8 6 -7 3 -9 14 -9 3 5 11 32 -3 -20 -30 -3 -1 -5 9 3 3 14 -12 8
9 14 4 -5 12 -32 -28 13 -21 2 13 -10 3 19 4 5 12 18 10 -11 -4 1 -11 -8 0 11 14 -3 -13 -12 -7 -12 -5 -5 -3 4 20
21 -3 -14 11 -29 15 -4 23 12 20 -7 3 14 -4 -4 12 -12 1 16 1 -29 4 7 11 -9 -6 5 2 -14 -2 -14 -5 6 4 22 -13
12 5 -28 -22 -9 -25 16 -6 21 7 7 21 -3 -6 10 7 2 22 22 -20 3 9 2 -9 16 7 -5 0 24 -30 0 -23 4 4 -3
2 -15 34 -12 2 2 3 10 -11 -18 -2 7 -16 -13 8 -30 21 10 3 -2 16 -5 7 20 -10 22 -1 -1 -6 -27 9 -1 -3 -17
12 -18 4 -3 11 -13 5 -2 27 2 -4 0 -4 -17 17 24 22 14 -10 14 3 -4 -3 -32 -11 -5 -8 5 -19 6 -1 -1 26
-5 17 4 2 -5 15 -5 5 -11 -4 20 -12 -6 -6 -15 -9 2 -7 15 -1 -1 -16 -33 -20 -10 6 36 10 3 -7 7 1
10 -14 -3 -4 -17 -13 -11 -19 9 3 -15 7 -15 -16 7 9 21 2 -24 -3 8 6 5 7 5 22 4 12 -4 -27 -10
-6 -7 -12 -6 -9 5 -18 21 26 -10 11 7 -9 13 -10 12 19 -6 -3 -18 0 -4 -11 2 31 17 0 -6 6 -4
-17 7 -13 6 -3 -5 7 -12 5 0 -14 0 -4 0 18 7 11 33 -1 -12 -15 7 -11 1 10 10 -8 3 6
16 -3 7 13 -6 -16 -14 6 -19 0 12 9 22 -5 4 4 -7 -11 -7 5 10 28 -11 8 7 11 7 7
-10 -9 -7 -19 -19 17 7 11 -13 2 -6 3 12 -4 -4 5 -6 -15 -8 -13 11 -6 22 24 32 -21 -21
-23 -7 -3 7 17 8 -11 11 -28 -12 -39 -26 -6 2 -17 17 6 5 17 9 -7 -9 -5 -7 10 -2
4 -2 -23 -6 -2 -9 9 19 13 5 14 -26 3 15 11 -16 10 -2 -9 -7 -4 16 12 -3 7
22 9 3 5 1 -15 2 19 10 6 22 24 9 1 0 -10 1 5 19 11 1 -12 12 25
-7 -10 17 -7 -24 22 16 -11 9 -22 12 3 4 9 -3 -7 -10 -29 -7 -5 -6 0 -2
2 -4 30 7 -4 -10 21 -6 -11 -7 -2 18 5 -4 -28 -15 10 -4 2 -23 9 9
9 19 -12 -19 -26 -3 14 1 -18 -29 0 14 -13 4 18 7 13 12 33 9 -16
5 3 5 -6 -10 9 4 -4 -12 2 35 -10 -7 4 -16 -1 10 -24 -7 5
12 11 4 12 -8 -1 3 4 6 -5 -7 4 13 15 1 -1 -3 -4 -7
-13 -3 6 -3 -25 1 -7 -4 -8 0 2 -3 2 -18 10 -2 -7 18
13 28 23 18 3 -4 10 -10 16 -20 -22 -10 -38 8 9 1 12
-1 14 0 -15 -2 13 -11 -12 6 10 10 5 -12 5 4 15
17 2 3 2 8 -19 -10 -16 -12 2 -21 2 -10 -5 30
-5 -23 -7 21 1 -1 11 15 -2 -13 -1 8 -2 2
-4 -25 -11 -13 3 -3 9 26 -7 -10 2 14 13
19 -10 -24 0 -2 -8 10 7 -25 -29 -19 15
2 -10 -11 -5 6 -3 5 -1 -17 -10 -5
5 12 -22 -4 5 -7 8 -13 -10 7
0 -1 -5 -15 7 -3 -7 7 -19
-4 -15 -1 -21 11 1 14 4
27 4 6 -5 10 2 -10
5 27 -20 -2 1 2
22 3 -8 -17 25
-22 -13 -3 -20
11 -5 8
12 -20
-10
