60
-10 -4 0 -27 14 8 13 13 -8 14 -1 -5 -9 6 9 -4 4 26 7 11 29 -3 15 -6 -8 -2 4 -29 10 -1 -3 -10 3 2 -12 -4 -6 7 -10 -8 -18 17 4 -22 31 -27 4 17 -14 -7 32 -6 1 -13 -6 6 1 1 -7
-2 7 11 18 -6 -21 0 -16 14 0 1 14 2 -6 3 -10 -14 -6 -2 -4 29 -13 20 -15 22 -11 -6 0 -17 -6 -12 -14 4 -6 -15 -4 -19 -26 25 -26 1 -15 6 11 17 -30 -5 -17 -10 -4 6 -3 20 -1 13 3 10 0
13 -17 -7 -10 22 6 -3 -15 13 -1 13 6 -17 1 -3 8 -25 0 -15 -5 -2 21 -7 12 -1 -17 32 32 7 -8 16 2 0 -18 19 11 7 5 2 4 -9 -5 0 13 12 -2 -6 18 13 9 18 11 -1 -11 22 -2 -13
-5 18 2 13 -6 5 -9 7 -3 13 2 -42 22 -3 20 -4 -4 16 -9 -4 -6 -4 -15 4 -13 14 -9 -9 -11 1 24 -14 -27 8 -11 -11 -1 7 15 -13 17 1 -14 29 11 -5 -13 -19 -15 -20 -21 -17 18 20 6 -8
-5 13 -28 -11 0 3 -11 -12 -16 -3 -9 0 -15 -21 12 2 6 13 13 7 -2 -4 2 -1 -11 0 -20 -18 16 -3 0 5 3 -8 12 7 1 -12 -35 -5 -8 21 7 24 2 3 -12 -14 -11 -7 -15 0 6 -5 4
11 7 8 -14 8 18 9 5 19 -18 14 7 21 7 0 -9 22 -12 1 3 9 -23 -12 4 4 -19 6 0 -19 5 -22 -6 -35 -15 11 -31 7 9 11 -1 -6 4 -1 -7 -13 3 -5 0 15 9 31 -15 4 7
-2 2 -11 14 -14 -4 -21 21 -26 8 -21 -4 -5 18 7 -6 3 -1 14 -8 16 -15 -20 -7 -13 14 2 -4 5 -7 8 -14 25 2 -11 12 -2 -14 -21 6 -6 19 -9 -30 -4 -42 -8 2 6 8 13 -11 -7
6 -1 -2 16 6 -11 20 -10 12 2 13 -21 0 12 -4 -5 1 -13 -26 3 8 6 3 1 -10 15 6 4 9 -4 -2 15 -11 -15 -2 10 7 16 -23 7 3 9 5 16 -10 5 13 3 -3 1 -29 -15
-6 0 -17 -14 -1 1 27 -24 -12 -8 20 -4 6 7 -22 14 -5 12 -11 4 -26 -14 -6 3 -16 14 -4 -35 -28 -13 32 -16 -4 24 39 -3 6 -16 5 1 2 -11 6 -4 7 10 -7 -5 5 -10 4
-9 1 8 21 -13 14 -8 -2 0 10 2 -14 -3 -12 -9 -2 -4 -9 4 22 -4 -20 -1 -16 4 -16 9 11 10 -7 4 9 -20 -5 -3 -11 3 -3 -4 31 23 -13 -11 -23 1 -14 -1 12 4 -9
-7 -9 -21 22 2 1 -6 18 19 1 16 10 -4 -5 17 -6 -26 -19 7 25 6 -10 -1 -8 10 -5 -19 15 -14 -6 -10 -15 -10 -16 17 -13 0 -5 7 7 6 -19 -13 10 2 -8 12 -28 -26
-9 34 21 4 24 -5 39 -25 -10 -10 24 -1 2 -22 -6 4 19 20 2 -10 -23 -8 1 -16 16 13 -1 1 8 -7 -24 2 6 -15 -12 17 -5 -6 11 -4 0 17 -9 6 8 -9 -16 -11
-12 -12 5 5 5 -11 -4 -4 3 -21 -30 1 9 1 -3 -3 23 14 13 24 -19 -22 7 10 13 9 1 -11 7 27 1 -12 -7 26 -9 -7 19 -7 -10 -14 -9 -3 0 -9 15 21 12
-7 12 0 -5 15 -16 -29 -21 15 -24 19 -22 11 6 -3 11 -26 3 2 0 15 -3 9 23 -11 -12 2 -14 -2 11 17 -8 -8 1 -7 -16 -5 -7 9 8 0 -1 23 -8 0 -2
-12 14 2 7 -3 6 2 37 2 7 -13 10 -2 -14 -17 -11 -11 -30 12 -12 -4 -22 -3 1 -5 6 -21 5 -23 -16 -10 -27 -7 9 5 9 -10 -5 -9 3 -6 -11 -15 -8 -13
-22 -6 -5 12 1 9 7 -17 6 12 -2 1 16 -2 -14 18 6 -20 1 -1 14 -7 11 -3 6 4 8 18 8 -3 -13 -1 -19 7 14 3 4 8 -5 2 -10 -4 13 27
-8 40 -19 2 -12 2 5 2 5 -20 9 -3 12 -5 21 -9 -3 -6 -26 13 11 3 -18 -20 5 -24 -12 15 16 -11 -3 0 14 -1 -6 -17 -17 -8 23 2 1 8 -11
-23 22 11 -27 6 27 6 24 13 -25 8 -18 5 3 5 -4 -10 22 1 -1 -5 -17 -16 -17 -4 8 23 17 15 -11 -15 -9 -3 2 16 -8 -1 -2 2 -1 6 8
4 -22 6 0 -10 0 2 -9 4 4 22 6 12 -19 9 -9 -14 1 0 -1 -7 -11 1 -10 19 9 -3 -6 33 0 -2 12 3 -14 -9 -14 3 7 15 -3 -21
3 -17 2 5 -20 23 14 -5 -15 -28 -13 -10 13 -6 -10 3 -12 -23 -3 3 -3 2 1 14 18 19 -1 20 -5 4 15 -11 -1 -37 -14 -9 24 7 -19 5
-2 -2 16 -12 13 -7 -7 -17 -17 -2 10 -4 -4 12 1 1 0 -9 0 -9 14 -17 -4 2 3 7 1 -16 1 6 14 7 8 -2 -12 2 -1 7 1
-6 6 7 17 -16 19 -17 3 0 5 -16 2 8 9 11 -11 -11 16 -3 6 12 -13 -8 16 -11 15 32 13 -18 8 -9 3 -10 -9 -4 -10 0 -6
11 14 -9 2 7 10 -14 -21 -10 -15 16 -10 1 -8 -11 -18 -3 24 -14 -8 5 22 10 -19 -23 1 0 -2 -8 -4 -13 7 4 6 -25 -9 -20
-17 13 5 21 -13 -16 29 10 -13 17 -4 -13 9 -23 7 20 15 -1 -14 -27 8 5 -12 -12 2 -18 -4 24 -15 0 -2 24 -8 -3 -2 -15
-5 34 1 7 -8 2 -4 -11 1 -23 7 -14 28 -20 -10 1 -33 9 -4 -2 5 6 0 -5 -9 -12 12 20 12 19 -25 -1 14 7 8
-7 -15 -9 -22 11 23 3 -9 -13 27 6 -12 8 2 -5 19 11 21 15 4 10 -4 -6 1 -1 8 -7 -20 19 10 9 17 -10 -3
-8 0 -27 13 2 1 -6 -19 5 -21 1 -33 -20 25 -8 15 4 -5 -4 15 1 -14 -6 -17 10 23 1 12 -12 18 13 14 5
-11 7 -20 17 7 20 14 -4 14 -1 -2 15 6 -2 -16 -13 18 -4 -18 18 25 7 -24 -6 -9 9 -11 2 6 5 -6 -15
-19 -21 -8 22 5 -17 1 21 -14 -2 -9 1 20 -17 29 11 7 28 -8 -3 -3 -3 -17 9 9 4 4 -2 2 -8 1
23 1 2 0 17 -17 -2 31 31 -14 9 -6 -19 -25 -2 -13 9 10 -1 1 8 1 -6 6 3 -13 -7 9 12 -18
5 2 -5 -15 -7 -15 2 13 8 26 -10 -5 -12 -18 -26 1 -3 3 1 2 36 -2 0 15 14 -19 4 1 1
6 -7 -6 17 25 3 -4 -15 -26 13 1 -8 25 8 11 3 -3 10 -7 20 -1 30 12 8 -28 17 2 -7
-12 -16 15 26 -11 1 8 -9 13 -4 27 35 8 12 -2 8 -6 -23 -9 -4 2 10 28 7 -9 4 0
1 24 5 3 -9 1 -15 -4 -7 -4 10 17 -3 21 12 -14 10 -6 12 11 -7 -12 -1 -1 6 -5
3 -2 14 -1 3 -7 13 0 -5 -3 -17 0 18 2 9 2 -12 -10 3 14 -24 14 6 -8 10
19 -20 -14 4 -11 18 -2 13 14 10 19 6 3 11 0 -29 0 11 -7 8 -5 -11 0 -15
-11 -3 -6 -22 21 -30 1 16 21 17 -10 10 13 4 -6 -5 26 0 27 -14 -5 -20 -10
-2 -32 -12 -24 13 -27 -13 -12 25 3 -10 3 -1 13 20 -6 13 -33 4 24 14 16
11 -7 16 -19 -19 -19 2 -19 0 -25 -5 16 0 -17 -12 -3 2 -28 -8 -11 -24
1 9 20 30 0 -12 -18 16 7 -2 4 -7 -23 11 -13 16 -5 -18 -11 -5
-10 5 -10 -3 -30 -1 -25 13 -13 -10 7 -3 -23 10 12 36 -14 -5 5
-6 2 12 0 8 9 1 15 18 -9 -14 -26 -22 19 2 6 3 5
17 -17 -15 1 -10 8 -2 0 1 6 -4 -3 -17 4 13 19 45
11 14 -9 10 -20 -11 -8 -11 20 5 1 13 10 -3 -3 1
4 -4 9 3 -9 4 -1 -7 -8 4 10 8 -2 5 -1
-13 5 3 -8 -13 12 22 -8 -6 18 -2 -4 -16 -25
-9 10 -1 -9 -6 9 -3 22 -19 11 35 7 1
3 -7 7 -10 -6 15 -24 -35 10 8 7 -2
-4 -15 16 -21 -4 -12 8 15 2 -8 -6
40 -38 -14 -6 8 -3 -11 -12 3 6
-19 -1 6 -13 -7 -14 -8 7 14
13 8 19 9 4 13 -4 7
14 7 -25 -1 -8 10 20
3 -7 -34 -9 2 1
2 3 17 -31 6
-6 -15 -2 -20
-16 -17 18
3 -8
20
