40
17 -33 -24 -32 3 6 4 0 -26 -26 -14 -9 12 8 1 -2 14 1 20 3 -18 -18 -5 -6 8 7 -17 -23 -6 13 10 11 6 -13 1 2 -7 -26 6
-36 -1 -7 -2 8 19 -4 -1 -17 -6 8 28 7 -18 -3 5 -26 28 -23 -22 -23 11 21 11 -13 -1 -22 -10 -16 6 6 -26 -10 2 15 18 -6 9
5 20 2 -9 1 -13 22 20 27 -7 -12 -26 41 -1 -24 -10 -23 -4 -9 -1 9 -13 -4 13 35 19 19 12 16 -43 -8 15 -17 -8 -2 18 -7
21 22 13 6 23 8 2 26 4 -10 -32 9 13 -12 -4 -17 -4 34 0 -24 8 -14 13 23 -9 11 39 -17 4 -1 -3 -31 -1 -14 17 12
-9 3 -15 -2 17 36 -9 20 18 -6 -4 6 15 -2 -18 -6 10 28 -12 5 1 2 5 -20 4 3 -7 9 2 3 11 -38 -9 -10 -10
-10 -12 13 7 -14 -8 -7 -20 9 -26 -25 11 -21 13 -11 26 28 -20 11 8 1 3 29 -12 28 -2 12 -9 -12 6 5 -6 4 0
20 9 -9 -4 12 -13 14 3 20 -7 -25 16 -4 21 -14 -30 -12 -5 -25 2 2 -6 -1 9 0 -16 11 13 3 -17 -10 -25 -3
9 10 -20 33 -12 24 6 22 -1 -12 13 -17 18 -12 -9 -4 5 -2 18 7 -20 11 -24 1 -6 -11 30 -29 -11 27 0 8
-20 -17 0 -14 12 -16 -13 -8 -17 -11 -12 -15 10 6 1 -16 -17 -5 -12 4 2 15 -14 14 -1 -15 -5 -10 19 10 -1
-3 -11 -26 -6 5 -4 -14 2 5 -34 16 -5 -8 -8 7 2 5 0 22 15 5 2 -27 -15 -11 -13 0 15 20 -37
-5 -6 17 -11 21 -10 -5 16 -13 -4 8 32 27 2 1 0 9 6 -10 4 3 8 15 28 1 6 -19 -9 7
-14 -19 -5 14 11 -5 -6 -22 -12 15 -11 1 21 -4 25 44 -16 8 26 0 -25 17 1 -39 3 -2 10 2
-18 2 22 -2 0 -38 4 -27 -3 11 13 4 25 -5 -12 7 -2 -10 4 21 1 9 30 9 -21 -4 13
-18 -9 -5 -10 -7 1 -6 -12 -4 3 17 -6 -2 -30 -25 -7 -9 16 15 -12 3 23 -19 11 -11 32
-21 -15 17 2 14 2 7 -13 -1 13 5 -3 -21 15 -12 -16 18 5 15 7 32 -16 -14 -5 -3
19 -26 16 -25 -3 -26 -13 0 -20 -5 6 5 10 10 20 -9 -22 2 52 -27 29 -16 -12 18
23 8 -16 3 10 4 -20 -10 -14 31 -8 -26 17 14 0 1 -25 13 -24 -21 36 -12 16
21 4 15 3 28 -16 20 6 33 3 1 31 8 -17 21 3 7 6 -16 4 -12 10
-8 43 -13 5 -16 -21 -3 -1 12 -25 14 2 -37 -6 7 22 -17 -3 12 -3 -16
-1 7 -14 -3 11 18 -40 -11 2 -31 -28 1 13 -12 2 32 21 -17 -45 20
-21 -2 1 -21 -20 1 -13 -7 32 -21 -6 -13 -1 10 -12 -5 9 4 -4
-5 -3 18 17 8 5 23 -19 26 -7 10 33 1 13 -11 -19 2 -5
0 -4 22 1 -6 -3 2 2 12 43 -16 -3 -1 -5 12 -18 10
4 34 4 -7 2 13 -18 33 -8 5 -24 12 10 -21 27 -8
10 26 17 4 0 4 -5 3 3 -16 29 -4 -25 -16 -2
13 -7 -15 -12 -12 18 19 16 -21 22 -2 -9 -9 -1
21 -11 8 12 14 10 1 3 -4 -36 10 8 2
-3 21 11 -13 -28 6 -18 -20 1 -3 13 -1
-15 24 6 -10 19 22 23 28 -11 16 0
-9 -15 -29 -8 -21 -23 -12 -7 22 9
3 -9 16 -8 -8 9 7 5 7
15 -2 -17 18 -4 4 14 15
-2 0 2 1 -5 -18 -1
-3 -4 -9 -34 26 -2
-2 8 1 -23 16
-25 -12 -24 25
-10 1 -4
7 -4
-23
