80
3 0 35 -1 8 0 14 -4 -7 -2 7 -4 -3 7 -12 7 -11 -5 5 5 -19 -5 -6 -24 9 9 -14 -21 20 -6 4 -1 20 8 8 -4 3 -6 5 -9 -4 -5 -7 9 18 -19 -3 9 0 5 5 -15 15 -8 -25 1 2 -3 -12 8 0 15 -14 -11 -10 5 -5 -5 4 -2 -2 -10 12 22 -3 10 18 3 17
-11 -6 -5 12 -4 -15 0 -3 -4 -12 18 6 -8 -8 16 8 17 7 3 -17 -10 21 -17 -1 -1 -2 3 -6 5 1 -9 0 -16 12 7 -5 -3 -15 0 -9 5 23 3 -4 4 -3 2 8 -19 7 16 5 -14 22 -12 7 -5 -3 6 6 -12 8 -8 5 7 -9 9 -10 12 6 -15 -20 1 -7 -1 11 -14 9
-8 0 13 0 -4 1 7 -8 -7 -3 7 11 0 4 7 10 1 -14 4 3 8 7 8 14 -10 4 -6 28 10 5 -14 -9 -6 -1 5 -15 9 1 3 -22 -19 3 8 -3 24 -3 9 24 -12 -9 -14 -12 -12 -11 -13 -13 0 4 3 -2 26 9 36 0 -1 1 -9 1 4 6 8 6 5 -3 -12 -18 -15
-6 17 1 17 -7 11 -18 7 -12 -7 16 -5 10 -5 2 -7 -13 -12 -21 -16 1 5 6 5 10 6 -6 -6 3 3 6 27 -1 5 3 12 5 -10 -19 -19 -4 17 -27 -24 12 9 15 17 -13 -11 -9 -4 16 2 -1 -30 -5 7 26 -9 7 -11 -4 -23 0 7 -13 5 -5 8 3 0 6 5 -4 -12
-1 -16 -8 6 -13 24 2 13 6 -25 0 29 2 -7 -9 -4 14 19 -8 7 -4 3 -15 13 0 -2 13 -10 -23 9 7 9 -5 -10 -10 20 16 -19 -5 -15 9 1 8 35 -13 -14 -12 2 -1 -7 -2 -10 2 -13 19 11 -13 0 10 8 -6 -1 -15 1 8 2 11 -5 6 -5 -38 -4 -7 1 6
14 -16 -11 12 -7 3 -20 -2 11 -11 -13 16 16 18 -2 21 12 -12 1 -6 -21 -1 16 -3 -8 -7 3 9 -6 -5 -9 -11 7 -4 -1 -12 -13 4 -2 -8 -5 -4 -15 -3 2 3 -4 -11 -14 -9 -16 9 -12 -5 -4 10 -8 -9 1 -14 16 -7 20 -4 14 9 -12 5 1 -9 0 -11 -10 -23
-7 2 6 -1 -5 1 -11 8 -10 -17 5 0 1 10 3 0 16 12 13 -15 -2 -2 14 -10 -16 -5 3 -2 -5 -6 16 13 -20 16 -18 -23 10 -11 -24 15 -13 -9 2 13 15 -11 -1 6 -15 8 9 16 -24 -6 -6 -12 -23 -8 2 6 14 0 -12 26 6 1 -19 6 -3 5 -4 24 2
6 -1 -23 7 -7 -11 -3 -10 13 -4 -7 -1 -15 2 -8 -22 -1 13 0 -1 3 -10 -7 -10 -14 20 23 -1 16 -4 -2 26 -8 13 15 -19 17 -6 -12 2 18 -1 20 4 5 6 -6 -6 -6 1 12 -10 -15 17 2 -11 7 8 5 21 -9 10 -4 -6 13 20 5 7 15 3 19 -1
7 -4 18 -16 -7 -3 5 -7 -8 10 2 5 8 -2 23 0 -7 -3 -7 17 -1 -1 0 -8 5 -11 -10 10 11 -1 11 12 3 9 -15 10 9 8 4 -6 2 4 7 -5 2 5 8 19 9 -8 8 -18 16 21 14 31 -4 2 0 -11 4 -7 2 -2 -1 18 -1 7 -1 -4 -3
12 11 -12 6 2 -4 3 -2 11 -7 -8 1 8 0 0 1 7 -13 12 9 10 15 18 15 0 1 5 2 7 11 -21 -11 -17 -3 -17 2 6 17 -23 4 28 4 0 -5 21 -3 -7 14 -4 -5 4 3 9 7 10 -4 -14 5 -5 -10 7 1 18 1 -10 8 -13 -6 -15 8
-6 12 10 -21 -6 -12 12 8 -16 11 0 14 1 -3 -3 2 -3 -15 4 -6 -3 -11 -19 -12 4 1 6 5 -19 7 12 -10 12 -13 -1 -9 17 9 -2 -6 -17 -4 -10 12 -4 3 12 -11 9 14 -10 13 2 1 -1 -11 -3 12 11 -4 -17 9 -1 -11 -27 -6 -14 18 1
-14 2 1 3 -16 3 -6 6 -6 -1 -13 3 1 -28 -21 -6 -3 5 15 1 -5 3 -10 11 6 2 6 22 -11 7 -8 2 11 -10 -4 -2 -3 3 -7 -9 7 9 -4 -8 4 -4 7 -13 -9 -5 18 -5 16 0 -1 -13 9 -4 -9 17 6 0 12 11 -18 -11 1 -23
8 -19 -11 18 9 -5 1 -12 -15 -7 12 -12 8 7 -16 13 9 5 0 -6 -4 -4 -14 -14 19 -14 -3 23 18 1 20 1 -2 7 8 1 -4 -18 19 14 3 15 20 -13 -3 -2 -2 7 -24 0 -11 -18 8 -21 14 -1 -2 16 -4 5 -1 -1 0 24 2 9 14
18 16 12 3 -4 -4 -1 19 9 -6 -13 11 -9 5 1 4 3 5 4 0 -8 3 -1 -12 -3 -14 -14 -7 -4 5 -12 1 13 -2 -7 16 -13 -5 -2 0 -25 10 6 -2 -18 -6 0 -23 -3 -7 6 -10 -6 -12 20 24 -9 5 1 8 21 -15 2 -16 -19 2
9 3 -11 -6 -10 -7 -3 4 37 -11 -1 -16 -1 -7 7 -4 2 -8 1 11 19 -11 1 -2 -1 -11 -18 8 -1 -14 0 -16 -6 -7 5 0 19 -1 12 -15 11 12 -5 14 -9 -14 7 4 -5 12 -11 1 -4 -5 1 18 8 -14 -2 1 -17 9 1 -38 -7
-10 11 1 -16 24 5 14 3 43 -8 -6 -10 5 -18 4 19 11 16 -22 22 4 -15 11 6 -5 -28 -26 -9 -6 8 12 -12 -7 8 -23 -4 -12 1 -16 4 -16 0 -8 2 -7 -5 -10 12 -9 6 11 -19 -25 13 -4 10 -3 5 4 -4 -11 1 -9 11
-4 -12 1 -3 -3 14 7 -15 18 6 -5 10 -3 -1 17 -21 -13 4 2 -13 2 -21 11 -6 -3 -2 -29 -14 24 -6 18 18 -11 1 -3 7 23 -2 4 -16 -2 1 -9 8 3 -9 9 4 3 -4 9 -6 -1 -6 6 0 4 2 -6 -12 6 -12 28
13 0 18 3 4 -13 7 12 8 0 9 -35 5 -12 -7 4 -14 10 -5 9 18 -15 19 -15 2 5 -3 0 4 10 4 9 -10 -17 17 10 -8 -8 -17 9 11 -7 -5 7 -6 -19 -15 18 10 18 29 38 6 0 -8 3 -22 -10 -11 -13 2 -12
-9 -4 -22 1 -13 3 -17 3 8 -2 -25 11 4 -8 13 -29 -6 -3 -6 -9 -4 24 -2 -15 9 11 1 3 10 7 13 -11 13 12 -4 -21 10 6 -2 13 5 -1 6 -8 -11 15 10 6 2 -1 -6 -7 -33 -18 1 -8 -22 1 19 -20 9
4 18 -13 -6 2 0 -3 6 2 -18 -6 -11 5 -13 -10 2 -10 12 14 6 -1 12 -5 -14 23 -1 -2 14 -4 -8 -17 6 7 -1 -3 -11 -14 0 -10 5 -3 5 6 -4 -7 -8 23 -8 1 -1 -19 -8 -6 -3 14 -3 -8 17 -7 -7
16 11 5 3 1 -2 11 -3 -17 -3 -7 2 -16 -12 14 -15 -11 11 -9 15 -12 -19 -6 9 11 5 -10 -9 10 -14 -13 -4 3 11 1 -9 -19 4 2 -5 23 -13 -4 2 -7 19 4 -11 1 -2 5 19 -6 6 -16 -20 8 12 28
1 -16 -1 -2 -37 7 20 -5 -5 -31 6 -4 -9 -21 -21 -4 -9 -5 1 -12 -4 1 0 -12 1 -7 -9 -10 26 -2 3 -4 1 2 -4 -3 -8 -9 -3 -8 -3 4 10 -1 26 -20 8 24 -9 -5 10 3 6 -9 -16 -2 1 -13
0 5 14 4 -3 -7 -9 -13 15 -1 2 4 -11 3 0 -5 7 -11 -6 -14 3 -20 5 15 10 -4 1 -22 4 -11 6 -8 -9 15 1 -8 14 -1 8 -13 -10 5 9 1 3 -5 -11 13 6 -16 6 -12 -15 1 -8 15 24
-14 -6 -7 -13 3 -1 -4 0 -23 -21 -9 21 -13 8 -1 3 2 -8 5 -4 6 1 2 6 -8 -11 -2 -4 19 -6 15 13 -4 -5 4 6 -14 5 8 9 -1 -2 -22 -10 -9 -1 14 16 14 -26 3 -1 -3 2 -13 9
1 -17 -3 10 -18 -12 11 0 14 6 4 5 -10 8 -5 -14 -5 -30 -2 8 0 -3 -6 -8 19 4 4 -8 -15 -1 -21 -13 14 -1 -20 -2 -1 -6 10 -2 0 6 -5 -3 2 -6 11 -7 -5 -14 2 -2 8 3 -8
18 -3 -8 2 -5 -18 13 -2 5 -11 -2 12 1 -2 0 -21 -2 4 -10 -5 7 12 -11 17 9 2 3 -12 10 -18 0 -8 22 -17 2 0 -5 -11 -10 18 6 3 5 10 -7 -31 0 5 11 3 19 1 0 -6
-7 -5 9 16 6 8 -9 11 18 9 12 10 1 -2 14 -3 -14 4 28 -4 10 -8 -6 -7 -7 -5 14 4 14 -18 -18 16 31 22 1 3 9 -4 25 -17 -14 -6 -6 -14 -5 3 9 -11 0 15 -6 6 13
18 -15 -25 -21 13 2 7 5 14 11 13 -6 9 -15 3 7 7 -19 -20 -7 -3 -9 1 -3 -5 -7 -5 13 5 -22 -8 -10 -19 23 1 -1 6 -2 12 -5 16 0 -23 -3 -2 4 -20 1 -10 -5 21 11
-15 0 6 -2 6 6 10 5 8 10 16 3 -6 -15 -4 -7 12 -11 0 -1 -15 11 -18 23 -6 7 27 -17 -7 -4 -12 -12 14 1 -8 0 -5 -1 -6 13 12 6 4 23 -10 -3 6 -5 -16 15 -3
8 -14 2 -4 20 -21 0 5 3 10 -14 7 10 14 -12 -4 -3 -4 -5 -8 3 16 -29 9 23 5 8 6 14 -5 17 -28 -1 14 20 -21 -19 -3 -10 -11 15 9 -1 0 19 8 -1 -3 -2 15
10 -1 -10 4 -23 -17 -8 -5 3 3 29 0 -1 5 17 1 16 3 15 4 9 10 7 -8 -1 -10 -11 17 -19 7 -20 10 18 -4 22 2 -4 7 3 5 -1 8 3 5 7 1 -8 -15 -4
1 -1 -3 8 2 -22 0 5 -12 3 -24 1 -14 15 8 9 3 0 0 3 -18 -2 -16 -6 -5 2 -10 10 -15 -2 -11 23 3 -10 -6 3 -7 -24 -8 27 -2 -3 -4 8 1 -17 -5 4
19 -9 -12 18 -6 12 -10 4 -17 -13 0 -7 4 -4 -9 -14 16 9 2 -9 2 13 3 8 5 -12 5 11 9 3 9 -12 -8 -1 -6 18 -16 -15 1 1 -9 9 2 -8 9 8 -12
20 0 4 4 4 -6 -13 -13 24 -5 4 -3 1 -18 0 1 20 19 -4 6 -19 7 0 8 -4 -22 6 -2 -2 -21 -8 -15 -2 17 11 3 19 -3 -12 3 -14 21 4 11 3 -1
-7 9 8 8 -19 -18 20 28 -1 7 7 -13 -11 16 6 11 18 -10 7 13 -18 4 -3 7 -8 5 -11 3 -2 -9 -2 2 16 15 -4 25 3 -2 -8 -19 15 21 -4 16 13
13 1 5 11 7 -25 -11 -28 -3 12 -11 -3 15 -22 -8 -14 8 -22 -14 24 -17 -4 -16 17 -4 10 -3 1 -11 0 -13 -18 -11 -4 -8 11 1 -6 -10 -5 -10 -5 -13 -7
7 0 2 -13 1 5 12 -6 0 5 5 5 -11 -6 -29 4 1 -1 8 22 2 0 10 -7 21 -7 -5 3 6 3 5 -2 -8 7 17 -6 12 0 22 -10 2 16 -17
0 0 -8 -13 19 -3 2 6 -12 -7 10 -8 -8 18 0 9 19 -9 12 -13 2 -2 4 11 15 -10 13 20 -11 3 4 -11 0 4 0 9 12 22 10 22 23 1
-8 0 -8 -9 -1 -10 -9 -24 -10 -3 16 -22 13 -4 -3 20 -7 5 13 4 -3 -1 2 13 -6 -21 -15 -8 -9 11 10 -6 28 -8 -14 -8 -10 3 -25 25 2
3 13 0 -28 -3 6 -14 34 -1 -23 -6 -11 -4 -15 9 12 -9 -12 7 4 -11 -9 6 11 13 2 -16 -11 -21 -1 -6 13 -4 -2 20 15 -17 -3 8 -11
1 -21 -1 -3 -9 5 17 13 -13 -3 9 8 -11 0 -3 6 -18 5 14 -12 -9 4 -6 -8 -2 -13 -4 -15 5 -8 -9 -13 -12 -7 -18 -1 -12 7 -1
18 -5 15 30 15 6 18 4 -17 2 1 -7 2 1 2 -2 -6 4 17 -18 15 -5 12 13 9 -2 -7 3 4 -2 6 -9 4 -10 -1 -9 13 -4
1 1 6 5 -6 9 4 -2 -3 9 9 4 17 16 15 2 7 5 -1 -8 -9 9 -3 -3 18 9 7 9 -5 -12 -3 2 24 15 8 -7 -7
-18 -29 10 -6 -8 3 -6 10 13 5 0 -2 13 -4 23 -5 1 -2 -16 -14 -10 -4 9 1 6 -1 2 -10 6 3 -9 -10 20 0 15 7
5 -10 6 7 15 -17 -3 -9 1 9 -18 -18 -11 -1 -4 -13 12 4 12 9 1 11 0 -4 4 -6 -3 17 -17 18 7 6 23 -7 -5
1 -1 15 20 -8 -15 4 4 6 12 -7 8 -5 -2 9 14 -3 -1 12 1 14 -19 -7 11 -15 -1 10 2 3 -11 -1 2 -8 12
-3 -16 4 -7 -3 -5 -18 -15 -1 3 -1 -17 0 10 -22 -15 -14 0 13 12 18 -20 -10 3 -9 3 -1 7 18 -15 -2 -2 5
-1 -10 -8 -20 14 7 6 -15 -17 4 15 2 -2 -23 -2 20 10 14 -15 8 1 -10 -2 -17 9 12 15 -5 -8 0 -16 -20
1 -13 -5 12 -6 -11 -7 17 -3 0 -5 6 9 0 13 12 9 -2 -6 -5 -6 -1 0 -3 -7 -3 -16 4 -16 1 -3
-13 7 -10 5 9 -16 18 21 3 -10 3 11 8 -3 19 1 12 -3 24 -11 -17 -1 -1 -10 -7 -7 10 -4 -7 -10
-7 2 -25 4 -8 6 2 -4 -18 1 0 11 7 1 -6 2 5 12 2 -1 -7 16 14 -20 24 -11 -9 1 -14
-19 7 -1 -11 20 -10 -4 -7 -9 -16 15 -1 -11 2 -6 -10 -8 -14 1 -9 -17 -5 -4 -4 30 16 -4 16
9 7 14 -6 -9 2 0 19 9 13 -3 -26 7 7 17 6 0 11 -2 3 -3 -7 10 8 9 -6 -8
9 -8 3 -3 27 5 1 7 5 2 -2 4 8 3 1 7 14 7 -9 6 11 -13 14 6 -8 27
-14 9 -4 18 13 12 -4 28 3 3 -18 -9 5 -5 -1 -6 14 22 -9 5 7 -2 1 8 3
-9 3 14 4 5 9 -11 5 16 -9 -7 -5 3 -2 6 -1 10 0 -10 -11 -5 -10 -11 0
-1 7 -10 -11 3 12 -9 17 -3 3 -17 3 -15 5 -2 -22 7 4 1 1 -10 3 -12
-21 -8 5 -14 -28 -11 -5 -9 3 11 6 -1 21 5 -6 -14 -6 -20 5 -4 -1 -9
-17 1 5 -19 -12 22 2 -2 -8 5 4 -2 -23 19 -3 -2 -12 -1 -10 5 0
6 10 -7 6 0 -4 -7 -1 -11 -9 -4 -1 -13 5 -20 1 4 4 -13 11
-5 6 9 -6 -5 14 16 4 -19 9 3 -9 -19 0 3 -7 1 13 6
-11 -4 7 -10 23 14 -1 -13 -9 6 14 -5 -12 5 -3 -1 10 11
9 1 -7 -14 -2 9 16 -16 10 -9 18 1 13 5 -4 -4 -13
14 13 -9 -2 -5 -27 -14 25 -9 5 19 11 13 -11 -23 -9
-18 -3 -2 -9 -10 -27 0 12 21 16 -13 -6 -10 -18 -9
0 -12 -15 -2 2 -21 6 0 -9 9 -3 1 1 -10
3 -7 4 13 -8 -9 -10 -7 -13 -14 13 -5 14
-2 -14 25 8 -1 16 1 33 8 17 9 10
3 5 -7 -5 0 -5 1 -5 -14 3 -36
-9 -8 2 3 -11 -27 -3 -8 -9 1
9 -14 -13 -3 4 -8 4 -7 8
-12 -14 5 18 -11 -13 14 -11
-5 5 -5 -19 -13 13 -3
9 6 15 11 -17 -3
-4 18 11 -5 -6
-12 14 9 -16
-8 4 5
-11 12
12
