60
0 -14 -19 -15 10 7 -1 -2 -14 8 4 7 6 -22 17 14 4 -1 -9 -1 -3 15 -10 -15 21 -12 -2 -12 1 10 1 -8 -9 -8 11 -7 -1 10 -32 -8 3 3 21 1 -7 10 0 8 12 17 -6 6 -4 -4 10 -4 18 11 -22
-2 -1 17 -6 -35 -5 5 8 -25 -1 16 11 9 2 -1 13 -3 -4 -19 1 12 1 -15 27 16 -11 -18 4 -3 5 -24 -10 6 -5 -1 5 6 1 -3 -12 -24 5 0 -11 1 13 3 -2 7 12 8 -7 13 -10 -2 15 18 3
-15 -26 -4 -9 -8 26 23 -14 -13 2 4 0 -20 -12 0 -2 4 -15 -8 3 14 10 -2 -13 6 3 -10 13 -18 8 -12 23 16 24 32 5 32 27 2 18 -7 17 -7 3 0 -3 -12 -3 -17 -8 -9 -4 6 -5 -18 17 2
-6 -2 -5 -26 11 9 -9 13 -4 5 2 8 -4 -8 -15 10 2 3 0 -6 2 -9 -4 -10 4 -27 -8 20 -4 17 10 -31 7 -20 11 9 -23 10 -12 -1 -9 6 -22 -15 12 -10 -7 14 -28 -8 -22 -20 -1 -8 4 0
-11 -13 24 6 -7 -8 -1 1 -5 13 -7 -11 20 17 -8 -5 -3 -1 -23 -14 8 28 6 -5 8 5 -1 -13 10 -5 -5 -5 7 -5 -5 -4 -12 -17 17 -12 -13 -3 11 17 3 0 1 12 6 1 21 -8 14 8 4
21 -7 -10 0 21 -9 -15 12 10 -11 5 19 -6 -36 16 -11 2 14 8 -20 -3 -2 2 14 17 9 -11 -7 2 -6 8 -35 22 9 -8 -8 6 -21 -3 -12 -7 3 2 12 -11 -14 6 34 15 -10 13 -7 14 1
13 -17 -11 27 0 -34 1 16 6 1 18 -27 -1 12 -5 21 -26 -6 -20 -25 18 7 13 -7 9 -1 -6 -17 -19 4 0 -5 -1 -4 12 21 -5 1 11 -30 -21 4 19 -4 -27 7 -3 22 -4 3 4 17 4
-8 -16 13 -14 -13 -6 -2 -7 3 14 11 2 5 -3 18 6 -6 17 8 25 12 5 -13 5 -4 5 4 4 -9 36 -28 -6 7 5 -3 10 -18 2 -16 4 12 14 7 4 1 -18 4 17 -19 13 -6 8
24 5 -11 10 7 -8 3 -19 23 2 7 -7 -3 -4 -16 1 -3 -4 -19 -8 -1 1 5 -10 -16 -1 12 4 7 -12 26 11 -1 -3 -10 -8 5 -6 1 6 -11 -2 21 -7 -11 1 -5 -6 9 1 19
-12 30 9 23 12 -29 -13 -5 6 -7 12 0 9 8 -11 2 -21 -19 4 10 -5 21 1 -7 15 1 30 4 11 26 -5 -5 -30 -14 10 6 -13 9 -3 -22 4 17 17 -14 -2 0 -10 7 3 7
1 -12 -1 4 -6 -24 2 8 2 10 8 2 3 -2 -6 -5 5 0 15 -20 13 4 0 -28 3 12 -5 -8 -1 16 -12 -1 -21 -6 8 -2 -2 6 -6 -21 9 12 26 13 -12 11 -8 6 -10
-9 -12 4 4 -2 -8 2 8 14 2 -7 -17 -11 -6 -12 -21 8 13 -3 23 -4 10 -20 -6 -9 8 12 -5 -2 5 -20 -9 6 18 -10 14 16 15 -11 6 9 1 -7 -4 0 -17 2 2
13 -5 1 -8 -8 15 4 -4 -2 14 7 -24 8 20 2 -6 -7 5 -12 -20 -14 14 30 -5 4 8 -22 -11 2 -11 4 -2 -11 9 11 -20 -21 1 33 -5 -1 -17 -3 2 7 8 10
7 14 3 28 -8 -3 -24 -17 14 -2 7 6 -6 -15 -10 14 -5 -3 16 10 5 2 7 -2 17 -1 -30 16 -1 0 1 7 -6 4 -7 -16 31 13 -12 -4 -2 -13 1 10 0 -7
-20 -8 12 7 10 6 -22 1 -4 -6 -12 -5 7 -8 8 -18 7 10 -9 13 -3 41 1 17 8 -8 -12 1 -1 -20 10 -11 3 6 -28 -8 7 -7 18 12 -13 -20 5 -1 -10
22 -5 -29 11 -29 -22 -13 -14 -17 15 18 -10 -12 -5 -2 -6 11 10 -21 19 -26 -3 -17 -22 -2 11 20 11 -11 -8 -3 -4 18 -5 18 -1 -8 -5 0 3 22 -4 -10 9
7 -10 5 11 -9 9 -11 2 8 -2 -15 12 12 2 1 3 -4 -10 2 -30 -19 14 -28 8 10 6 -1 1 -24 -9 2 -5 1 -5 -1 -2 6 2 -1 3 4 -4 5
-15 -27 -15 -22 16 -20 13 -22 21 -12 12 33 -23 9 -24 -14 -5 -28 -7 12 -8 -13 -2 6 -5 -5 -12 19 -5 1 -1 10 -20 -17 1 8 -11 -21 7 5 10 37
-7 4 -15 18 18 -2 8 -7 -7 -8 10 -1 2 -9 -4 23 21 22 11 -10 -10 4 8 -14 13 14 6 18 19 7 4 5 7 -3 17 -1 20 -25 1 -2 -18
-17 25 -13 1 14 42 -16 -7 -15 -14 1 5 23 -10 -16 22 13 13 -9 8 -5 -5 18 -9 17 1 -6 -6 -12 -29 12 14 -8 -6 -10 -7 -27 24 -6 -41
12 -5 6 6 -31 -8 -7 2 -2 12 26 -3 -10 31 -16 -14 -27 7 -12 12 16 -19 -15 -24 -4 -20 -20 -24 -15 -27 0 24 -11 -1 0 -20 4 -2 10
-23 -19 17 8 -17 -11 -16 -26 -20 5 22 35 -14 -23 -5 -18 -21 7 -8 -3 -17 2 18 -8 4 -27 -20 -14 6 1 7 -6 19 -6 1 -2 4 -10
-7 -20 14 12 1 -3 15 -2 -7 -16 -29 5 14 11 24 0 -9 -8 4 3 -2 -9 17 -10 26 -20 11 -3 -21 -6 16 14 -7 -18 -11 3 -4
32 1 20 8 20 4 23 7 -5 -28 23 27 24 9 2 12 -1 -7 5 3 -3 -7 6 -7 4 -16 15 20 0 3 -14 -2 -13 9 -9 -20
-9 -9 1 23 4 9 4 9 16 1 0 -4 -7 6 7 3 1 8 -4 10 4 13 -19 -5 -16 3 -24 -21 -10 -5 5 -4 12 0 -11
8 6 -18 -20 8 -20 -6 -4 -15 30 1 12 -9 -3 -24 -4 17 19 15 6 0 28 9 -10 17 3 11 -3 -9 22 2 21 0 -30
-9 14 -12 -14 -20 -22 -6 3 -4 -11 2 -15 -17 8 -1 7 0 -28 26 -12 19 -4 -4 -18 0 -4 21 -18 -10 23 -28 -5 25
1 -20 19 -20 -2 -1 -8 11 1 -21 -11 12 -3 11 24 26 -1 -18 9 4 13 17 8 -8 17 -15 -10 27 0 26 9 -3
23 9 16 -12 16 -4 -3 11 24 9 -2 10 5 20 -11 -1 6 -7 -10 -4 3 -24 12 -20 6 -16 -3 3 -20 8 22
8 20 -3 -28 -11 4 5 18 4 -5 22 7 -25 -19 11 -16 -20 -10 -10 10 -19 16 30 19 35 -2 -7 -4 28 0
4 3 -32 2 29 0 -9 22 19 14 -9 8 -1 14 -38 10 1 -3 17 12 0 12 -3 2 18 -29 -3 2 -33
-11 -12 4 -21 -5 -19 26 14 0 -13 -17 -5 2 -24 -16 -42 12 -10 -5 17 8 10 14 -23 -26 -2 17 6
29 -13 8 27 -7 -21 17 14 8 -6 5 6 -5 10 -14 -14 -9 19 3 5 7 14 -3 -25 -24 -15 -23
-2 -22 -11 -8 -6 5 -15 11 -10 12 17 5 9 2 18 9 3 -4 -20 -25 1 15 22 -16 -2 1
-7 19 5 34 19 -12 10 -17 -9 2 0 16 -6 -19 -9 -2 11 -14 -16 4 -5 -4 2 -12 5
4 16 5 0 7 -6 33 0 -9 -22 16 35 4 -8 20 -4 -14 6 -9 17 -3 5 -11 -8
9 -6 16 0 -9 1 2 2 10 2 8 -12 -22 0 13 -18 14 11 -10 -28 -9 -7 -23
-11 -5 -1 -2 -1 -5 7 16 13 5 -2 3 1 -8 -10 -4 -11 7 -14 1 -4 -5
14 -18 -11 3 -9 21 -24 13 -14 8 2 -4 3 -30 20 9 -25 3 0 -3 -18
2 -26 3 -3 13 -15 0 5 9 5 -1 9 12 -7 30 -12 0 -1 -3 -8
-12 -4 -15 0 -8 -21 8 1 2 -35 -3 11 2 8 6 -1 -34 17 6
3 17 13 8 1 -26 -11 7 7 14 0 -19 -13 2 -5 2 22 0
14 -4 12 -8 3 12 -8 19 -24 -21 23 -19 11 3 0 -12 -8
2 -18 4 -4 24 -8 8 -14 -2 -22 -5 6 -32 16 8 -16
-13 15 -12 -10 30 -7 0 1 10 6 12 1 1 8 -33
0 19 1 8 -5 -1 -13 5 -17 -8 12 -18 -24 11
7 -7 7 13 -13 -10 0 -8 7 -3 9 -28 -9
4 19 -25 -11 -10 -11 -15 19 30 -14 -20 11
1 16 -1 -3 -13 4 26 9 -6 14 -16
-2 3 -3 4 8 10 21 -11 5 7
15 3 -6 6 15 -20 32 -9 -21
2 -8 14 -6 -1 10 9 -6
4 6 16 -2 22 28 -2
10 -19 10 -29 -4 -7
1 -5 -12 16 -8
4 8 21 -8
-16 5 37
3 -10
-9
