CP-Lib instance: mcf/cha_87
Optimal value: 347
Clusters:
{ 1 2 14 15 29 30 38 40 43 44 45 59 60 62 63 95 106 112 126 138 140 }
{ 3 10 19 20 36 48 50 100 104 109 120 }
{ 4 5 9 24 33 39 49 57 58 65 66 81 101 103 107 132 }
{ 6 17 26 27 28 46 55 69 70 76 82 83 88 89 93 98 99 105 108 122 123 137 139 }
{ 7 11 18 37 42 56 67 79 80 97 111 113 }
{ 8 16 25 34 35 47 53 68 87 96 124 127 129 }
{ 12 13 54 61 64 73 77 78 90 102 110 116 121 131 }
{ 21 22 52 75 86 94 114 117 135 }
{ 23 31 32 41 51 74 115 118 133 134 136 }
{ 71 72 84 85 91 92 119 125 128 130 }
