70
0 0 0 0 0 0 7 0 -6 0 0 0 0 0 6 0 9 0 0 0 7 0 0 0 8 0 0 0 0 0 0 0 0 9 0 0 0 6 8 0 0 -6 0 0 0 0 0 7 -8 0 0 -9 -5 0 0 -9 -7 0 0 -8 0 0 0 0 0 0 0 0 0
0 0 0 0 0 0 0 -8 0 8 0 0 -5 0 0 0 0 0 0 0 0 0 0 0 5 -9 0 0 0 0 0 0 -5 -7 0 0 0 0 0 0 0 0 0 0 0 0 0 0 0 0 -8 0 0 0 6 0 0 0 0 0 0 -7 6 9 0 0 0 0
0 0 0 0 0 0 6 0 0 0 0 0 0 0 0 0 0 0 0 0 0 0 0 0 0 0 0 0 0 0 0 0 0 0 6 0 0 0 0 0 0 0 0 0 0 0 0 0 0 0 0 0 0 -8 0 0 0 0 0 0 0 0 0 -7 0 0 0
0 0 0 0 0 0 0 0 0 0 0 0 0 0 0 0 0 0 0 0 0 0 -8 0 0 0 9 0 0 0 -6 0 0 0 0 0 0 0 0 0 0 0 0 0 0 0 0 0 0 0 0 0 5 0 0 8 0 0 0 0 0 0 6 0 0 0
0 -8 0 0 0 0 6 0 0 0 0 5 0 0 0 0 -9 0 0 0 0 0 0 0 0 0 -7 0 0 0 0 0 0 0 0 0 0 0 0 0 0 0 -9 0 0 0 0 0 9 0 0 0 -5 -6 0 0 0 0 0 0 0 0 0 0 0
0 0 0 0 0 0 0 0 0 0 0 0 -7 0 0 0 0 -5 0 0 0 0 0 0 0 0 0 0 0 0 -9 0 0 0 -8 0 -5 0 0 0 0 8 0 0 0 0 0 0 0 -5 0 0 0 0 0 0 0 0 0 0 0 7 0 0
0 0 0 0 0 0 0 0 0 0 0 0 0 0 0 0 0 0 0 0 0 0 0 0 0 0 0 0 0 0 0 0 0 0 0 0 0 0 0 0 0 0 0 0 0 0 0 0 0 0 0 0 0 0 0 0 0 0 9 0 0 0 0
0 0 0 0 6 0 0 0 0 0 0 0 0 0 0 0 0 0 0 0 0 0 0 0 8 0 0 0 0 0 0 0 0 0 0 0 0 0 0 0 0 0 0 0 0 0 0 0 0 8 0 0 0 0 0 0 0 0 0 0 0 0
0 0 0 0 9 0 0 6 0 0 0 0 0 0 0 0 0 0 0 0 0 0 0 0 0 0 0 0 0 0 0 0 0 0 8 0 0 0 0 0 0 0 0 0 0 0 0 0 0 -7 0 0 0 0 5 0 0 0 -6 0 0
5 0 0 0 0 0 0 0 0 0 0 0 0 0 0 0 0 0 0 0 0 0 0 0 0 0 0 0 0 0 0 0 0 5 0 8 0 -5 0 0 0 0 0 0 0 -7 0 0 0 0 0 0 0 0 0 0 0 0 8 0
0 0 0 0 0 -5 9 0 0 0 0 0 0 -9 0 0 0 0 0 0 0 0 -7 0 0 0 0 0 0 0 0 0 0 0 -8 0 0 0 0 -9 0 6 -8 0 0 0 -7 0 0 0 0 0 0 0 0 0 0 0 0
0 0 0 0 9 0 0 0 9 0 5 0 0 0 0 -9 0 0 0 -8 0 0 0 0 -9 0 0 0 0 0 0 0 -6 0 0 0 0 0 0 -9 0 0 0 -8 0 0 0 0 0 0 0 0 0 6 0 0 0 0
0 0 0 7 0 0 0 0 0 0 0 0 0 0 -8 -6 0 0 0 0 0 0 0 0 0 8 0 0 0 0 0 0 -8 0 0 0 6 0 0 0 0 0 0 0 0 -8 0 0 0 0 0 0 0 0 0 0 0
0 0 0 0 7 0 0 0 0 0 0 0 0 0 0 -7 0 0 0 7 0 0 0 0 0 7 0 0 0 0 0 0 0 0 0 0 0 0 0 0 8 0 6 0 0 0 0 0 0 0 0 0 0 0 0 0
0 0 0 0 0 0 0 0 -5 0 -7 0 0 0 0 0 0 0 -9 0 0 0 0 0 0 0 0 0 0 0 0 -9 0 9 0 -7 5 0 0 0 0 0 0 0 0 0 0 0 0 0 0 0 0 0 0
0 0 0 0 0 0 0 0 0 0 0 0 0 0 0 0 0 0 0 0 0 0 0 0 0 0 0 0 0 0 0 0 0 0 0 0 0 0 0 -8 0 0 7 0 0 0 -8 0 0 0 0 0 0 0
0 -7 0 -6 0 0 0 0 0 0 0 0 0 0 0 0 0 0 0 0 0 0 0 0 0 0 0 -9 0 0 7 0 5 0 0 0 0 0 0 0 0 0 0 0 0 0 -6 0 0 0 0 0 0
0 -6 0 0 0 0 0 0 0 0 0 0 0 0 0 0 0 0 -7 0 0 0 0 0 0 0 0 -6 8 0 0 0 0 0 0 0 0 0 0 -6 0 0 0 0 0 0 0 0 0 0 0 9
0 0 0 0 0 -9 0 0 -8 0 0 0 0 0 0 0 0 0 0 0 0 0 -6 0 0 0 0 0 0 0 0 0 0 0 0 0 0 0 0 0 0 0 0 -9 0 0 0 -8 0 0 0
0 0 0 0 0 0 0 0 0 0 0 0 0 0 0 0 0 0 0 0 0 0 0 0 0 0 0 0 0 0 0 0 0 0 0 0 7 0 0 0 -6 0 0 0 0 -5 7 0 0 6
0 0 0 9 0 -9 0 0 0 0 0 0 0 0 8 -7 0 0 0 -6 0 0 0 0 0 0 0 0 6 0 0 0 0 0 0 0 0 0 0 0 0 0 0 0 0 9 0 0 0
0 0 0 0 0 0 0 0 0 0 0 0 0 0 0 0 8 0 0 0 0 0 0 0 0 0 0 9 0 7 0 0 0 0 0 0 0 -7 0 0 7 0 0 0 0 0 0 0
0 0 0 0 0 6 0 0 0 0 0 0 0 0 0 0 0 0 0 0 0 -8 0 7 0 6 -9 0 0 0 0 0 0 0 0 -9 0 0 0 0 0 -5 0 0 0 0 0
7 0 0 0 0 -7 0 0 0 0 0 0 0 7 0 -5 0 0 0 0 0 -8 9 0 0 0 0 0 0 -6 -6 5 0 0 0 0 0 0 0 0 0 0 0 0 0 0
-9 0 0 0 8 0 0 0 0 0 0 0 0 0 -9 0 0 0 0 0 0 0 0 0 0 0 0 0 0 0 0 7 0 0 0 0 0 0 0 0 0 -8 0 0 0
0 0 -5 0 0 9 0 0 0 0 0 -7 0 0 0 0 0 0 9 0 0 0 0 0 -6 0 0 8 0 0 0 0 0 0 0 0 0 -9 0 0 0 0 0 0
0 -9 0 7 0 0 -8 8 0 -7 0 0 0 0 0 0 0 0 9 0 0 0 0 8 0 0 0 0 0 0 0 -8 0 0 -9 5 0 0 0 0 0 0 0
0 0 0 0 0 0 0 0 0 0 0 0 0 0 0 0 0 0 0 0 0 0 0 0 0 0 0 6 0 0 0 0 -7 0 -9 0 0 0 0 0 0 0
0 0 0 0 0 -9 0 0 0 0 7 0 0 0 0 0 0 0 0 0 0 -5 7 0 0 0 0 0 0 0 0 0 0 0 0 0 0 0 0 0 0
0 0 -6 0 0 0 0 0 0 0 0 0 0 0 0 7 0 0 0 0 0 0 0 0 0 0 0 0 0 0 0 0 0 0 0 7 0 0 0 0
0 0 9 0 0 0 0 9 0 0 0 0 0 8 0 0 0 0 0 0 0 0 0 0 0 0 0 0 0 0 0 0 0 0 0 0 5 0 0
0 0 0 0 0 0 0 0 0 -8 0 0 0 0 0 0 0 0 0 -7 0 0 0 0 0 -7 0 0 0 0 0 0 0 0 0 0 0 0
0 0 0 0 0 0 0 0 0 0 0 -5 0 0 0 0 0 0 0 0 9 0 0 0 0 0 -7 0 0 0 0 0 0 0 0 -9 0
0 0 0 0 0 0 0 0 0 0 0 0 0 0 0 0 -8 0 0 0 0 0 0 -7 0 0 0 6 0 0 8 0 0 0 0 0
0 8 0 0 0 0 0 0 0 0 0 0 0 0 0 0 0 0 0 0 0 0 0 0 0 0 0 0 0 0 0 0 0 0 5
0 0 0 0 6 0 0 0 0 0 0 0 7 0 0 0 0 0 0 0 0 0 0 0 0 0 0 -9 0 0 0 0 0 -7
0 0 0 0 0 0 0 0 0 0 0 0 0 0 0 0 0 0 0 0 -6 0 0 6 0 0 0 -8 0 0 0 0 0
0 -5 0 0 0 0 0 0 0 0 0 0 0 0 0 0 0 0 0 0 0 0 0 0 0 0 0 0 0 0 0 0
0 0 0 0 0 0 0 0 0 0 0 0 0 0 0 0 0 0 -6 0 0 0 5 7 7 0 0 0 0 0 -6
0 0 0 0 0 0 0 0 0 0 0 0 0 0 0 0 0 9 0 0 -7 0 5 0 0 7 0 0 0 0
0 0 0 0 5 0 0 7 0 0 0 0 -8 0 0 0 0 0 0 0 0 0 0 0 0 0 0 0 0
0 0 0 0 0 0 0 0 0 0 0 -9 0 0 0 0 9 0 0 0 0 9 0 0 0 0 0 0
0 0 0 0 0 0 0 0 0 -6 0 0 0 0 -5 0 0 0 0 0 0 0 0 0 0 0 0
0 0 0 0 0 0 0 0 0 0 0 0 0 0 0 0 0 0 0 0 0 0 0 0 0 0
0 0 8 0 0 -7 0 0 0 0 0 0 0 0 0 0 0 0 0 0 0 0 0 0 0
0 0 0 7 -9 0 0 0 -9 6 -9 0 0 0 0 9 0 0 8 0 0 0 0 0
0 0 0 0 0 0 -8 0 0 0 0 0 0 0 0 0 0 0 0 0 0 0 0
0 5 0 0 -8 0 0 -5 -8 -5 0 0 -7 0 0 0 0 0 7 0 0 0
0 0 0 -9 7 0 0 0 0 0 0 0 0 0 0 0 0 0 0 0 0
0 0 0 0 0 5 0 0 0 0 0 0 0 0 0 0 0 0 0 0
0 0 -8 0 -8 0 0 0 0 7 0 0 0 0 0 0 6 0 0
0 0 0 0 0 -7 0 0 0 0 0 0 0 0 0 -8 0 0
0 0 0 -5 0 0 0 0 0 0 0 0 -7 0 6 0 0
0 0 9 0 5 0 0 0 0 0 0 0 0 0 0 0
0 0 0 0 0 0 0 0 0 -5 0 0 0 0 0
0 0 0 0 0 0 0 0 0 -8 0 0 0 0
9 0 0 0 0 0 0 -9 0 0 0 0 0
0 0 0 0 0 0 0 9 0 0 0 0
0 0 0 0 0 0 0 0 0 0 0
0 0 0 -7 0 0 0 0 0 0
0 0 0 0 0 0 0 0 0
0 6 0 0 0 0 -7 0
0 6 0 0 -6 0 0
0 0 0 0 0 -6
7 0 0 0 0
0 0 0 0
0 0 0
0 0
0
