50
6 0 -9 0 0 0 0 0 0 0 0 0 0 9 0 0 0 0 0 0 0 0 0 8 0 -7 0 0 0 0 0 7 0 9 0 0 0 8 0 0 0 8 0 0 5 0 0 -5 9
0 0 -3 0 8 0 0 -7 0 0 0 0 0 8 -8 0 0 -9 -6 0 0 -9 -8 0 0 -9 0 0 0 0 0 0 0 0 3 0 0 0 0 0 0 -9 0 9 -6 -7 0 0
0 0 0 0 0 0 0 0 0 6 -9 0 0 0 0 0 0 -6 -8 0 0 0 0 0 0 0 0 0 0 0 -5 3 0 -9 0 0 0 7 0 0 0 0 0 0 -8 7 9
0 0 0 0 0 0 0 0 0 0 7 5 0 -4 0 0 0 0 -6 0 0 0 0 0 0 -3 0 0 0 0 0 0 0 0 7 0 0 0 0 0 0 -4 0 0 6 0
0 0 0 0 0 -9 0 0 0 0 0 0 0 0 -6 0 0 0 0 -4 0 0 0 0 0 0 0 0 -6 0 0 0 0 0 0 0 0 4 -8 0 0 0 9 0 0
0 -7 0 0 0 -6 4 0 0 4 0 0 0 0 0 0 0 0 0 0 6 0 0 8 0 0 0 0 0 -6 0 0 0 0 -6 -6 0 0 0 7 0 0 0 -4
0 -3 0 0 -9 0 0 0 0 0 0 -3 0 -8 0 0 0 0 0 0 0 0 0 0 0 0 0 0 0 -9 0 0 -5 0 9 0 0 0 -6 -7 0 0 0
6 0 0 0 0 -5 0 0 0 0 0 0 0 4 0 0 -4 0 -5 0 0 -6 0 0 0 0 0 0 6 0 0 0 0 -9 0 0 0 -8 -5 0 0 0
0 0 8 0 0 0 0 0 0 0 -6 0 0 0 0 0 0 0 0 0 0 0 8 0 6 0 4 0 0 0 0 -4 0 0 0 0 0 0 0 4 0
0 0 0 0 3 0 0 0 0 0 0 0 0 0 0 4 0 0 0 0 3 0 0 0 0 0 0 0 0 0 0 0 0 0 0 9 0 0 0 0
0 0 0 0 7 0 0 0 0 0 0 0 0 5 4 -6 0 0 0 0 0 8 0 0 0 0 0 0 0 0 0 6 0 0 0 0 0 0 0
0 0 0 0 4 8 0 3 0 0 0 0 0 0 0 0 0 0 -3 0 9 5 7 0 0 -3 0 0 0 0 0 0 0 0 -5 0 0 0
0 0 0 0 0 0 0 0 0 9 0 0 0 4 0 0 -4 3 0 0 -5 0 0 0 0 0 7 0 0 0 -7 0 -4 0 4 0 0
0 0 6 0 0 0 0 0 0 0 0 0 0 0 0 0 0 0 0 0 -6 0 0 0 0 -4 0 -4 0 0 -7 0 0 0 0 6
0 -8 0 0 0 0 0 0 0 0 0 0 0 0 8 0 0 0 0 0 0 -7 9 0 0 0 0 0 0 -9 0 0 4 0 0
0 0 -8 0 0 0 0 0 0 0 0 -4 0 -8 -5 0 0 -9 0 7 -8 0 0 0 -8 0 0 0 -5 -3 0 0 0 0
0 0 0 0 0 9 0 0 0 9 0 6 0 0 -4 -9 0 4 -9 5 0 0 -9 0 0 0 0 6 0 -7 0 0 0
0 0 0 -9 0 0 0 -9 0 0 0 0 5 0 0 0 7 0 0 0 0 0 0 0 8 0 0 0 0 0 0 0
0 0 0 -8 -7 0 0 0 0 5 0 0 0 8 0 0 0 0 0 0 -9 0 -6 7 4 0 0 0 0 0 0
-9 0 0 0 -6 6 0 4 0 0 0 0 0 8 0 0 0 0 0 0 -6 0 0 -8 0 0 -4 0 0 0
-5 0 8 0 0 0 5 0 0 6 0 0 0 0 0 9 -4 0 0 0 0 0 0 0 0 0 0 -6 0
0 0 0 0 -5 0 0 0 -7 0 -8 0 0 6 0 0 0 -9 0 0 0 0 0 0 0 0 0 0
0 0 -9 0 9 0 -8 6 3 0 0 0 5 0 0 0 0 0 0 0 0 0 0 0 0 0 0
0 0 6 0 0 0 0 0 6 0 0 0 0 0 0 0 0 0 0 0 0 0 0 0 0 0
0 0 0 0 -4 0 0 -8 0 0 8 0 0 0 -8 0 0 0 0 0 0 0 0 -8 0
-7 0 0 0 0 0 0 0 0 0 0 0 0 0 0 0 0 0 0 0 0 0 0 0
-9 0 0 8 0 6 0 5 0 0 0 0 0 0 0 0 0 0 -7 0 0 0 0
5 0 -7 0 0 0 0 0 0 0 -4 0 0 0 0 0 0 0 -8 0 0 0
0 0 0 0 -3 0 9 0 0 0 0 0 0 0 0 0 0 -7 4 0 0
0 0 0 0 0 0 0 9 0 0 0 6 -9 0 0 -9 0 0 0 0
-6 0 0 0 0 0 0 0 -7 4 0 0 0 0 0 0 0 4 -5
0 5 0 0 0 0 -9 0 0 0 -9 0 0 0 0 5 0 0
0 -6 0 0 -6 0 0 0 0 0 0 5 0 0 0 0 0
0 0 0 0 0 0 0 0 0 0 -6 0 0 0 0 -7
6 0 -3 0 8 0 0 7 0 0 0 9 0 -9 0
0 0 0 0 0 0 0 8 -8 0 0 0 -7 0
0 0 0 0 0 0 0 7 0 5 0 0 0
0 0 0 0 0 0 0 0 0 0 9 0
6 0 0 -5 0 0 0 0 0 0 0
0 -5 3 8 0 0 0 0 0 0
0 0 0 0 9 0 8 0 0
0 0 0 0 0 -8 3 8
0 0 0 0 0 0 0
0 0 0 0 -5 0
0 0 5 0 6
0 0 0 0
0 -3 0
-9 0
8
